0000000000000000000000000000000000000000
0000000011000000000000000000000000000000
0000000011100000000000000000000000000000
0000000001100000010000000000000000000000
0000000011000000111011000000000000000000
0000000000000001011110100000000000000000
0000000000000011100100100000000000000000
0011000000000001100011000000000000000000
0011000011000000000011000000000000000000
0000000011000000000000000000000000000000
0000000000000000000000000000000000000000
0000110000000000000000000000000000000000
0000110000000000000000110000000000000000
0000000000000000000000101000000011000000
0000000011000000000000010000000100100000
0000000011000000000000000000000011000000
0000000000000000000000000000000000000000
0000000000000000011000000000000000000000
0000000000000000011000000000000000000000
0000000000000000000000000000000000000000
