0000000000000000000000000000000000000000
0000000000000000000000000000000000000000
0000000110000000000000000000000000000000
0000011000100000000000000000000000000000
0000000000110000000000000000000000000000
0000010000110011000001100000000000000000
0000001010100100100001100000000000000000
0000000001000010100000000000000000000000
0000000000000001000000000011000000000000
0000110000000000000000000000000000000000
0000100100011000000000000000000000000000
0000100000100000000000000000000000000000
0000010110001010101110000000000000000000
0000001001100000101000100000000011000000
0000000000011100000000100000000100100000
0000001000001100000010100000000011000000
0000110000000000000000000000000000000000
0000010100000000011000000000000000000000
0000001000000000011000000000000000000000
0000000000000000000000000000000000000000
