0000001100000000000000000000000000000000
0000011000000000000000000000000000000000
0000000001100000000000000000000000000000
0000000001000000000000000000000000000000
0000000001000000000000000000000000000000
0000000010000000010001100000000000000000
0000000010100001101101100000000000000000
0011000111000000010000000000000000000000
0011000111000000000000000000000000000000
0000000000000000000000000000000000000000
0000000000000000000000000000000000000000
0000110000000000000000000000000000000000
0000110000000000000000110000000000000000
0000000000000110000000101000000011000000
0000000011000001000000010000000100100000
0000000011000110000000000000000011000000
0000000000000000000000000000000000000000
0000000000000000011000000000000000000000
0000000000000000011000000000000000000000
0000000000000000000000000000000000000000
