0000000000000000000000000000000000000000
0000000000000000000000000000000000000000
0000000000000000000000000000000000000000
0000000000000000000000000000000000000000
0000000111000000000000000000000000000000
0000001000100011000001100000000000000000
0000011000000100100001100000000000000000
0000011000000010100000000101000000000000
0001100000100001000000001001000000000000
0000000111000000000000001000000000000000
0000000000000000000000000101000000000000
0000000111000010000000000000000000000000
0001100000100100001000000000000000000000
0000011000011000000100000000000011000000
0000011000011000100100000000000100100000
0000001000101000101100000000000011000000
0000000111000101000000000000000000000000
0000000000000000000000000000000000000000
0000000000000000000000000000000000000000
0000000000000000000000000000000000000000
