0000000000000000000000000000000000000000
0000000000000000000000000000000000000000
0000000000000000000000000000000000000000
0000000000000000000000000000000000000000
0000000010000000000000000000000000000000
0000000111000011000001100000000000000000
0000001111100100100001100010000000000000
0000101011100010100000000100000000000000
0001000011000001000000000111000000000000
0001000110000000000000000111000000000000
0000000000000000000000000110000000000000
0001000110000001100000000000000000000000
0001000011000011111000000000000000000000
0000101011100111011000000000000011000000
0000001111101110100100000000000011000000
0000000111000111001100000000000011000000
0000000010000011000000000000000000000000
0000000000000000000000000000000000000000
0000000000000000000000000000000000000000
0000000000000000000000000000000000000000
