000000000000000000000000000000000000000000000000000000000000000000000000000000000000000000000000000000000000000000000000000000000000000000010000000000
000000000000000000000000000000000000000000000110000000000000000000000000000000000000000000000000000000000000000000000000000000000000011100000000000000
000000000000000000000000000000000000000000000110000000000000000000000000000000000000000000000000011100000000000000000000000000000000000000000000000000
000000000000000000000000000000000000000000000000000000000000000000000000000000000000000000000000000000000000000000000011000000000000000000000000000000
000000000000000000000000000000000000000000000000000000000000000000000000000000000000000000000000000000000000000000000100100000111000000000000000000000
000000000000000000000000000000000000000000000000000000000000000000000000000000000000000000000000000000000000000000000010100000000000000000000000000000
000000000110000000000000000000000000000000000000000000000000000001100000000000000000000000000000000000000000000000000001000000000000000000000000000000
000000001001000000000000000000110000000000000000000000000000000001100000000000000000000000000000000000000000000000000000000000000000000000000000000000
000000001001000000000000000000110000000000000000000000000000000000000000000000000000000000000000000000000000000000000000000000000000000000000000000000
000000000110000000000000000000000000110000000000000000000000000000000000000000000000000000000000000000000000000000000000000000000000000000000000000000
000000000000000000000000000000000000110000000000011000000000000000000000000000000000000000000000000000000000000000000000000000000000000000000000000000
000000000000000000000000000000000000000000000000011000000000000000000000000000000000000000000000000000000000000000000000000000000000000000000000000000
000000000000000000000000000000000000000000000000000000000000000000000000000000000000000000000000000000000000000000000000000001110000000000000000000000
000000000000000000000000000000000000000000000000000000000000000000000000000000000000000000000001000000000000000000000000000000000000000000000000000000
000000000000000000000000000000000000000100000000000000000000000000000000000000000000000000000010100000000000000001100000000000000000000000000000000000
000000000000000000000000000000000000001010000000000000000000000000000000000000000000000000000010100000000000000001100000000000000000000000000000000000
000000000000000000000000000000000000001010000000000000000000000000000000000000000000000000000001000000000000000000000000000000000000000000000000000000
000000000000000000000000000000000000000100000000000000000000000000000000000000000000000000000000000000000000000000000000000000000000000000000000000000
000000000000000000000000000000000000000000000000000000000000000000000000000000000000000000110000000000000000000000000000000000000000000000000000000000
000000000000000000000000000000000011000000011000000000000000000000001000000000000000000001001000000000000110000000000000000000000000000000000000000000
000000000000000000000000000000000100100000100100000000000000000000010100000000000000000000110000000000000101000000000000000000000000000000000000000000
000000000000000011000000000000000011000000011000000000000000000000001000000000000000000000000000000000000011000000000000001110000000000000000000000000
000000000000000011000000000000000000000000000000000000000000000000000000000000000000000000000001000000000000110000000000000000000011000000000000000000
000000000000000000000000000000000000000100000000000000000000000000000000000001000000000000000010100001100000101000000000001001000011000000000000000000
000000000000000000000000000000000000001010000000000000000000000000000000000010100000000000000010100001010000010000000000000111000000000000000000000000
000000000000000000000000000000000000001010000000000000000000000000000000000010010000000000000001000000110000000000000000000000000000000000000000000000
000000000000000000000000000000000000000100000000000000000000000000000000000001100000000000000000000000001100000000000001101100000000000011100000000000
000000000000000000000000000000000000000000000000000000000000000000000000000000000000000000000000000000001010000000000010101100110000000000000000000000
000000000000000000000000000000000000000000000000000000000000000011000000000000000000000000000000000000000110000000000010001100110000001000001000000000
000010000000000000000000000000000000000000000000000000000000000011000000000000000000000000000000000010000000000000000111000000000000001000001000000000
000101000000000000000000000000000000000000000000000000000000000000000000000000000000000000000000001001100000000000000111001100000000001000001000000000
000100100000000000000000000000000010000000000000000000000000000000000000000000000000000000000000001000110000000000000000011100101000000000000000000000
000011000000000000000000000000000010000000000000001110000000000000000000000000000000000000000000010000010000000000000000011000101000000011100000000000
000000000000000000000000000000000010000000000000000000000000000000000000000000000000000000000000011111100000000000000000000000010000000000000000000000
000000000000000000000000000000000000000000000000000000011000000000000000000000000000000000000110001111000000000000000000000000000000000000000000000010
100000000000000000000000000000000000000000000000000000100100000000000000000000000000000000011111000000000000000000000000000000000000000000000000000101
100000000000000000000000000000000000011000000000000000011000000000000000000000000000000000010011100000000000000000000000000000000000000000000000000001
110000000000000000000000000000000000011000000000000000000000000000000000000000000000000000100101110000000000000000111000000000000000000000000000001000
100000000000000000000000000000000000000000000000000000000000000000000000000000000000000000011000000000000000000000000000000000000000000000000000011100
000000000110000000000000000000000000000000000000000000000000000000000000000000011100000000000000000000010000000000000000000000000000000000000000000010
100000001001000000000000000000000000000000000000000000000000000000000000000000001110000000000000000001110000000000000001011000000000000000000000000001
110000000110000000000000000000000000000000000000000000000000000000000000000000000000000000000000000000110000000000000011111000000000000000000000010010
001000000000000000000000000000000000000000000000000110000000000000000000000000000000000000000000000000111000000000000010000010000000000000000000010100
011000000000000000000000000000000000000000000000001001000000000000000000000000000000000010000000000000001000000000000000110010000000000000000000000000
011000000000000000000000000000000000000000000000001010000000000000000000000000000000000101000000000000000000000000000010010001100000000000000000000000
000000000000000000000000000000000000000000000000000100000000000000000000000000000000000011000000000000000000001110000001010110110000001000000101110000
000000000000000000000000000000000000000000000000000000000000000000000000000000000000000000000000000000000000001010001101100010001000011100001001011000
000000000000000000000000000000000000000001100000000000000000000000000000000000000000000000000000000000000000000110000011111110000000100110000100010000
000000000000000000000000000000000000000001100000000000000000000000000000000011100000000000000000000000000000000000000000011110100000010110000011110000
000000000000000000000000000000000000100000000000000000000000000000000000000000000000000000000000000000000000000000000110001001000000011110000000000000
000000000000000000000000000000000000100000000000000000000000000000000000000000000000000000000000000000000000000000010001001001000000000011100000000000
000000000000110000000000000000000000100000000000000000000000000000000000000000000000000000000110000000000001100000100001000110000001000010010000000000
000000000000110000000000000000000000000000000000000000000000000001100000000000000000000000000110000000000001100000100010000000000000001010110000000000
000000000100000000000000000000000000000000000000000000000000000001100110000000000000000000000000000000000000000000010000000000000001100001000000000000
000000000100000000000000000000000000000000000000000000000000011000000110000000000000000000000000000000000000000000000000000000000000011111000110000000
000000000100000000000000000000000000000000000000000000000000011000000000000000000000000000000000000000000000000000000000000000000000000111000110000000
000000000000000000000000000011000000000000000000000000000000000000000000000000000000000000000000000000000000000010000000000000000000000000011001000000
000000000000000000000000000100100000000000000000000000000000000000000000000001100000000000000000000000000000000011000000000000000000000001100011000000
000000000000000110000000000011000000000000000000000000000000000000000000000010010000000000000000000000000000001011100000000000000000000010100011100000
000000000000000110000000000000000000000000000000000000000000000000000000000001010000000000000000000000000000011000110000011000000000000001000001100000
000000000000000000000000000000000000000000000000000000000000000000000000000000100000000000000000000000000001011000010000101000000000000000000110000000
000000000000000000000000000000000000000000000000000000000000000000000000000000000000000000000100000000000010000110100000101000000000000000000100000000
000000000000000000000000000000000000000000000000000000000000000000000000000000000000000000001011000000000100110001000001001000000000000010010000000000
000000000000000000000000000000000000000000000000000000000000000000000000000000000000010000011010000000000011000000000001000000000000000110111000100000
000000000000000000000000000000000000000000000000000000000000000000000000000000000000010001111110000000000011000001000001000000000000001110110111010000
000000000000000000000000001000000000000000000000000000000000000000000000000000000000010000001100000000000000110000000000110100000000000100000100001000
000000000000000000000000010100000000000000000000000000000000000000000000000000000000000011111000111000000001000010000000001000000000000010000000001100
000000000000000000000000100100000000000000000000000000000000000000000000000000000000000110000001111110000000100100000000000000000000000010001000001100
000000000000000000000000101000000000000000000000000000000000100000000000000000000000000111000001100111000000010000000000000000000000000000010000101000
000000001100001100000001101000000000000000000000000000000001010000000000000000000000000010000010110000000000000000000000000001100000000111110110001000
000000010011010010000001101000000000000000000000000000000001100000000000000000000000000001000110010010000000000000000000000001100000000010000011111000
000010001001001100000001101100000000000000000000000000000000000000000000000000000000000000000110110010000000000000000000000000000000000000000000110101
000010000111000000000011000000000000000000000000000000000000000000011000000000000000000000000001100110000000000000000000000000000000000000000000000001
000010000000000000000010110000000000110000000000000000000000000000011000000000000000000000000001100100000000000000000000000000000000000010000000000000
000000000000000000000111000001100000110000000000000000000000000000000000000000000000000000000000111000000000000000000000000000000000000101000000011000
000000000000000000000000010001100000000000000000000000000000000000000000000000000000000000000000100000000000000000000000000000000000000100100011111100
000000000000000000011111100000000000000000000000000000000000000000000000000000000000000000000000100000000000000000000000000000000000000011100000001000
000000000000000000010111000000000000000000000000000000000000000000000000000000000000000000000001110000000000000000011000000000000000000000000011000000
000000000000000000011000100000000000000000000000000000000000000000000000000000000000000000000011011000000011100000011000000000000000000000000000000000
000000000000000000000001100000111000000000000000000000000000000000000000000000000000000000000001110000010011100000000000000000000000000000000000000000
000000000000000000000001100001000100000000000000000000000000000000000000000000000000000000000000100000000010000000000000000000000000000000000000000000
000000000000000000001101100010000010000000000000000000000000001000000000000000000000000000000000000000000000000111000000000000000000000000000000000000
000000000000000000001000000010000100000000000000000000000000001000000000000000001110000000000000000000000000001100100000000000000000000000000000000000
000000000000000000001110000011001100000000000011100000110000001000000000000000000000000000000000000000000000110010100000000000000000000000000000000000
000000000000000000000000000101010100000000000000000001001000000000000000000000000000000000000000000100000000011001000000000110000000000000000000000000
000000000000000000000000001110000101000000000000000000110000000011100000000000000000000000000000001000001100000100000000000101000000000000000000000000
000000000000000000000000000100000011000000000000000000000000000000000000000000000000000000000000011000001110001000000000000010000000000011000000000000
001100000000000000000100000110000000000010000000000000000000001000000000000000000000000000000000001111010000100000000000000000000000000011000000000000
001010000000000000000100000111111000000011000000000000000000001000000000000000000000000000000000000111001000000010000000000000000000000000000000000000
000101000000000000000100000010010000000000100000000000000000001000000000000000000000000000000000000001000100000010000000000000000000000000000000000000
000010000000000000000000000001101011001011000000000000000000000000000000000000000000000000000000000000000010000001000000000000000000000000000001100000
000000000000000000000000000000011101001111000000000000000000000000000000000000000000000000000000000000000000111110000000000000000000000000000010010000
000000000000000000000000000000010011000000100000000000000000000000000000000000000000000000000110000000000000000000000000000000000000000000000010100000
000000000000000000000000000000001110000001010000000000000000000000000000000000000000000000000110000000000000000000000000000000000000000000000001000000
000000000111000000000000000000000100000001010000000000000000000000000000000000000000000000000000000000000000000000000000000000000000000000000000000000
000000000000000000000000000000000001110000100000000000000000000000000000000000000000000000000000000000011101011100000000000000000000000000000000000010
000000000000000000000000000000000000000000000000000000000000100000000000000000000000000000000000000000011011101100000000000000000000000000000000000101
000000000000000000000000000000000100000100000000000000000001010000000000000000000000000000000000000000000001000000000000000000000000000000000000000101
000000000000000000000000000000000100000100000000000000000001010000000000000000000000000000000000000000001100011000000000000000000000000000000000000010
000000000000000000000000000000000100000100000000000000000000100000000000000000000000000000000000001000000000000000000000000000000000000000000000000000
001100000010000000000000000000000000000000000000000000000000000000000000000000000000000000000000001100000000000000000000000000000000000000000001100000
010010000101000000000000000000000001110000000000000000000000000000000000000000000000000000000000110010000000000000000000000000000000000001000010010000
001100000100100000000110000000000000000000000000000000000000000000000000000000000000000000000001000001000000000000000000000000000000000010100001100000
000000000011000000000110000110000000000000000000000000000000000000000000000000000000000000000010000000000000000000000000000000000000000001100000000000
000000000000000000000000000110000000000000000000000000000000000000000000110000000000000000000001000010111000000000000000000000000000000000000000000010
000000000000000000000000000000000000000000000000000000000000000000000001010000000000000000000000000100111000000000000000000000000000001100000000000101
000000000000000000000000000000000000000000000000000000000000000000000001100000000000000000000000100000000100000000000000000000000000010100000000000101
000000000000000000000000000000000000000000000000000000000000000000000000000000000000000000000000011000010000000000000000000000000000001000000000000010
000000000000000000000000000000000000000000000000000000000000000000001000000000000000000000000000101000110001000000000000000000000000000000000000000000
000000000100000000000000000000000000000000000000000000000000001110110100000000000000000000000000000000000101000000000000000000000000000000000000000000
000000001010000000000000000000000000000000000000000000000000000001000000000000000000000000000111100000000000000000000000000000000000000000000000000000
000000001010000000000000000000000000000000000000000000000000000001000100000000000000000000001010000000000000000000000000000000000000000010000000000000
000000000100000000000000001100000000000000000011000000000000010001011000000000000000000000001010000000000000000000000000000000000000000010000000000000
000000000000000000000000001100000000000000000111000000000000010011000000000000000000000000000100011000000000000000000000000000000000000010000000000000
000000000000000000000000000000000000000000000000000000000000000110000000000000000000000000000011001000000000000000000000000000000000000000000000000000
000000000000000000000000000000000001000000000000000000110000000000000000000000000000000000000001110000000000000000000000000000000000000000000000000000
000000000000000000000000000000000001000000000000000000110000000000000000000000000000000000000000100000000000000000000000000000000000000000000000001100
000000000011100000000000000000000001000000000000000000000000000000000000000000000000000000000000000000000000000000000000000000000000000000000000001100
000000000000000000000000000000000000000000000000000000000000000000000000000000000000000000000000000000000000000000000000000000000000000000000000000000
000000000000000000000000000000011000011100000000000000000000000000000000000000000000000110000000000000000000000000000000000000000000000000000000000000
000000000000000110000000000000011000000000000000000000000000000000000000000000000000001001000000000000000000000000000000000000000000000000000000000000
000000000000001001000000000000000001000000000000000000000000000000000000000000000000000110000000000000000000000000000000000000000000000110000000000000
000000000000000110000000000000000001000000110000000000000000000000000000000000000000000000010000000000000000000000000000000000000000000110000000000000
000000000000000000000001100110000001000000110000000000000000000000000000000000000000000000101000000000000000000000000000000000000000000000000000000000
000000000000000000000001100110011000000000000000000000000000000000000000000000000000000001010000000000000000000000000000000000000000000000000000000000
000000000011000000000000000000011000001100000000000000000000000000000000000000000000000001100000000000000000010000000000000000000000000000000000000000
000000000101000000000000000000000000010010000000000000000000000000000000000000000000000000000000000000000000101000000000000000000000000000000000000000
000110000010000000000000000000000000001100000000000000000000000000000001100000000000000000000000000000000001001000000000000000000000000000001100000000
000110000000000000000000000000000000000000000000000000000000000000000010010000000000000000000000011000000000110000000000011000000000000000010010000000
000000000000000000000000000000000000000000000000000000000000000000000001100000000000000000000000100100000000000000000000011000000000000000010100000000
000000000000000000000000000000000000000000000000000000000000000000000000000000000000000000000000011000000000000000000000000000000000000000001000000000
000000000000000000000000000000000000000000000000000000000000000000000000000000000000000000000000000000000000000000000000000000000000000000000000000000
000000000000000000000000001100000000000000000000000000100000000000000000000000000000000000000000000000000000000000000000000000000000000000000000000000
000000000000000000000010001100000000000000000000000001010000000000000000000000000000000000000000000000000000000000000000000000000000000000000000000000
000000000000000000000010000000000000000000000000000010100000000000000000000000000000000000000000000000000000000000000000000000000000000000000000000000
000000000000000000000010000000000000000000000000000011000000000000000000000000000000000000000000000000000000000000000000000000000000000000000000000000
000000000000000000000000000000000000000000000000000000000100000000000000000000000000000000000000000000000000000000000000000000011000000011000000000000
000000000000000000111000111000000000000000000000000000001010000000000000000000000000000000000000000000000000000000000000000000100100000100100000000000
000000000000000000000000000000000000000000000000000000010010000000000000000000000000000000000000000000000000000000000000000000011000000011000000000000
000000000000000000000000000000000000000000000000000000010010000000000000000000000000000000000000000000000000000000000000000000000000000000000000000000
000000000000000000000000000000000000000000000000000001100000000000000000000000000000000000000000000000000000000000000000000000000000100000000000000000
000000000000001000000000000000000000000000000000000000000000000000000000000000000000000000000000110000000000000000000000000000000001010000000000000000
000000000000001000000000000000000000000000000000000010000000000000000000000000000000000000000000110000000000000000000000000000000001010000000000000000
000000000000001000000000000000000000000000000000000001000010000000000000000000000000000000000000000000000000000000000000000000000000100000000000000000
000000000001000001000000000000000000000001000000000000000100000000000000000000000000000000000000000000000000000000000000000000000000000000000000000000
000000000010100010100000000000000000000010100000000000000000000000000000000000000000000000000000000000000000000000000000000000000000000000000000000000
000000000010100010100000000000000000000010100000000000000000000000000000000000001100000000000000000000000000000000000000000000000000000000000000000000
000000000001000001000000000000000000000001000000000000000000000000000000000000001100000000000000000000000000000000000000000000000000000000010000000000
000000000000000000000000000000000000000000000000000000000000000000000000000000000000000000000000000000000000000000000000000000000000000000101000000000
000000000000000000000000111000000000000000000000000000000000000000000000000000000000000000000000000000000000000000000000000000000000000000101000000000
