000000000000000000000110000000000000000000000000000000000000000000000000000000000000000000000000000000000000000000000000000011100000000000000000000000
000000000000000000001001000000000000000000000000000000000000000000000000110000000000000000000000000000000000000000000000000110110110000000000000000000
000000000000000000000110000000000000000000000000000000000000000000000000110000000000000000000000011100000000000000000000000100000100000000000000000000
000000000010000000000000000000000000000000000000000000000000000000000000000000000001100000000000000000000000000000000000000100010100010001110000000000
000000000010100000000000000000000000000000000001000000000000000000000000000000000001100000000000000000000000000000000000000010100000110110001000000000
000000010101000000000000000000000000000000000001000000100000000000000000000000000000000000000000000000000000000000000000000001000001000100010100000000
000001100111100000000000000000000000000000000001000000100000000001100000000000000000000000000000000000000001100000000000000000000000000010000100000000
000000101101100000000000000000000000110000000000000000100000000001100000110000000000000000000000000000000001100000000000000000000000000000001000000000
000000110010100000000000000000000000110000000000000000000000000000000000110000000000000000000000000000000000000000000000000000000000000000100000000000
000000001000000000000000000000000000000000000000000000000000000000000000000000000000000000000000000000000000000000000000000000000001001110000000000011
000000100010001000000000000000000000000000000000000000000000000000000000000000000000000000000000000000000000000000000000000000000000100110000000000011
000000011100001100000000000000000000000000000000000000000000000000000000000000000000000000000000000000000000000000000000000000000000000100000000000000
000000000000001110000000000000000000000000000000000000000000000000000000110000000000000000000000110000000000000000000000000000000001000100000000000000
000000001100000000000000000000000000000000000000000000000000000000000000110000000000000000000000110000100000000010100000000000000000111000000000000000
000000000110000000000000000000000000000000000000000000000000000000000000000000000000000000000000000000100000000010010000000000000000000000000000000000
000000000010000000000000000000000000000000000000000000000000000000000000000000000000000000000000000000010000000010100000000000000000000000000000000000
110000000000000000000000000000000000000000000000000000000000000000000000000000000000000000000000000000000000000000000000000000000000000000000000000000
110000000000000000000000000000000000000000000000000000000000000000000001000000000000000000000000000011100000001110000000000000000000000000000000000000
000000000000000000000000000000000000000000000000000000000011000000000010100000000000000000000000000011000000001000000000000000000000000000000000000000
000000000000000000000000000000000000000000000000000000000011000000000001000000000000000000000000000000000000000000110000000000000000000000010000000000
000000000000000000000000000000000000000000000000000000000000000000000000000000000000000000000000000000000000010000110000000000000011000001101000000001
100000000000000000000000000000000000000000000000000000000000000000000000000000000000000000000000000000000001000000000000000000000101000001001000000010
100000000000000000000000000000000000000000001100000000000000000000000000000000000001110000000000000000000001001100000000000000000010000001110000001100
011000000000000000000000000000000000000000001100000000000000000000000100000000000000000000000000000000000001101000000000000000000000000000000000010001
110100000011101100000000000000000000000000000000000000000000000000001110000000000000000000000000000000000000011000000011100000000000000000000000000000
000110000101100000100000000000000000000000000000000000000000000000001110000000000000000000000000000000000000001000001000000000000000000000011100010100
010100000001000111100000000000000000000001110000000000000000000010000000001000000000000000000000000000000000010000100000000000000000000001101100001000
011000001010001000011000000000000000000000100000000000000000000111000100011100000000000000000000000000000000101000100100000000000000000001100100000000
000000011000000011011000000000000000000000000000000000000000001011000100011010000000000000000000000000000000000000011000001100000000000000001000000000
000000011100000011011000000000000000000000000000000000000000011011000100011011000000000000000000000000000000101000000000000101000000001000100000000000
000000000000000011000000000000011000000001000000000000000000001111000000011110000000000000000000000000000101001100000011100010000000010011000000000000
000000000000000000000000000000011000000011110000000000000000000000010001000000000000000000000000000000000101111110000000000000000110010001010000000000
000000000000011101000000000000000000000100010000000000000000000011000001101000000000000000000000000000000000011111000000000000001010010010000000000000
000000000000101000100000000000000000000011100000000000000000000001000000000000000000000011000000000000000000000001100000000000001110011000000000000000
000000000000101101000000000000000000000001000000000000000000000000000000001000000000000011000000000000000001010000000000000000000000001100000000000000
000000000000010000000000000000000000000000000000000000000000000000000000101000000000000000000000000000000001110000000000000011000000001110000000000000
000000000000000000000000000000000000000000000000000000000000000000000001001000000000000000000000000000000000000000000000000010100000000010011000000000
010000000000000000000000000000000000000000000000000000000000000000000000110000000000000000000000000000000000000000000000000001000000011010011000000001
010000000000000000000000000000000000000000000000000000000000000000000000000011100000000000000000000000000000000000000000000000000000011100000000000001
110001110000000000000000000000000000000000000000000000000000000000000000000000000000000000000000000000000000000000000000000000000000000000000000000000
001001100000000000000000000000000000000000000000000000000000000000000000000000000000000000000000000000000000000000000000000000000000000000000000000000
001000110000000000000000000000000000000000000000000000000000000000000011100000000000000000000000000000000000000000000000000000000000000000000000001000
001000000000000000000000000000000000000000000000000000000000000000000000000000000000000000000000000000000000100000000000000000000000000000000000100100
000000000000000000000000000000000000000000000000000000000000000000000000000000000000000010000000000000000001010000000000000000000000000000000000000000
000000000000000000000000000000000000000000000000000000000000000000000000000000000000000101000000000000000010000100000000000000000000000000000000000010
000000000000000000000000000000000000000000000000000000000000000000000000000000000000000011000000000000000010000010000000000000000000000000000001100001
000000000000000000000000000000000000000110000000000000000000000000000000000000000000000000000000000001000010000010000000000000000000000000000010001010
000000000000000000000000000000000000000110000000000000000000000000000000000000000000000000000110000011100001000100000000000000000000000000000001001100
000000000000000000000000000000000000000000000000000000000000000000000000000000000000000000000110000101010000011000000000000000000000000000000000000000
000000000000011100000000000000000000000000000000000000000000000000000000000000000000000000000000000100010000000000010000000000000000000000000000000000
000000000000000000000000000000000000000000000000000000000000000000000000000000000000000000000000011000001100000001101100000000000000000000000000000000
000000000000000000000000000000000000000000000000000000000000000000000000110000000000000000000000100001000010001111010000000000000000000000000000000000
000000000000000000000000000000000000000000000000000000000000001110000001001000000000000000000001110010100111001010000000000000000000000000000000000000
000000000000000000000000000000000000000000000000001100000000000000000001101000000000000000000000100001000010001110000000000111000000000000000000000000
000000000000000000000000000000000000000000000000001100000000000000000000101011010000000000000000011000001100000000000000000100100000000000000000000000
000000000000000000000000000000000000000000000000000000000000000000000000011101010000000000000000000100010000000000000000001000010000000000000000000000
000110000000000000000000000000000000000000000000000000000000000000000000000011100000000000000000000101010000000000000000001110001000000000000000000000
001001000000000000000000000000010000000000000000000000000000000000000000000000000000000000000000000011100000000000000000000011001100000000000000000000
000110000010000000000000000000101000000001100000000000000000000000000011000000000000000000000000000001000000000000000000000001011010000000000000000000
000000000110101000000000000000100100000010010000000000000000000000000100100000000000000000000000000000000000000000000000001101011101000000000000000000
000000001111011000000000000000011000000001100000000000000000000000000011000000000000000000000000000000000000000000000000010001110101100000000000000000
000000000000110110000100111000000000000000000000000000000000000000000000000000000000000000000000000000000000000000000000001000100001000000000000000000
000000000000110000101101000100000000000000000000000000000011000000110000000000001100000010000000000000000000000000000010000000010001000000000000000000
000000000000001001101101001100000000000000000000000000000011000001001000000000001100000101000000000000000000000000000110000000000100000000000000000000
000000000000000010101101101100000000000000000001000000000000000000110000000000000000000101000000000000000000000000001000000000000000000000000000000000
000000000000000000000000011000000000001000000001100000000000000000000000000000100000000010000000000000000000000000000110000000000100000000000000000000
000000000000000000000000000000000000010100000010100000000000000000000000000000100011100000000000000000000000000000000010000000010001000000000000000000
000010000000000110000000100100000000010100000000000000000000000000000000000000000000000000000000000000000000000000000000001000100001000000000000000000
000010000000011000010100100000000000001000000000000000000000000000000000010100000100010000000000000000000000000000000000010001110101100000000000000000
000010000000011010000010010101000000000000000000000011000000000000000000001110000001001000000011100000000000000000000000001101011101000000000000000000
000000000000000000000010000101100000000000000000000011000000001100000000001111001010000100000010001000000000000000000000000001011010000000000000000000
111000111000011010000010000001100000000000000000000000000000010010000000000001100100001110000100001000000000001000000000000011001100000000000000000000
000000001000000010010010001101000000000000000000000000011000001100000000000011100000001100000000101001100000001000000000001110001000000000000000000000
000000100110001010000010000110000000000000000000000000011000000000000000000110101000110100000000011000110000001000000000001000010000000000000000000000
000110100111000000100000000000000000000000000000000000000000000000000000000110101101000100000000011000100000000000000000000100100000000000000000000000
000010000111100010011000000000000000000000000000000000000000000000000000000010100000000100000000011001100000000000000000000111000000000000000000000000
000010010010010100011000000000000000000000000000000000000000000000000000001000000110100100000000000001010000000000000000000000000000000000000000001010
110001001000110010010011000000000000000110000000000000000000000000000000001011011000000000000000000000000000000000000000000000000000000000000000001000
001001001100110001100011000000000000000110000000000000000000000000000000001000010010000000000000000000000000000000000000000000000000000000000000000011
110000101000000000000000000000000000000000000000000000000000000000000000000101000010000000010000000000000000000000000000000000000000000000000000000011
000000000000000000000000000000000000000000000000000000000000000000000000001101100010001110100000000000000000000000000000000000000000000000000000000000
000000000000000000000000000000000000000000000000000000000000000000000000001101100001000000000000000000000000000000000000000000000000000000000000000110
000000000000001100000000000000000000000000000000000000000000000000000000000010000000000000000000000000000000000000010000000000000011000000000000000000
000000000000010010000000000000110000000000000000000000000000000000000000000000000000000000000010000000000000000000101000000000000011000000000110000000
000001100000100010000000000001100000000000000000000000000000000000000000000000000000000000000111000000000000000000110000000000000000000000001010000000
000000000000011010100000000000010000000000000000000000000000000000000000000000011001100000000111000000000000000000000000000000000000000000000100000000
001100000000000000001000000000000000000000000000000000000000000010000000000000000100100000000000000000000000000000000000000000000000000000000000000000
001100000000111000001000000000000000000000000000000000000000000010000000000000000111100000000000000000000000000000000000000000000000000000000000000000
000000000000000010000000000000000000000000000000000000000000000010000000000000000101000000000000001100000000000000000000000000000011100000000000000000
000000000011000001000000000011001010000000000000000000000000000000000000000000000011000000000000001100000000000000000000000000000000000000000000000000
000000000001010000000000000010000010000000000000000000000000111000000000000000011001000000000000001100000000000000000000000000000000000000001100000000
000000000000100000000000000010110001000000000000000000000000000000000000000000000000100000000000010010000000000000000000000000000000000000001100000000
000000000000000000000000000111011100100000000000000000000000000010000011000000000001010000000000010011100000001110000000000000000000000000000000000000
000000000000000000000000000100000111000000000000000000000000000010000011000000000000100000000000000010110000000000000000000000000000000000000000000000
000000000000000000000000000000000111000000000000000000000000000010000000000000000011100000000000011000001000000000000000000000000000110000000000000000
010000000000000000000000000000000110000000000000000000000000000000000000000000001100000000000000000001001000000000000000000000000000110000000000000000
101000000000000000000000000000011000000000000000000000000000000000110000000000001101100000000000001000001000000000000000000000000000000000000000000000
101000000000000000000000000000011100000000000010000000000000000000110000000000000101100110000000001100000000000000000000000000000000000000000000000000
010000000000000000000000000000000000000000000010000000000000000000000000000000001101011110000000000011100000000000000000000000000000000000000000000000
000000000000010000000011010000000000000000000010000000000110110000000000000000001100001000000000000000000000000000000000000000000000000000000000000000
000000000000101000000001011000000000000000000000000000000110110000000000000000001100000000000000000000000000000000000000000000000000000000000000000000
000000111001001000000001000100000000000000000000111000000000000000000000000000000100001100010000000000000000000000000000000000000000000000000000000000
000000000000110000000000110100000000000111010100000000000000000000011000000000000011110101111000000000000000000000001000000000000000000000000000000000
000000000000000000000000011000011000000000001110000000000000000000100100000000000000000000000000000000000000000000010100000000000000000000000000000000
000000000000000000000000000000101000000000001001000000000000000000011000000000000000000000000000000000000000000000100100000000000000000000000000000000
000000000000000000000000000000100100000000000010000011000000000000000000000000000000000000000000000000000000000000011000000000000000001100000000000000
000000000000000000000000000000101000000000000100000011000000000000000000000000000000000000000000000000000000000000000000000000000000010100000000000000
000000000000000000000000000000001000000000011100000000000000000000000000000000000000000000000000000000000000000000000000000000000000001000000000000000
000000000000000000011100000000100000000000010110000000000000000000000000000000110000000000000000000000000000000000000000000000000000000000000000000000
000000000000000001000100000000100001100100110110000000000000000000000000000000110000000000000000000000000000000000000000000000000000000000000000000000
000000000000000001111000000000000011001010110000000000000001101110000000000001010111000000000000000000000000000000000000000000000000000000000000000000
000000000000000000100000000000000001001110110000000000000011101100100000001100010101000000000000000000000000000000000000000000000000000010000000000000
000000000000000000000000000000000000110100010000000000110111111000100000000101000100000000000000000000000000000000000000000000000000000010000000001100
000000000000000000000000000000000000011000001000000000111110000100100000000010101101100000000000000000000000000000000000000000000000000010000000001100
000000000000000000000000000000000000000000000000000000110011000111000000000001111101100000000000000000000000000000000000000000000000000000000000000000
000000000000000000000000000000000000000000000000000000110011010010000000000000000010000000000000000000000000000000000000000000000000000000000000000000
000000000000000000000000000000000000000000000000000001010001111100000000000000000000000000000000000000000000000000000000000000000000000000000000001100
000000000000000000000000000000000000000000000000000001000001111000000000000000000000000000000000000000000000000000000000000000000000000000000000001100
000000000000000000000000000000000000000000000000000001010000000000000000000000000000000000000000000000000000000000000000000000000000000000000000000000
000000000000000000000000000000000000000000000000000001001110000000000000000000000000000000000000000000000000000000000000000000000000000000000000000000
000000000000000000000000000000000000000000000000000000000101000000000000000000000000100000000000000000000000000000000000000000000000000000000000000000
000000000000000000000000000000000000000000000000000000000101100011000011100000000001010000000000000000000000000000000000000000000000000110000000000000
000000000011000001100000000000000000011100000000000000000100100011000000000000000001010000000000000000000000000000000000000000000000000110000000000000
000000000011000001100000000000000000000100000000000000001001000000000000000000000000100000000000000000000000000000000000000000000000000000000000000000
000000000000000000000000000000000000001000000000000000001001000000000000000000000000000000000000000000000000000000000000000000000000000000000000000000
000000000000000000000000000000000000000000000000000000001110001110000000000000000000000000000000000000000000010000000000000000000000000000000000000000
000000000000000000000000000000000000000000000000000000000000000010001110000000000000000000000000000000000000101000000000000000000000000000000000000000
000000000000000000000000000000000000000000000000000000000000000100001001001110000000000000000000000000000001001000000000000000000000000000001100000000
001000000000000000000000000000000000000000000000000000000000000000100011010001000000000000000000000000000000110000000000011000000000000000010010000000
000100001000000000000000000000000000000000000000000000000000000000010001100001000000000000000000000000000000000000000000011000000000000000010100000000
000100000100000000000000000000000000000000000000000000000000000000000001000010000000000000000000000000000000000000000000000000000000000000001000000000
000000000000000000000000000000000000000000000000000000000000000000000000000100000000000000000000000000000000000000000000000000000000000000000000000000
000001100010000000000000000000000000000000000000000000000000000001110000101000000000000000000000000000000000000000000000000000000000000000000000000000
000000100010000000000000000000000000000000000000000000000000000011111110000000110000000000000000000000000000000000000000000000000000000000000000000000
000001001100000000000000000000000000001100000000011000000000000101100000000000100000000000000000000000000000000000000000000000000000000000000000000000
000011101000000000001100000000000000001100000000011000000000000111110000000000101000000000000000000000000000000000000000000000000000000000000000000000
000011010000000000001100000000000000000000000000000000011000000111110100100000010000000000000000000000000000000000000000000000011000000011000000000000
000000110000000000000000000000000000000000000000000000100100000000110000100000010000000000000000000000000000000000000000000000100100000100100000000000
000000000000000000000000000000000000000000000000000000011000000000001110000000000000000000000000000000000000000000000000000000011000000011000000001100
000000000000000000000000000000000000000000000000000000000000000000001110000000000000000000000000000000000000000000000000000000000000000000000000010010
000000000000000000000000000000000000000000000000000000000000000000000000000000000000000000000000000000000000000000000000000000000000100000000000111011
000000000000000000000000000000000000000000000000000000000000000000000000000000000000000000000000110000000000000000000000000000000001010000000000011011
100000000000000000000000000000000000000000000000000000000000000000000011100000000000000000000000110000000000000000000000000000000001010000000000111001
100000000000000000000000000000000000000000000000000000000000000000000010011000000000000000000000000000000000000000000000000000000000100000000000111011
000000000000000000001100011000000000000000000000000000000000000000000011001000000000000000000000000000000000000000000000000000000000000000000000001001
000000000000000000010010011000000000000000000000000000000000000000000000111000000000000000000000000000000000000000000000000000000000000000000000000110
000000000000000000010100000000000000000000000000100000000000000000000000000000000000000000000000000000000000000000000000000000000000000000000000000000
000000000000000000001000000000000000000000000001010000000000000000000000000000000000000000000000000000000000000000000000000000000000000000000000000000
000000000000000000000000000000000000000000000001010000000000000000000000000000000000000000000000000000000000000000000000000000000000000000000000000000
000000000000000000000000000000000000000000000000100000000000000000000000000000000000000000000000000000000000000000000000000000000000000000000000000000
