00000000000111000000000000000000000000000001000000
00000000000000000000000000000000000000000000100001
00000000000100100000000000000001000000000000100000
00000000000011000000000000000011000000000000001000
00000000000000000000000000000110000100000000000000
00000000000000000000011000001110000010000000000000
00000000000000000000101000000110001001000000000000
00000000000000000000010000000000000010000000000000
00000110000000000000000000000000010010000000000000
00000110000000110000000000000000011000100000000000
00000000000000110000000000000000000000100000000000
00000000000000000000000000110000000000100000000000
00000000000000000000011001001000000000000000000000
00000000000000000000011000110000000000000000000000
00000000000000000000000000000000000000000000000001
10000000000000000000000000000000000000000000000000
00000000000000000000000000000000000000000000000000
00100000000000000000000000000000000000000000000000
10010000000000000000000000000000000000000000000000
01100000000000000000000000000000000000000000000000
00000000000000000000000000000000000000000000000000
00000000000000000000000000000000000000000000000000
00000000000000000000000000000000000000000000000000
00000000000000000000000000000000000000000000000000
00000000000000000000000000000000000000000000000000
00000000000000000000000000000000000000000000000000
00000000000000000000001100000000000000000000000000
01100011000000000000010010000000000000000000000000
00000110100000000000001010000000000000000000000000
00000110100000000000001000000000000000000000000000
00000100100000000000000000000000011000000000000000
00000011000000000000000100000000011000000000000000
00000000000000000000000010000000000000000000000000
00000000000000000000001001100000000000000000000000
00100000000000000000010110110000000000000000000000
11011000000000000000001001100000000000000000000000
10000000000000000000001000000000000000000000000000
10001000000000000000000000111000000000000000000000
01110000000000000000000011110100000000000100000000
00000000110000011100000010000100000000000110000000
00000001001000100000000010111000000000000000000000
00000000101000000100000011010000000000000000000100
00000000010000000000000000000000000000000000011000
00000000000000000001000000000100000000000000100000
00000000000110001001000100001110000000000000100001
00000000001100110001100011001001000000000000010001
00000000010000110001000011000011000000000000000000
01100000101100000001100000000010000000000000010010
01110000011100000000000000000000000000000000100010
01100000000000000000000000000000000000000000010010
