000000000000000000000000010000000000000000000000000000000000000000000000000000000000000000000000000000000011000000000000000000000000001000010000000000
000000000000000000000000000000000000000000000110000000000000000000000000000000000000000000000000001000000000000011000010000000000000001000000000000000
000000000000000000000000000000000000000000000110000000000000000000000000000000000000000000000000001000000000000000000110000000000000001000000000000000
000000000000000000000000000000000000000000000000000000000000000000000000000000000000000000000000001000000000001000001010000000010000000000000000000000
000000000000000000000000000000000000000000000000000000000000000000000000000000000000000000000000000000000000000111001010000000010000000000000000000000
000000000000000000000000000000000000000000000000000000000000000000000000000000000000000000000000000000000000000000011111000000010000000000000000000000
000000000110000000000000000000000000000000000000000000000000000001100000000000000000000000000000000000000000000001100100000000000000000000000000000000
000000001001000000000000000000110000000000000000000000000000000001100000000000000000000000000000000000000000000011100011000000000000000000000000000000
000000001001000000000000000000110000000000000000000000000000000000000000000000000000000000000000000000000000000100000000000000000000000000000000000000
000000000110000000000000000000000000110000000000000000000000000000000000000000000000000000000000000000000000000101100000000000000000000000000000000000
000000000000000000000000000000000000110000000000011000000000000000000000000000000000000000000000000000000000000011100000000000000000000000000000000000
000000000000000000000000000000000000000000000000011000000000000000000000000000000000000000000000000000000000000000000000000000100000000000000000000000
000000000000000000000000000000000000000000000000000000000000000000000000000000000000000000000000000000000000000000000000000000100000000000000000000000
000000000000000000000000000000000000000000000000000000000000000000000000000000000000000000000001000000000000000000000000000000100000000000000000000000
000000000000000000000000000000000000000100000000000000000000000000000000000000000000000000000010100000010000000001100000000000000000000000000000000000
000000000000000000000000000000000000001010000000000000000000000000000000000000000000000000000010100001100000000001100000000000000000000000000000000000
000000000000000000000000000000000000001010000000000000000000000000000000000000000000000000000001000000110000000000000000000000000000000000000000000000
000000000000000000000000000000000000000100000000000000000000000000000000000000000000000000000000000000000000000000000000000000000000000000000000000000
000000000000000000000000000000000000000000000000000000000000000000000000000000000000000000110000000000000000000000000000000000000000000000000000000000
000000000000000000000000000000000011000000011000000000000000000000001000000000000000000001001000000000000000000000000000000000000000000000000000000000
000000000000000000000000000000000100100000100100000000000000000000010100000000000000000000110000000000000000000000000000000000000000000000000000000000
000000000000000011000000000000000011000000011000000000000000000000001000000000000000000000000000000000000110000000000011100000000000000000000000000000
000000000000000011000000000000000000000000000000000000000000000000000000000000000000000000000000000000000110000000000000000000000000000000000000000000
000000000000000000000000000000000000000100000000000000000000000000000000000001000000000000000000000000000000000000000000000000000000000000000000000000
000000000000000000000000000000000000001010000000000000000000000000000000000010100000000000000000000000000000000000000000000000000000000000000000000000
000000000000000000000000000000000000001010000000000000000000000000000000000010010000000000000000000000000000100000000000000000000000000000000000000000
000000000000000000000000000000000000000100000000000000000000000000000000000001100000000000000000000000000001010000000000000000000000000000000000000000
000000000000000000000000000000000000000000000000000000000000000000000000000000000000000000000000000000000001001000000000000000000000000000000000000000
000000000000000000000000000000000000000000000000000000000000000011000000000000000000000000000000000000000000110100000000000000000011000000000000000000
000000000000000000000000000000000000000000000000000000000000000011000000000000000000000000000000000011100000000100000000000000000011000000000010000000
000000000000000000000000000000000000000000000000000000000000000000000000000000000000000000000000000100100000000000000000000000000000010100000101000000
000000000000000000000000000000000000000000000000000100000000000000000000000000000000000000000000000100100000010000000000000000000000000010000101000000
000000000000000000000000000000000111000000000000000100000000000000000000000000000000000000000000000110100000001000000000000000000000000000000010000000
000000000000000000000000000000000000000000000000000100000000000000000000000000000000000000000000000001000000000000000000000000000000000000000000000000
000000000000000000000000000000000000000000000000000000011000000000000000000000000000000000000000000000001000000000101000101000000000000000111000000000
000000000000000000000000000000000000000000000000000000100100000000000000000000000000000000000000000000001000000000110000001000000000001101010100000000
000000000000000000000000000000000000011000000000000000011000000000000000000000000000000000000000000000000000000000000111011000000000000100010100000000
000000000000000000000000000000000000011000000000000000000000000000000000000000000000000000010000000000000000000000000101000000000000000010111000000000
000000000000000000000000000000000000000000000000000000000000000000000000000000001000000011001000000000000000000000100001110000000000000001000000111111
100000000000110000000000000000000000000000000000000000000000000000000000000000010010001101110000000000000000000000001100110000001100000000000001111100
100000000001011000000000000000000000000000000000000000000000000000000000000000010010000000000000000100001000000000011100101000001100000000000001000001
100000000000100100000000000000000000000000000000000000000000000000000000000000000100000001000000000101110100000000001100010000000000000000000000011100
010001110000000110000000000000000000000000000000000110000000000000000000000000000000001000000000000000000100000000000000000000000000000000000000011110
100001010000001100000000000000000000000000000000001001000000000000000000000000000000000110000000000111111000000000000000000000000000000000000000000010
000000010000111000000000000000000000000000000000001010000000000000000000000000000000000000000000000010000000000000000000000000000000000000000000000000
000000000000100000000000000000000000000000000000000100000000000000000000000000000000000000000000000000000000000000000000000000000000000000000000000000
000000000000100000000000000000000000000000000000000000000000000000000000000000000000000000000000000000000000001110000000000000000000000000000000000000
000111000000000000000000000000000000000001100000000000000000000000000000000001000000000000000000000000000000000000000000000000000000000000000000000000
000101100000000000000000000000000000000001100000000000000000000000000000000001000000000000000000000000000000000000000000000000000011000000000000000000
001110111010000000000000000000000000000000000000000000000000000000000000000001000000000000000000000000000000000000000000000000000100100000000000000000
000111010101000000000000000000000001110000000000000000000000000000000000000000000000000000000000000000000000000000000000000000000100100000000000000000
000000100101000000000000000000000000000000000000000000000000000000000000000000000000000000000110000000000001100000000000000000000011000000000000000000
000000000010000000000000000000000000000000000000000000000000000001100000000000000000000000000110000000000001100000000000000000000000000000000000000000
000000000000000000000000000000000000000000000000000000000000000001100110000000000000011100000000000000000000000000000000000000000000000000110000000000
000000000000000000000000000000000000000000000000000000000000011000000110000000000000000000000000000000000000000000000000000000000000000000111000000000
000000000000000000000000000000000000000000000000000000000000011000000000000000000001000001000000000000000000000000000000000000000000000000000100011100
000000000000000000000000000011000000000000000000000000000000000000000000000000000001000001000000000000000000000000000000000000000000000000100000000100
000000000000000000000000000100100000000000000000000000000000000000000000000001100001000001000000000000000000000000000000000000000000000001000010010110
000000000000000110000000000011000000000000000000000000000000000000000000000010010000000000000000000000011000000000000100000000000000000001011010110000
110000001000000110000000000000000000000000000000000000000000000000000000000001010000011100000000000000011000000000000100100000011000000001100000011001
110000011100000000000000000000000000000000000000000000000000000000000000000000100000000000000000000000000000000000000100010000100100000000111010001000
010000110010000000000000000000000000000000000000000000000000000000000000000000000000000000000000000000000000000000000100010000100100000000011100000000
000000001110011100000000000000000000000000000000000000000000000000000000000000000000000000000000000000000000000000001000100000011000000000001000000010
000000000000011100000000000000000000000000000000000000000000000000000000000000000000000000000000000000000000000000000010000000000000000000000000000011
000000000000001000000000000000000000000000000000000000000000000000000000000000000000000000000000000000000000000000001010000000000000000000000000000001
100001100011000000000000000000000000000000000000000000000000000000000000000000000000000010000000000000000000000000001100000000000000000000000000000001
000001100000100000000000000000000000000000000000000000000000000000000000000000001100000101000000000000000000000000000000000000000000000000000000000000
000000000011000000000000000000000000000000000000000000000000000000000000000000011000001001000010100000000110000000000000000000000000000000000000000000
000000000000000000000000000000000000100000000000000000000000100000000000000110101100001110000000010000000111000110000000000000000000000000000000000000
000000000000000010000000000000000001110000000000000000000001010000000000001110011000111000001000000000000110000000000000000001100000000000000000000000
000000000000001001000000000000000100110000000000000000000001100000000000011000000100011000000000000000000011000000000000000001100000000000000000000000
100000110000001110000000000000000111001100000000000000000000000000000000010111100001010000000100110000000011000000000000000000000000000000000000000000
010000110000000100000000000000001000001000000000000000000000000000011000010100100000100001000011000100110010100000000011000000000000000000000000000001
010000000000000000000000000000000110110000000000000000000000000000011000001000001111000011100000001011000100100000000011000000000000000000000000000001
100000000000000000000000000000000100010000000000000000000000000000000000000000000000000110110000010001011110100000000001110000000000000000000000000000
000000000000000000100000000000000011100000000000000000000000000000000000000000000000000011100000001000010111000000000000101000000000000000000000000000
000000000000000000001100000000000000000000000000000000000000000000000000000000000000000001000000000100000000000000000000000100000000110000000000000000
000000000000000000011100000000000000000000000000000000000000000000000000000000000000000000000000000011000000000000000000011000000001001000000000000000
000000000000000000000100000000000000000000000000000000000000000000000000000000000000000000000000000000000000000000000000010000000000110000000000000000
000000000000001110010100000000000000000000000000000000000000000000000000000000000000000000000000000000000000000000000011000000000000000000000000000000
000000000000001010000000000000100000000000000000000000000000000000000000000000000000000000000000000000000000000000000011000000000000000000000000000000
000000000000000010000000000000110000000000000000000000000000000000000000000000000000000000000000000000000000000000000000000001000000000000000000000000
000000000000010100000000000000101000000000000001000000000000011100000000000000000000000000000000000000000000000000000000000011000000001100000000000000
000000000000100000000100000000001100000000000001000000110000000000000000000000000000000000000000000000010000000000010010000000000000001100000000000000
000000000000111000001010000000010000000000000001000001001000000001000000000000000000000000000000000000011000000000010010001100000000000000000000000000
000000000000100000001011000000000000000000000000000000110000000001000000000000000000000000000000000000001100000000000010011100011000000000000000000000
000000000000011000000011000000000000000000000000000000000000000001000000000000000000000000000000000000011000000000110111000000011000000011000000000000
001100000000011101000111000000000000000000000000000000000000000000000000000000000000000000000000000000010000000001000110000000000000000011000000000000
001010000000000000000100000000000000000000000000000000000000011100000000000000000000000000000000000000000000000000100000000000000000000000000000000000
000101000000000000001100011000000000000000000000000000000000000000000000000000000000000000000000000000000000000000011100000000000000000000000000000000
000010000000000000000110101000000110000000000000000000000000000000000000000000000000000000000000000000000000000000000000000000000000000000000001100000
000000000000000000000011110000000110000000000000000000000000000000000000000000000000000000000000000000000000000000000000000000000000000000000010010000
000000000000000000000001100000000000000000011000000000000000000000000000000000001000000000000110000000000011000000000000000000000000000000000010100000
000000000010000000000000000000000000000000011000000000000000000000000000000000010000000000000110000000000101000000000000000000000000000000000001000000
000000000010000000000000000000000000000000000000000000000000000000000000000000011100000000000000001100000011000000000000000000000000000000000000000000
000000000010000000000000000000000000000000000000000000000000000000000000000000000000000000000000010010010011000000000000000000000000000000000000000010
000000000000000000000000000000000000000000000000000000000000100000000000000000000000000000000000001100010100000000110000000000000000000000000000000101
000000000000000000000000000000000000000000000000000000000001010000000000000000000000000000000000000100011100000000110000000000000000000000000000000101
000000000000000000000000000000001110000000000000000000000001010000000000000000000000000000000110000000000000000000000000000000000000000000000000000010
000000000000000000000000000000000000000000000000000000000000100000000000000000000000000000000110000000000000000000000000000000000000000000000000000000
001100000010000000000000000000000000100000000000000000000000000000000000000000000000000000000000000000000000000000000000000000000000000000000001100000
010010000101000000000000000000000000100000000000000000000000000000000000000000000000000000000000000000000000000000000000000000000000000001000010010000
001100000100100000000110000000000000100000000000000000000000000000000000000000000000000000000000000000000000000000000000000000000000000010100001100000
000000000011000000000110000110000000000000000000000000000000000000000000000000000000000010000001100000000000000000000000000000000000000001100000000000
000000000000000000000000000110000000000000000000000000000000000000000000110000000000000010000001100000000000000000000000000000000000000000000000000010
000000000000000000000000000000000000000000000000000000000000000000000001010000000000000010000000000000000000000000000000000000000000001100000000000101
000000000000000000000000000000000000000000000000000000000000000000000001100000000000000000000000000000000000000000000000000000000000010100000000000101
000000000000000000000000000000000000000000000000000001100000000000000000000000000000000000000000000000011000000000000000000000000000001000000000000010
000000000000000000000000000000000000000000000000000010010000000000000000000000000000000000000000000000011000000000000000000000000000000000000000000000
000000000100000000000000000000000000000000000000000000000000000000000000000000000000000000000001100000000000000000000000000000000000000000000000000000
000000001010000000000000000000000000000000000000000010100000000000000000000000000000000000000001100011000000000000000000000000000000000000000000000000
000000001010000000000000000000000000000000000000000000000000000000000000000000000000000000000000000011000000000000000000000000000000000000000000000000
000000000100000000000000001100000000000000000000000000000000001110000000000000000000000000000000000000000000000000000000000000000000000111000000000000
000000000000000000000000001100000000000000000000000000000000010001000000000000000000000000000000000000000000000000000000000000000000000000000000000000
000000000000000000000000000000000000000000000000000000000000010001000000000000000000000000000000000000000000000000000000000000000000000000000000000000
000000000000000000000000000000000000000000000000000000000000010001000000000000000000000000000000011000000000000000000000000000000000000000000000000000
000000000001000000000000000000000011100000000000000000000000000000000000000000000000000000000000011000000000000000000000000000000000000000000000001100
000000000001000000000000000000000000000000000000000000000000010001000000000000000000000000000000000000000000000000000000000000000000000000000000001100
000000000001000000000000000000000000001000000000000000000000000000000000000000000000000000000000000000000000000000000000000000000000000000000000000000
000000000000000000000000000000011000001000000000000000000001101010110000000000000000000000000000000000000000000000000000000000000000000000000000000000
000000000000000110000000000000011000001000000000000000000001100000110000000000000000000000000000000000000100000000000000000000000000000000000000000000
000000000000001001000000000000000000000000000000000000000011001010011000000000000000000000000000000000000100000000000000000000000000000110000000000000
000000000000000110000000000000000011100000110000000000000010111111101000000000000000000000010000000000000100000000000000000000000000000110000000000000
000000000000000000000001100110000000000000110000000000000101000100010100000000000000000000101000000000000000000000000000000000000000000000000000000000
000000000000000000000001100110011000000000000000000000001001111111110010000000000000000001010000000000000000000000000000000000000000000000000000000000
000000000011000000000000000000011000001100000000000000001111101010111110000000000000000001100000000000000000010000000000000000000000000000000000000000
000000000101000000000000000000000000010010000000000000000000011011000000000000000000000000000000000000000000101000000000000000000000000000000000000000
000110000010000000000000000000000000001100000000000000000000000000000001100000000000000000000000000000000001001000000000000000000000000000001100000000
000110000000000000000000000000000000000000000000000000000000000000000010010000000000000000000000011000000000110000000000011000000000000000010010000000
000000000000000000000000000000000000000000000000000000000010001110000001100000000000000000000000100100000000000000000000011000000000000000010100000000
000000000000000000000000000000000000000000000000000000000110000000000000000000000000000000000000011000000000000000000000000000000000000000001000000000
000000000000000000000000000000000000000000000000000000001001010001000000000000000000000000000000000000000000000000000000000000000000000000000000000000
000000000000000000000000001100000000000000000000000000001010010001000000000000000000000000000000000000000000000000000000000000000000000000000000000000
000000000000000000000000001100000000000000000000000000000110110110000000000000000000000000000000000000000000000000000000000000000000000000000000000000
000000000000000000000111000000000000000000000000000000000000000010000000000000000000000000000000000000000000000000000000000000000000000000000000000000
000000000000000000000000000000000000000000000000000011000000011100000000000000000000000000000000000000000000000000000000000000000000000000000000000000
000000000000000000010000010000000000000000000000000100100000100100000000000000000000000000000000000000000000000000000000000000011000000011000000000000
000000000000000000010000010000000000000000000000000011000000011000000000000000000000000000000000000000000000000000000000000000100100000100100000000000
000000000000000000010000010000000000000000000000000000000000000000000000000000000000000000000000000000000000000000000000000000011000000011000000000000
000000000000000000000000000000000000000000000000000000000100000000000000000000000000000000000000000000000000000000000000000000000000000000000000000000
000000000000000000000000000000000000000000000000000000001010000000000000000000000000000000000000000000000000000000000000000000000000100000000000000000
000000000000000000000000000000000000000000000000000000001010000000000000000000000000000000000000110000000000000000000000000000000001010000000000000000
000000000000011100000000000000000000000000000000000000000100000000000000000000000000000000000000110000000000000000000000000000000001010000000000000000
000000000000000000000000000000000000000000000000000000000000000000000000000000000000000000000000000000000000000000000000000000000000100000000000000000
000000000001000001000000000000000000000001000000000000000000000000000000000000000000000000000000000000000000000000000000000000000000000000000000000000
000000000010100010100000000000000000000010100000000000000000000000000000000000000000000000000000000000000000001100000000000000000000000000000000000000
000000000010100010100000000000000000000010100000000000000000000000000000000000001100000000000000000000000000000010000000000000000000000000000000000000
000000000001000001000000000000000000000001000000000000000000000000000000000000001100000000000000000000000001110001000000000000000000000000010000000000
000000000000000000000000010000000000000000000000000000000000000000000000000000000000000000000000000000000011111001000000000000000000000000101000000000
000000000000000000000000010000000000000000000000000000000000000000000000000000000000000000000000000000000110000011000000000000000000000000101000000000
