000000000000000000000000000001010000000000000000000000000000000000000000000000000000000000000000000000000000000000000000000000000000000000010000000000
000000000000000000000000000001100011011000000000000000000000000000000000000000000000000000000000000000000000000000000000000000000000011100000000000000
000000000000000000000000000000100000000000011000000000000000000000000000000000000000000000000000011100000000000000000000000000000000000000000000000000
000000000000000000000000000000000001100000011000001000000000000000000000000000000000000000000000000000000000000000000011000000000000000000000000000000
000000000000000000000000000000000001000000000000001000000000000000000000000000000000000000000000000000000000000000000100100000111000000000000000000000
000000000000000000000000000000000100100000000000001000000000000000000000000000000000000000000000000000000000000000000010100000000000000000000000000000
000000000110000000000000000000000100000000000000000000000000000001100000000000000000000000000000000000000000000000000001000000000000000000000000000000
000000001001000000000000000000000010000000000011100011100000000001100000000000000000000000000000000000000000000000000000000000000000000000000000000000
000000001001000000000000000000011011000000000000000000000000000000000000000000000000000000000000000000000000000000000000000000000000000000000000000000
000000000110000000000000000000000010000000000000001000000000000000000000000000000000000000000000000000000000000000000000000000000000000000000000000000
000000000000000000000000000000000001000000000000001000000000000000000000000000000000000000000000000000000000000000000000000000000000000000000000000000
000000000000000000000000000000010001100000000000001000000000000000000000000000000000000000000000000000000000000000000000000000000000000000000000000000
000000000000000000000000000000001000100000000000000000000000000000000000000000000000000000000000000000000000000000000000000001110000000000000000000000
000000000000000000000000000000000111000000000000000000000000000000000000000000000000000000000001000000000000000000000000000000000000000000000000000000
000000000000000000000000000000000000000000000000000000000000000000000000000000000000000000000010100000000000000001100000000000000000000000000000000000
000000000110000000000000000000000000000000000000000000000000000000000000000000000000000000000010100000000000000001100000000000000000000000000000000000
000000000110000000000000000000000000000000000000000000000000000000000000000000000000000000000001000000000000000000000000000000000000000000000000000000
000000000000000000000000000000000000000000000000000000000000000000000000000000000000000000000000000000000000000000000000000000000000000000000000000000
000000000000000000000000000000000000000000000000000000000000000000000000000000000000000000110000000000000000000000000000000010000000000000000000000000
000000000000000000000000000000000000000000000000000000000000000000001000000000000000000001001000000000000000000000000000000010000000000000000000000000
000000000010000000000000000000000000000000000000000000000000000000010100000000000000000000110000000000000000000110000000000010000000000000000000000000
000000000101000011000000000000000000000000000000000000000000000000001000000000000000000000000000000000000000000110000000000000000000000000000000000000
000000000101000011000000000000000000000000000000000000000000000000000000000000000000000000000001000000000000000000000000000000000000000000000000000000
000000000010000000000000000000011100000000000000000000000000000000000000000001000000000000000010100000000000000000000000000000000001100000000000000000
000000000000000000000000000000000000000000000000000000000000000000000000000010100000000000000010100000000000000001000000000000000001100000000000000000
000000000000000000000000000000000000000000000000000000000000000000000000000010010000000000000001000000000000000001000000000000000000000000000000000000
000000000000000000000000000000000000000000000000000000000000000000000000000001100000000000000000000000000000000001000000000000000000001110000000000000
000000000000000000000000000000000000000000000000000000000000000000000000000000000000000000000000000000000000000000000000000000000000000000000000000000
000000000000000000000000000000000000000000000000000000000000000011000000000000000000000000000000000000000000000000000000000000000001100000000000000000
000000000000000000000000000000000000000000000000000000000000000011000000000000000000000000000000000000000000000000000000000000000010010000000000000000
000000000000000000000000000000000000000000000000000000000000000000000000000000000000000000000000000000000000000000000000000000000001010000000000000000
000000110000000000000000000000000010000000000000000000000000000000000000000000000000000000000000000000000000000000000000000000000000100000000000000000
000000110000000000000000000000000010000000000000001110000000000000000000000000000000000000000000000000000000000000000001100000000000000000000000000000
000000000000000000000000000000000010000000000000000000000000000000000000000000000000000011000000000000000000000000000111101000000000000000000000000000
000000000000000000000000000000000000000000000000000000011000000000000000000000000000000011000000000000000000110000000000000100000001100000000000000011
000000000000000000000000000000000000000000000000000000100100000000000000000000000000000000000000000000000001110000000110110100000001100000000000000011
000000000000000000000000000000000000011000000000000000011000000000000000000000000000000000000000000000000011000000000000111000000110000000000000000000
000000000000100000000000000000000000011000000000000000000000000000000000000000000000000000000000000000000001000001000001101000000110000000000000000000
000000000001010000000000000000000000000000000000000000000000000000000000000000000000000000000000000000000000110110000000110000000000000000000000000000
000000000001010000000000000000000000000000000000000000000000000000000000000000011100000000000000000000000000011110000000110000000000000000000000000000
000000000000100000000000000000000000000000000000000000000000000000000000000000001110000000000000000000000000000000000000010100000000000000000000000000
000000000000000000000000000000000000000000000000000000000000000000000000000000000000000000000000000000000000000000000000110110000000000000000000000000
000000000000000000000000000000000000000000000000000110000000000000000000000000000000000000000000000000000000000000000011110001000000000000000000000000
000000000000000000000000000000000000000000000000001001000000000000000000000000000000000010000000000000000000000000000011001101000000000000000000000000
000000000000000000000000000000000000000000000000001010000000000000000000000000000000000101000000000000000000000000000000010000000000000000000000000000
000000000000000000000001100000000000000000000000000100000000000000000000000000000000000011000000000000000000000000000000010010000000000000000000000000
000000001100000000000010010000000000000000000000000000000000000000000000000000000000000000000000000001000000000000000000100000000000000000000000000000
000000000010000000000001100000000000000001100000000000000000000000000000000000000000000000000110000010100000000000000000011000001100000000000000000000
000000000000000010100000000000000000000001100000000000000000000000000000000011100000000000000110000010100000000000000000000000001000000001100010000000
000000000000000001000000000000000000000000000000000000000000000000000000000000000000000000000000000001000000000000000000000000000100001000010011000000
000000000000100000000000000000000000000000000000000000000000000000000000000000000000000000000000000000000000000000000000000000000000000000100000100000
000000000001011101000000000000000000000000000000000000000000000000000000000000000000000000000000110000000000000000000000000000000010000000000000000000
011111000000110101100000001000000000000000000000000000000000000001100000000000000000000000000001001000000000000000000101000000000000000010000000000000
101011000000011000000000010100000000000000000000000000000000000001100110000000000000000000000000110000000000000000000000110000000001000100000100000000
101110000000110011100000010100000000000000000000000000000000011000000110000000000000000000000000000000000000000000000000110000000000001100000110000001
011000000001100001000000001000000000000000000000000000000000011000000000000000000000000000000000000001000000000000000001110000000000000000000000000101
000000011011100100001110000000000000000000000000000000000000000000000000000000000000000000000000000010100000000000000001100000000000000000000000001000
100000110111000110100001000000110000000000000000000000000000000000000000000001100000000000000000000010100000000000000000000000000010000000000000001001
000000110111001000100001000001001000000000000000000000000000000000000000000010010000000000000000000001000000000000000000000000000100000000000000000110
000000011100101111100001000000110000000000000000000000000000000000000000000001010000000000000000000000000000000000000000000000000111000000000000000000
000000000011001110001110000000000000000000000000000000000000000000000000000000100000000000000000000000000000000000000000000000000000000000000000000000
000000000000000000000000001000000000000000000000000000000000011000000000000000000000000000000000000000000010000000000000000000000000000000000000000000
001100000000000000000000010100000100000000001100000000000000011000000000000000000000000000000000000000000101000110000100000000000000000000000000000000
010010000000000000000000010100011001000000001100000000000000000000000000000000000000000000000000000000000000100110001010000000000000000000000000000000
111111000000000000000000001000100000000000000000000000000000000000000000000000000000000000000000000000000101100000000100000000000000000000000000000000
010011000000000000000000000000100000100000000000000000000000000000000000000100000000000000000000000000000101000000000000011000000000000000000000000000
001110000000000000000000000000011110110000000000000000000000000000000000001010000000000100000000000000000010000000000000011000000000000000000000000000
000100000000000000000000000000000000110000000000000000000000000000000000010001000000001010000000001000000000000000000000000000000000000000000000000000
000000000000000000000000000000000000011000000000000000000000110000000000110010000000000100000000010100000000000000000000000000000000000000000000000000
000000000000000000000000001000000000110000000000000000111001001000000011000111000000000000000000010010000000000000000000000000000000000000000000000000
000000000000000000000000001000000100100000000000000000000000110000000000011001100000000000000000001100000000000000000000000000001110000000000000000000
000000000000000000000000000000000011000000000000000000000000000000000100000001110000000000000000000000000011000000000001110000000000000000000000000000
000000000000000000000000000000000000000000000000000000000000000000000000100000000000000000000000000000000100100000000010010000000000000000000000000000
000000000000000000000000000000000000000000000000000000000000000000000011011100000000000000000000000000000011000000000010000000000000000000000000000000
000000000000000000000000000000000000000000011000000000000000000000000000111100100000000000000000000000000000000000000000001011100000000001100001100000
000000000000000000000000000001000000000000111000000000000000000000000000011000100000000000000000000000000000000000111110001000000000000001100001100000
000000000000000000000000000001010000011100110000000000000000000000000000000100100000000000000000000000000000000000111010001000000000000000000000000000
000000000000000000000000000010000000010100000000000000000000000000000001100010000000000000000000000000000000000000100010111100000000000000000000100000
000000000000000000000000000001101000000000000000000000000000000000000010010100000000000000000000000000000000000000001100001101000000000000000111100000
000000000000000000000000000001100000000000000000000110000000000000000010001000000000000000000000000000000000000000000000011011000000000000011111010000
000000000000000000000000000000011100010000000000001111000000001110000000001010000000000000000000000000000000000000001100001101000000000000110000000000
000000000000000000000000000111001101101011100000000001000000100010000001110110000000000000000000000000000000000000100010111100000000000001011101110000
000000000000000000000000000110101001101000000000000011101101100110000001101000100000000000000000000000000000000000111010001000000110000000001110110000
000000000000001000000000000110000010100000110110000000111100101000100000001000000000000000000000000000000000000000111110001000000000100000001111110000
000000000000010100000000000001110010101101100110000000110001100000010100001000100000000000000000000000000000000000000000001000011010000000011010110000
000000000000100100000000000000000001111001001111000000010111000000110000000001100000000000000000000000000000000000000010000000010001110000011111010000
000000000000011000000000000000000000000100000010000000001110000000010001100000000110000000000000000000000000000000000010010000011100000000000011100000
000000000000000000000000000000000000000100000110000000000100000000001001100000101111000000000000000000000000000000000001110000000100000000000000000000
110000000000000000000000000000000000000001111000000000000000000011010000000000001110100000000000000000000000000000000000000000000111000000000000000000
110000000000000011000000000000000000000000000000000000000000000001000000000000100001100000000000000000000000000000000000000000000101000000000000000000
000000000000000100100000000000000000000000000000000000000000000000000000000000010000000000000000000000000000000000000000000000000001000000000000000000
000000000000000011000000000000000000000000000000000000000000000000000000000000101000000000000000000000000000000000000000000000000010000000000000000000
000000000000000000000110001000001000000000000000000000000000000000000000110010011000000000000000000000000000000000000000000000000000000000000000000000
000000000000000000000110001000001000000000000000000000000000000000000000000100000000000000000000000001100000000000000000000000000000000000100000000000
000000000111000000000000001000001000000000000000000010000000000000000000010000100000000000000000000001100000000000000000000000000000000001011000000000
000000000000000000000000000000000000000000000000000101000000000000000000001001000000000000000000000000000000000000000000000000000000000000100100000000
000000000000000000000000000011100000000000000000000101000000000000000000001110000000000000000000000000000000000000000000000000000000000001000100000000
000000000000000000000000000000000000000000000000000010000000000000000000000000000000000000000000000000000000000000000000000000000000000100000100000000
000000000000000000000000000000000000000000000000000000000000000000000000000000001000000000000000000000000000000000000000000000000000000100100000000000
000000000000000000000000000000000000001100000000000000000000000000000000000000010100000000000000000000000000000000000000000000000000000011000000000000
000000000010000000000000000000000000001100000000000000000000000000000000000000001000000000000000000000000000000000000000000000000000000000000000000000
000000000101000000000000000000000000000000000000000000000000000000000000000000000000000000000000000000000000000000000000000000000000000000000000000000
000000000100100000000110000000000000000000000000000000000000000000000000000000000000000000000000000000000000000000001000000000000000000000000000000000
000000000011000000000110000110000000000000000000000000000000000000000000000000000000000000000000000000000000000000010100000000000000000000000000000000
000000000000000000000000000110000000000000000000000000000000000000000000001101000000000000000000000000000000000000100100000000000000000000000000000000
000000000000000000000000000000000000000000000000000000000000000000000000011101110000000000000000000000000000000000011000000000000000001100000000000000
000000000000000000000000000000000000000000000000000000000000000000000000100100010000000000000000000000000000000000000000000000000000010100000000000000
000000000000000000000000000000000000000000000000000000000000000000000000111010011000000000000000000000000000000000000000000000000000001000000000000000
000000000000000000000000000000000000000000000000000000000000000000000000011010000000000000000000000000000000000000000000000000000000000000000000000000
000000000100000000000000000000000000000000000000000000000000000000000000000000000000000000000000000000000000000000000000000000000000000000000000000000
000000001010000000000000000000000000000000000000000000000000000000000000000000000000000000000000000000000000000000000000000000000000000000000000000000
000000001010000000000000000000000000001100000000000000000000000000000000010000000000000000011000000000000000000000000000000000000000000010000000000000
000000000100000000000000001100000000001100000000000000000000000000000000010110000000000000100100000000000000000000000000000000000000000010000000000000
000000000000000000000000001100000000000000000000000000111000000000000000001111000000000000011000000000000000000000000000000000000000000010000000000000
000000000000000000000000000000000000000000000000000000000000000000000000000000110000000000000000000000000000000000000000000000000000000000000000000000
000000000000000000000000000000000001000000000000000000101000001100000110000100110000000000000000000000000000000000000000000000000000000000000000000000
000000000000000000000000000000000001000000000000000000010000001100000110011000100000000000000000000000000000000000000000000000000000000000000000001100
000000000011100000000000000000000001000000000000000000000000000000000000100000000000000000000000000000000000000000000000000000000000000000000000001100
000000000000000000000000000000000000000000000000000000000000100000000000110101000000000000000000000000000000000000000000000000000000000000000000000000
000000000000000000000000000000011000011100000000000000000010100000000000010010000000000000000000000000000000000000000000000000000000000000000000000000
000000000000000110000000000000011000000000000000000000000001100000000000001100000000000000000000000000000000000000000000000000000000000000000000000000
000000000000001001000000000000000001000000000000000000000011000000000000000000000000000000000000000000000000000000000000000000000000000110000000000000
000000000000000110000000000000000001000000110000000000000011100000000000000000000000000000000000000000000000000000000000000000000000000110000000000000
000000000000000000000001100110000001000000110000000000001100000000000000000000000000000000000000000000000000000000000000000000000000000000000000000000
000000000000000000000001100110011000000000000000000000001000001000000000000000000000000000000000000000000000000000000000000000000000000000000000000000
000000000011000000000000000000011000001100000000000000000000000000000000000000000000000000000000000000000000010000000000000000000000000000000000000000
000000000101000000000000000000000000010010000000000000000100000100000000000000000000000000000000000000000000101000000000000000000000000000000000000000
000110000010000000000000000000000000001100000000000000000011000100110011000000000000000000000000000000000001001000000000000000000000000000001100000000
000110000000000000000000000000000000000000000000000000000000100100000100100000000000000000000000000000000000110000000000011000000000000000010010000000
000000000000000000000000000000000000000000000000000000000000011000000011000000000000000000000000000000000000000000000000011000000000000000010100000000
000000000000000000000000000000000000000000000000000000000000000000000000000000000000000000000000000000000000000000000000000000000000000000001000000000
000000000000000000000000000000000000000000000000000000000000000000000000000000000000000000000000000000000000000000000000000000000000000000000000000000
000000000000000000000000001100000000000000000000000000000000000000000000000000000000000000000000000000000000000000000000000000000000000000000000000000
000000000000000000000010001100000000000000000000000000000000001000000000000000000000000000000000000000000000000000000000000000000000000000000000000000
000000000000000000000010000000000000000000000000000000000000010100000000000000000000000000000000000000000000000000000000000000000000000000000000000000
000000000000000000000010000000000000000000000000000000000000010100000000000000000000000000000000000000000000000000000000000000000000000000000000000000
000000000000000000000000000000000000000000000000000000000000001000000000000000000000000000000000000000000000000000000000000000011000000011000000000000
000000000000000000111000111000000000000000000000000000000000000000000000000000000000000000000000000000000000000000000000000000100100000100100000000000
000000000000000000000000000000000000000000000000000000000000000000000000000000000000000000000000000000000000000000000000000000011000000011000000000000
000000000000000000000000000000000000000000000000000000000000000000000000000000000000000000000000000000000000000000000000000000000000000000000000000000
000000000000000000000000000000000000000000000000000000000000000000000000000000000000000000000000000000000000000000000000000000000000100000000000000000
000000000000001000000000000000000000000000000000000000000000000000000000000000000000000000000000110000000000000000000000000000000001010000000000000000
000000000000001000000000000000000000000000011000000000000000000000000000000000000000000000000000110000000000000000000000000000000001010000000000000000
000000000000001000000000000000000000000000100100000000000000000000000000000000000000000000000000000000000000000000000000000000000000100000000000000000
000000000001000001000000000000000000000000011000000000000000000000000000000000000000000000000000000000000000000000000000000000000000000000000000000000
000000000010100010100000000000000000000000000000000000000000000000000000000000000000000000000000000000000000000000000000000000000000000000000000000000
000000000010100010100000000000000000000000000000000000000000000000000000000000001100000000000000000000000000000000000000000000000000000000000000000000
000000000001000001000000000000000000000000000000000000000000000000000000000000001100000000000000000000000000000000000000000000000000000000010000000000
000000000000000000000000000000000000000000000000000000000000000000000000000000000000000000000000000000000000000000000000000000000000000000101000000000
000000000000000000000000111000000000000000000000000000000000000000000000000000000000000000000000000000000000000000000000000000000000000000101000000000
