11000000000000000000000000000000000000000000000000
10000000000111100000000000000000000000000000000000
00000000000100000000000000000000000000000000000000
00000000000000000000000000000000000110000000000000
00000000000000011100000000000000000110000000001111
00000000010001100100011000000000000000000000011000
10000000000001100100101000000000000000000000101000
10000000001110000000010000000000000011001001110100
00000000000000000000000000000000000100000011100000
00000000000000110000000000000000000100001010000101
00000000000000110000000000000000000011001011000110
00000000000000000000000000110000000001110000000000
00000000000000000000011001001000000000000000000000
00000000000000000000011000110000000000000000000000
00000000000000000000000000000000000000000000000000
00000000000000000000000000000000000000000000000000
00000000000000000000000000000000000000000000000000
00000000000000000000000000000000000000000000000000
00000000000000000000000000000000000000000000000000
00000000000000000000000000000000000000000000000000
00000000000000000000000000000000000000000000000000
00000000000000000000000000000000000000000000000000
00000000000000000000000000000000000000000000000000
00000000000000000000000000000000000000000000000000
00000000000000000000000000000000000000000000000000
00000010100000000000000000000000000000000000000000
00001100011000000000000001000000000000000000000000
00000001010000000000000001000000000000000000000000
11000001010000000000000001000000000000000000000000
00001110110000000000000000000000000000000000000001
10100000000000000000011100011100011000000000000000
01010000000000000000000000000000011000000000000000
00010000000000000000000001000000000000000000000000
00001000001100000000000001000000000000000000001100
00000000001100000000000001000000000000000000010010
00000000000000000000000000000000000000000000001100
00000110111000000000000000000000000000000000000000
00000100000100000000000000000000000000000000000000
00000000000010000000000000000000000000000000000000
00000011111100000000000000000000000011000000000000
00000001000000000000000011000000000011000000000001
11000000000000000000000011000000000000000000000110
00000000000000000000000000000000000000000000000000
00100000000000000000000000000000000000000000001000
01100110000000000000000000000000000000000000000000
01000110000000011000000000000000000000000000000100
10000000000000011000000000000000000000000000000000
00000000000000000000000000000000000000000000000010
00000000011000000000000000000000000000000000000110
10100000001100000000000000000000000000000000000011
