000000000000000000000110000000000000000000000000000000000000000000000000000000000000000000000000000000000000000000000000000000000000001000010000000000
000000000000000000001001000000000000000000011000000000000000000000000000000000000000000000000000001000000000000000000000000000000000001000000000000000
000000000000000000000110000000000000000000110000000000000000000000000000000000000110000000000000001000000000000000000000000000000000001000000000000000
000000000000000000000000000000000000000000001000000000000000000000000000000000001000100000000000001000000000000000000011000000010000000000000000000000
000000000000000000000000000000000000000000000000000000000000000000000000000000010000100000000000000000000000000000000100100000010000000000000000000000
000000000000000000000000000000000000000000000000000000000000000000000000000000001000100000000000000000000000000000000010100000010000000000000000000000
000000000110000000000000000000000000000000000000000000000000000001100000000000000111000000000000000000000000000000000001000000000000000000000000000000
000000001001000000000000000000000000000000000000000000000000000001100000000000000000000000000000000000000000000000000000000000000000000000000000000000
000000001001000000000000000000000000000000000000001100000000000000000000000000000000000000000000000000000000000000000000000000110000000000000000000000
000000000110000000000000000000000000000000000000001100000000000000000000000000000000000000000000000000000000000000000000000001111000000000000000000000
000000000000000000000000000000000000000000000000000100000000000000000000000000000000000000000000000000000000000000000000000011001110000000000000000000
000000000000000000000000000000000000000000000000000000010000000000000000000000000110000000000000000000000000000000000000000101001010000000000000000000
000000000000000000000000000000000000000000000000000000010000000000000000000110000110000000000000000000000000000000000000000010001011000000000000000000
000000000000000000000000000000000000000000000000000000010000000000000000001000000000000000000001000000000000000000000000000000001010000000000000000000
000000000000000000000000000000000000000000000000000000000000000000000000001100000000000000000010100000000000000000000000000000000100000001100000000000
000000000110000000000000000000000001100000000000000000000000000000000000000100000000000000000010100000000000000000100000000000000000000010010000000000
000000000110000000000000000000000001100000000000000000000000000000000000001111100000000000000001000000000000000001010000000000000000000001100000000000
000000000000000000000000000000000000000000000000000000000000000000000000001101100000000000000000000000000000000000100000000000000000000000000000000000
000000000000000000000000000000000000000000000000000000000000000000000000000000000000000000110000000000010100000000000000000000000000000000000000000000
000000000000000000000000000000000000000000000000000000000000000000001000000010000000000001001000001000000100000000000000000000000000000000000000000000
000000000010000000000000000000000000000000000000000000000000000000010100000111000000000000110000000100000000000000000000000000000000000000000000000000
000001100101000011000000000000000000000000000000000000000000000000001000001011000000000000000000000100001000000000000000000000000000000000000000000000
000001100101000011000000000000001000000000000000000000000000000000000000001010000000000000000001000001100000000000000000000011000000000000000000000000
000000000010000000000000000000001000000000000000000000000000000000000000000100000000000000000010100000000000000000010000000011000000000000000000000000
000000000000000000000000000000001000000000000000000000000010000000000000000000000000000000000010100000000000000000010000000000000000000000000000000000
000000000000000000000000000000000000000000000000000000000101000000000000000000000000000000000001000000000000000000010000000000000000000000000000000000
000000000000000000000000000000000000000000000000000000000100100000000000000000000000000000000000000000000000000000000000000000000000000000000000000000
000000000000000000000000000000000000000000000000000000000011000000000000000000000000000000000000000000000000000000000000000000000000000000000000000000
000000000000000000000000000000000000000000000000000000000000000000000000000000000000000000000000000000000000000000000000000000000000000000000000000000
000000000000000000000000000000000000000000000000000000000000000000000000000000000000000000000000000000000000000000000000000000000000000000000000000000
000011000000000000110000000000000000000000000000001000000000000000000000000000000000000000000000000000000000000000000000000000000000100000000000000000
001000000000000000110000000000000000000000000000010100000000000000000000000000000000000000000000000000000000000000000000000100000001010000000000000000
000000010000000000000000000000000111000000000000001100000000000000000000000000000000000000000000000000000000000000000001001100000001010000000000000000
110000011000000000000000000000000000000000000000000000000000000000000000000000000000000011000000000000000000000000000010010000010000100000000000000011
111010100000000000000000000010000000000000000000000000000000000000000000000000000000000011000000000000001100000000000010000011001000000000000000000001
000000000000000000000000000101000000000000000000000000000000000000000000000000000000000000000000000000001100000000000010011000001000000000000000000000
000000000001110000011011000101000000011000000000010000000000000000000000000000000000000000000000000000000000000000000001000001001000000000000000000000
000000000001010000110001100010000000011000000000010000000000000000000000000000000000000000000000000000000000000000000000000110010000000000000000000000
000000000001110000011011000000000000000000000000010000000000000000000000000000000000000000000000000000000000000000000000000100000000000000000000000000
000000000000000000001110000000000000000000000000000000000000000000000000000000000000000000000000000000000000000000000000000000000000000000000000000000
000000010100000000000100000000000000000000000000000000000000000000110000000000000000000000000000000000000000000000000000000000000000000000000000000000
000000011000000000000000000000000000000000000000000000000000000001001000000001000000000000000000000000000000000000000000000000000000000000000000000000
000000011000000000000000000000000000000000000000001100000000000000101000000001000000000000000000000000000000000000000000000000000000000000000000000000
000000000000000000000000000000000000000000000000001010000000000000010000000001000000000010000000000000000000000000000000000000100000000000000000000000
000000000000000000000000000000000000000000000000000001000000000000000000000000000000000101000000000000000000000000000000000001011000000000000000000000
000000000000000000000000000000000000000000000000011000000000000000000000011100011100000011000000000000000000000000000000000110011000000000000000000000
000000000000000000000000000000000000000000000001100000100000000000000000000000000000000000000000000001000000000000000000001111011000000000000000000000
000000000000000000000000000000000000000000110111010001000000000000000000000001000000000000000110000010100000000000000000001001100000000000000000000000
000000000000001000000000000000000000000001010000000010000000000000000000000001000000000000000110000010100000000000000000000100100000000000000000000000
000000000000001000000000000000000000000001010110000100000000000000000000000001000000000000000000000001000000000000000000000111000000000000000000000000
000000000000001000000000000000000000000000100000000000000000000000000000000000000000000000000000000000000000000000000000000000000000000000000000000000
000000000000000000000000000000000000000000000000000000000000000000000000000000000000000000000000110000000000000000000000000000000000000000000000000000
000000000000000000000000000000000000000000000000000000000000000000000000000000000000000000000001001000000000000000000000000000000000000000000000000000
000000000000000000000000000000000000000000000000001100000000000000000000000000000000000000000000110000000000000000000000000000000000000000000000000000
000000000000000000000000000000000000000000000000001100000000000000000000000000000000000000000000000000000000000000000000000000000000000000000000000000
110000010000000000000000000000000000000000000000000000000000000000000000000000000000000000000000000001000000000000000000000000000000000000000000000000
110000101000000000000000000000000000000000000000000000000000000000000000000000000000000000000000000010100000000000000000000000000000000000000000000000
000000011000000000000000000000000000000000000000000000000000000000011100000001100000000000000000000010100000000000001100000000000000000000000000000100
000000000000000000000000000000000000000000000000000000000000000000000000000010010000000000000000000001000000000000001100000000000000001100000000001010
000000000000000000000000000000000000000000000000000000000000000000000000000001010000000000000000000000000000000000000000000000000000001100000000001001
000000001100000000000000000000000000000000000000000000000000000000000000000000100000000000000000000000000000000000000000000000000000000000000000000110
000000001010000000000000000000000000000000000000000000000000000000000000000000000000000000000000000000000110000000000000000000000000000000000000000000
000000000100000000000000000000000000000000000000000000000011000000000000000000000000000000000000000000000110000000000000000000000000000000000000000000
000000000000000000000000000000000000000000000000000000000011000000000000000000000000000000000000000000000000000000000000000000000000000000000000000000
000000000000000000000000000000000000000000000000000000000000000000000000000000000000000000000000000000000000000000000000000000000000000000000000000000
000000000000000000000000000000000000000000000000000000000000000000000000000000000000000000000000000000000110000000000000000000000000000000000000000000
000000000000000000000000000000000000000001100000000000000000000000000000000000000000000100000000000000000110000000000000000000000000000000000000000000
000000000000000000000000000000000000000001100000000000000000000000000000000000000000001010000000001000000000000000000000000000000000000000000000000000
000000000010000000000000000000000000000000000000000000000000000000000000000000000000000100000000010100000000000000000000000000000000000000000000000000
000000000101000000000000000000000000000000000000000011000000000000000000000000000000000000000000010010000000000000000000000000000000000000000000000000
000000000101000000000000000000000000000000000000000011000000000000000000000000000000000000000000001100000000000000000000000000000000000000000000000000
000000000010000000000000000000000000000000000000000000000000000000110000000000000000000000000000000000000010000000000000000000000000110000000000000000
000000000000000000000000000000000000000000000000000000011000000000110000001000000000000000000000000000000010000000000000000000000001001000000000000000
000000000000000000000000000110000000000000000000000000011000000000000000000110000000000000000000000000000010000000000000000000000001001000000000000000
000000000000000000000000000110000000000000000000000000000000000000000000000100000000000000000000000000000000000000000000000000000000110000000000001100
000000000000000000000000000000000000000000000000000000000000000000000000000000000000000000000000000000000000000000000000010000000000000000000000010010
000000000000000000000000000000000000000000000000000000000000000000000001010000000000000000000000000000000000000000000000101000000000000000000000001100
000000000000000000000000000000011100000110000000000000000000000000000010011110000000000000000000000000000000000000000000101000001000000000000000000000
000000000000000000000000000000100100000110000000000000000000000000000010000001000000000000000000000000000110000000000000010000010110000000000000000000
000000000000000000000000000001000000000000000000000000000000000000000001100011000000000000000000000000000110000000000000000000010000000000000000000000
000000000000000000000000000000101010000000000000000000000000000000000000000000000000001100000000000000000000000000000000000000000000000000000000000000
000000000000000000000000000000011101100000000000000000000000000000000000000000000000001100000000000000000000000000000000110000000001000000000000000000
000000000000000000000000000000000011000000000000000000000000000000000000000000000000000000000000000000000000000000000000111010000100000000000000000000
000111000000001000000000100100000000000000000000000000000000000000000000000000000000000000000000000000000000000000000000011111000010000000000000000000
000000000000001000000001000111000000000000000000000000000000000000000000000000000000000000000000000000000000000000000000000110100000000000000000000000
010000000000001000000001100000100000000000000000000000000000000000000000000000000000000000000000000000000000000000000000000000100000000000000000000000
010000000000000000000000000100100000000000000000000000000000000000000000000000000000000000000000000000000000000000000000110011000000000000000000000000
010000000000000000000000000011000000000000000000000000000000000111000000000001100000110000000000000000000000000000000000111011000001000000000000000000
000000000000000000000000000000000000010000000000000000000000000000000000000001100001001000000000000000000000000000000000111000000001000000000000000000
000000000000000000000000000000000000101000000000000000000000000000000000000000000000110000000000000000000000000000000000011100000001000000000000000000
000000000000000000000000000000000001101100000000000000000000000000000000000000000000000000000000000000000000000000000000010010000000000000001100000000
000000000000000000000000000000000000100100000000000000000000000000000000000000000000000000000000000000000000000000000000010010000000000000001100000000
000000001001000000000000000000000000010010000000000000000000000000000000000000000000000000000000000000000000000000000000001010000000000000000000000000
000000010000011000000000000000000000010100000000000000000000000000000000000000000000000000000000000001100000000000000000000000000000000000000000000000
011000100000001100000000000000000000000000000000000000000000000000000000000000000000000000000000000001100000000000000000000000000000110000000000000000
101100110001111110000000000100000001110000000000000000000000000000000000000000000000000000000000000000000000000000000000000000000000110000000000000001
001000000000111000000000000100000001110000000000000000000000000000000000000000000000000000000000000000000000000000000000000000000000000000000000000001
001000000000000000000000000100000000100000000000000000000000000000000000000000000000000000000000000000000000000000000000000000000000000000000000000001
110000000111110111000000000000000000000000000000000000000000000000000000000000000000000000000000000000000000000000000000000000000000000000000000000000
000000000011111111100000000000000000000000000000000000000000000000000000000000000000000000000000000000000000000000000000000000000000000000000000000000
000000000110111100000011100000000000000000000000000100000000000000000000000000000000000000000000000000000000000000000000000000000000000000000000000000
000000000000000001010100100000000000000000001100001110000000000000000001000000000000000000000000000000000000000000000000000000000000000000000000000000
000001110000000000110100100000000000000000100000111010011000000000000011100000000000000000000000000000000000000000001000000000000000000000000000000000
111000000000011000000101000000000000000000000000110000011000000000000010010000000000000000000000000000000000000000010100000000000000000000000000000001
000010000010000000000000000000000000000001000000100000000000000000001011111000000000000000000000000000000000000000100100000000000000000000000000000001
111110000111111000000000000000000000100000000000000001000000000000011011110000000000000000000000000000000000000000011000000000000000001100000000000000
000110000000100000000000110000000001110000110110000001000000000000000000000000000000000000000000000000000000000000000000000000000000010100000000000000
000001001101000000000000110000000010101000001000000000001100000000000100000000000000000000000000000000000000000000000000000000000000001000000000000000
010011010111100000000000000000000111011100000000000000000010000011000000000110000000000000000000000000000000000000000000000000000000000000000000000000
101011011001100010000000000000000010010000000000000000000000000100000001110111000000000000000000000000000000000000000000000000000000000000000000000000
100101000011000101001100000000000001111000000000000000001001000100100000000110000000000000000000000000000000000000000000000000000000000000000000000000
011000111110001001001100000000000000100010000000000000001000000010001100000000000000100000000000000000000000000000000000000000000000000000000000000000
000000011100000110000000000000000000000010000000000000001110101000101000000000000001010000000000000000000000000000000000000000000000000111000000001100
000000000000000000000000000000011000000101000000000000001001101101100011110000000010010000000000000000000000000000000000000000000000000000000000001100
000000000000000000000000000000110000000000000000000000000101000001001011111000000001100000000000000000000000000000000000000000000000000000000000000000
000000000000000000000000000000010100111010110000000000000001100100011010010000000000000000000000000000000000000000000000000000000000000000000000000000
000000000000000000000000000000001101010011111000000000000000000100010011100000000000000000000000000000000000000000000000000000000000000000000000001100
000000000000000000000000000000001100011011100100000000000000001001010001000000000000000000000000000000000000000000000000000000000000000000000000001100
000000000000000000000000000000000000000000010010000000000001001000100000000000000000000000000000000000000000000000000000000000000000000000000000000000
000000000000000000000000000000000011100000000000000000000000100000000000000000000000000000000000000000000000000000000000000000000000000000000000000000
000000000000000000000000000000000000000011010100000000000000000000000000000000000000100000000000000000000000000000000000000000000000000000000000000000
000000000000000000000000000000000110000011011000000000000000000000000000000000000001010000000000000000000000000000000000000000000000000110000000000000
000000000011000001100000000000000111000000010000000000000000000000000000000000000001010000000000000000000000000000000000000000000000000110000000000000
000000000011000001100000000000000110100000010000000000000000000000100000000000000000100000000000000000000000000000000000000000000000000000000000000000
000000000000000000000000000000000001011001100000000000000001100000100000000000000000000000000000000000000000000000000000000000000000000000000000000000
000000000000000000000000000000000010001000000000000000000001100000000000000000000000000000000000000000000000010000000000000000000000000000000000000000
000000000000000000000000000000000001001000000000000000000000111000000000000000000000000000000000000000000000101000000000000000000000000000000000000000
000000000000000000000000000000000001110000000000000000000000001011100000000000000000000000000000000000000001001000000000000000000000000000001100000000
000000000000000000000000000000000000000000000000000000100010000001100000000000000000000000000000000000000000110000000000011000000000000000010010000000
000000000000000000000000000000000000000000000000000000100011100000000000000000000000000000000000000000000000000000000000011000000000000000010100000000
000000000000000000000000000000000000000000000000000000001101100011000000000000000000000000000000000000000000000000000000000000000000000000001000000000
000000000000000000000000000000000000000000000000000000000111100011000000000000000000000000000000000000000000000000000000000000000000000000000000000000
000000000000000000000000000000000000000000000000000000011010000010000000000000000000000000000000000000000000000000000000000000000000000000000000000000
000000000000000000000000000000000000000000000000000000000100000000000000100000000000000000000000000000000000000000000000000000000000000000000000000000
000000000000000000000000000000000000001100000000000000011000000000000001010000000000000000000000000000000000000000000000000000000000000000000000000000
000000000000000000001100000000000000001100000000000000000000000000000001010000000000000000000000000000000000000000000000000000000000000000000000000000
000000000000000000001100000000000000000000000000000000000000000000000000100000000000000000000000000000000000000000000000000000011000000011000000000000
000000000000000000000000000000000000000000000000000000000000000000000000000000000000000000000000000000000000000000000000000000100100000100100000000000
000000000000000000000000000000000000000000000000000000000000000000000000000000000000000000000000000000000000000000000000000000011000000011000000000000
000000000000000000000000000000000000000000000000000000000000000000000000000000000000000000000000000000000000000000000000000000000000000000000000000000
000000000000000000000000000000000000000000000000000000000000000000000000000000000000000000000000000000000000000000000000000000000000100000000000000000
000000000000000000000000000000000000000000000000000000000000000000000000000000000001000000000000110000000000000000000000000000000001010000000000000000
000000000000000000000000000000000000000000000000000000000000000000001100000000000001000000000000110000000000000000000000000000000001010000000000000000
000000000000000000000000000000000000000000000000000000000000000000001100000000000001000000000000000000000000000000000000000000000000100000000000000000
000000000000000000001100011000000000000000000000000000000000000000000000000000000000000000000000000000000000000000000000000000000000000000000000000000
000000000000000000010010011000000000000000000000000000000000000000000000000000001000000000000000000000000000000000000000000000000000000000000000000000
000000000000000000010100000000000000000000000000100000000000000000000000000000010100000000000000000000000000000000000000000000000000000000000000000000
000000000000000000001000000000000000000000000001010000000000000000000000000000010100000000000000000000000000000000000000000000000000000000010000000000
000000000000000000000000000000000000000000000001010000000000000000000000000000001000000000000000000000000000000000000000000000000000000000101000000000
000000000000000000000000000000000000000000000000100000000000000000000000000000000000000000000000000000000000000000000000000000000000000000101000000000
