000000000000000000000000010000000000000000000000000000000000000000000000000000000000000000000000000000000000000000000000000000000000001000010000000000
000000000000000000000000000000000000000000000110000000000000000000000000000000000000000000000000001000000000000000000000000000000000001000000000000000
000000000000000000000000000000000000000000000110000000000000000000000000000000000000000000000000001000000000000000000000000000000000001000000000000000
000000000000000000000000000000000000000000000000000000000000000000000000000000000000000000000000001000000000000000000011000000010000000000000000000000
000000000000000000000000000000000000000000000000000000000000000000000000000000000000000000000000000000000000000000000100100000010000000000000000000000
000000000000000000000000000000000000000000000000000000000000000000000000000000000000000000000000000000000000000000000010100000010000000000000000000000
000000000110000000000000000000000000000000000000000000000000000001100000000000000000000000000000000000000000000000000001000000000000000000000000000000
000000001001000000000000000000110000000000000000000000000000000001100000000000000000000000000000000000000000000000000000000000000000000000000000000000
000000001001000000000000000000110000000000000000000000000000000000000000000000000000000000000000000000000000000000000000000000000000000000000000000000
000000000110000000000000000000000000110000000000000000000000000000000000000000000000000000000000000000000000000000000000000000000000000000000000000000
000000000000000000000000000000000000110000000000011000000000000000000000000000000000000000000000000000000000000000000000000000000000000000000000000000
000000000000000000000000000000000000000000000000011000000000000000000000000000000000000000000000000000000000000000000000000000100000000000000000000000
000000000000000000000000000000000000000000000000000000000000000000000000000000000000000000000000000000000000000000000000000000100000000000000000000000
000000000000000000000000000000000000000000000000000000000000000000000000000000000000000000000001000000000000000000000000000000100000000000000000000000
000000000000000000000000000000000000000100000000000000000000000000000000000000000000000000000010100000000000000001100000000000000000000000000000000000
000000000000000000000000000000000000001010000000000000000000000000000000000000000000000000000010100000000000000001100000000000000000000000000000000000
000000000000000000000000000000000000001010000000000000000000000000000000000000000000000000000001000000000000000000000000000000000000000000000000000000
000000000000000000000000000000000000000100000000000000000000000000000000000000000000000000000000000000000000000000000000000000000000000000000000000000
000000000000000000000000000000000000000000000000000000000000000000000000000000000000000000110000000000000000000000000000000000000000000000000000000000
000000000000000000000000000000000011000000011000000000000000000000001000000000000000000001001000000000000000000000000000000000000000000000000000000000
000000000000000000000000000000000100100000100100000000000000000000010100000000000000000000110000000000000000000000000000000000000000000000000000000000
000000000000000011000000000000000011000000011000000000000000000000001000000000000000000000000000000000000000000000000000000000000000000000000000000000
000000000000000011000000000000000000000000000000000000000000000000000000000000000000000000000001000000000000000000000000001100000011000000000000000000
000000000000000000000000000000000000000100000000000000000000000000000000000001000000000000000010100000000000110110000000001100000011000000000000000000
000000000000000000000000000000000000001010000000000000000000000000000000000010100000000000000010100000000001110000000000000000000000000000000000000000
000000000000000000000000000000000000001010000000000000000000000000000000000010010000000000000001000000000000001011000000000000000000000001000000000000
000000000000000000000000000000000000000100000000000000000000000000000000000001100000000000000000000000000001001111111011000000000000000001000000000000
000000000000000000000000000000000000000000000000000000000000000000000000000000000000000000000000000000000000000001010101100000000000000001000000000000
000000000000000000000000000000000000000000000000000000000000000011000000000000000000000000000000000000000000000111010001100000000000000000000000000000
000000000000000000000000000000000000000000000000000000000000000011000000000000000000000000000000000000000000010001110011100000000000011100011100000000
000000000000000000000000000000000000000000000000000000000000000000000000000000000000000000000000000000000000011101100001100000000000000000000000000000
000000000000000000000000000000000000000000000000000100000000000000000000000000000000000000000000000000000000000111000000000000000000000001000000000000
000010000000000000000000000000000111000000000000000100000000000000000000000000000000000000000000000000000000000010000000000000000000000001000000000000
000010000000000000000000000000000000000000000000000100000000000000000000000000000000000011000000000000000000000000000000000000000000000001000000000000
000010000000000000000000000000000000000000000000000000011000000000000000000000000000000011000000000000000000000000000011000000000000000000000000000000
000000000000000000000000000000000000000000000000000000100100000000000000000000000000000000000000000000000000000000000011000000000000000000000000000000
000000000000100000000000000000000000011000000000000000011000000000000000000000000000000000000000000000000000000000000000000000100000000000000000000000
000000000000100000000000000000000000011000000000000000000000000000000000000000000000000000000000000000110000000000000000000000100000000000000000000000
000000000001110000000000000000000000000000000000000000000000000000000000000000001000000000000000000001010000000000000000000000100000000000000000000000
000000000000000000000000000000000000000000000000000000000000000000000000000000010010000000000000000001000011000000000000000000000000000000000001000000
000000011100000000000000000000000000000000000000000000000000000000000000000000010010000000000000000000111000100000000000000000000000000000000011100000
000000000000000000000000000000000000000000000000000000000000000000000000000000000100000000000000000000010000100000000000000010000000000000000100010000
000000000001000000000000000000000000000000000000000110000000000000000000000000000000000000000000000000001101100000000000000111000000000000000110110000
000000000000000000000000000000000000000000000000001001000000000000000000000000000000000010000000000000000110000000000000001101100000000000000000000000
000000000000110000000000000000000000000000000000001010000000000000000000000000000000000101000000000000000000000000000000000000000010110000000000000011
000000000001110000000000000000000000000000000000000100000000000000000000000000000000000011000000000000000000000000000000000000000100000000000000000100
000000000010111110000000000000000000000000000000000000000000000000000000000000000000000000000000000000000000000000000000000000000100001100000000000010
100000000111000010000000000000000000000001100000000000000000000000000000000001000000000000000000001100000000000000000000110011101100100100000000000000
100000001010001110000000000000000000000001100000000000000000000000000000000001000000000000000000001100000000000000000010110100010111000100000000000001
000000001000000000000000000000000000000000000000000000000000000000000000000001000000000000000000000000000000000000000010100000010000011000000000110000
000000101100000000000000000000000001110000000000000000000000000000000000000000000000000000000000000000000000000001100001111000000000000000000001001000
000001100000000000000000000000000000000000000000000000000000000000000000000000000000000000000110000000000001100001100000010000100001000000000001000000
000000010000000000000000000000000000000000000000000000000000000001100000000000000000000000000110000000000001100000000000001010100010000000000000110000
000000000000000000000000000000000000000000000000000000000000000001100110000000000000000000000000000000000000000000000000000100001100000000000000001000
000000000000000000000000000000000000000000000000000000000000011000000110000000000000000000000000000000000000000000000000000000000000000000000000001000
000000000000000000000000000000000000000000000000000000000000011000000000000000000000000000000000000000000000000000000000000000000000000000000000000000
000000000000000000000000000011000000000000000000000000000000000000000000000000000000000000000000000000000000000000000000000000000000000000000000000000
000000000000000000000000000100100000000000000000000000000000000000000000000001100000000000000000000000000000000000000011000000000000000000000000000000
000000000000000110000000000011000000000000000000000000000000000000000000000010010000000000000000000000000000000000000100100000000000000000000000000000
000000000000000110000000000000000000000000000000000000000000000000000000000001010000000000000000000000000000000000000011000000000000000000000000000000
000000000000000000000000000000000000000000000000000000000000000000000000000000100000000000000000000000000000000000000000000000000000000000000000000000
000011000111000000000000000000000000000000000000000000000000000000000000000000000000000000000000000000000000000000000000000000000000000000000000000000
000011000000000000000000000000000000000000000000000000000000000000000000000000000000000000000001000000110000000000000000000000000000000000000000010000
000111000011000000000000000000000000000000000000000000000000000000000000000000000000000000000001000001100000000000000000000000000000000000000000101000
001101000000000000000000000000000000000000000000000000000000000000000000000000000000000000000001000010011100000000000000000000000000000000000000010000
001101100000000000000000000000000000000000000000000000000000000000000000000000000000000000000000000000010010000000000000000000000000000000000000000000
011010000000000000000000000000000000000000000000000000110000000000000000110000000110000010000000000001010010000000000001100000000000011100000000000000
000101110000000000000100000000000000000000000000000000110000000000000000110000001001100101000000000001000010000110000010010000000000100010000000000000
000000101000000000001010000000000000000000000011001110000000100000000000000000000100100101000000000000000100001000100001100000000000000101000000000000
000000000000000000001010000000000000000000001111111010000001010000000000000000000011100010001100000000111000000100100000000000000001000001100000000110
000001000100000000000100000000110000000000110000011010000001100000000000000000000000000000010010000000000000000010010000000010000011011011100000000110
000010011000000000000000000000110000000011000100100000000000000000000000000000000000000000001100000000000000000000101000000101000000010101100000000000
000010100000000000000000000001000000000010010100100000000000000000011000000000000000000000000000000000000000000000101000000101000011001000000000000000
000001000001000000000000000001110000000011010111100000000000000000011000000000000000000000000000000000000000000000010000000010000001010000000000000000
000000000010100000000000000000100000000000001000010000000000000000000000000000000000000000000000000000000000000000000000110000000001010110000000000001
100000000000100010000000000000000000000000001110000000000000000000000000000000000000000000000000000000000000000000000000110000000000011110000000000010
100000000001000101000000000000000000000000000000000000000000000000000000000000000000000000000000000000000000000000000000000000000000000000000000000100
000000000000001101100000000000000000000000000000000000000001100000000000000000000000000000000000000000000000000111000000000000000000000000000000000011
000000000000000000000000000000110101000000000000000000000001100000000000000000000000000000000000000000000000000000000000000000000000000000000000000000
000000000000000000000000000001010101000011011100000000000000000000000000000000000000000000000000000000000000000000000000000000000000000000000000000000
000000000000000000000000000001000000100111000000000000000100000000000000000000000000000000000000000000000100000000000000000000000000000000000000000000
000000000000000000011000000011111110010110010000000000001110000000000001000000000100000000000000000000001110000000000000000000000000000000000000000000
000000000000000000011000000011011000010001000000000000011101000000000001000000000100000000000000000000011011000000000000000000000000000000000000000000
000000000000000000000000000011100001000000001000000000000010000000000001000000000100000000000000000000000001100000000000000000000000000000000000000000
000000000000000000000000000001100000010000000000000000111011100000000001100000000000000000000000000000000001110000000000000110000000000000000000000000
000000000000000000000000000000110100011000000000000001011011100000000001100000000000000000000000000000000001100000000000000101000000000000000000000000
000000000000000000000000000000011100000000000011000011110001100000000000000000000000000000000000000000011011000000000000000010000000000011000000000010
011000000000000000000000000000001000010111011111000000000000000000000000010100000000000000000000000000001110000000010000000000000000000011000000000101
001000000000000000000000000000000001100011000001100000000000000000000000010010000000000000000000000000000100000000101000000000000000000000000000000000
111000000000000011000000000000000000001010000101100000000000000000000000010100000000000000000000000000000000000000101000000000000000000000000001010000
110000000000000100100000000000000001101010000111000000000000000000000000000000000000000000000000000000000000000000010000000000000000000000000001000111
000000000000000011000000000000000000000100000000000000000000000000000000000000000000000000000000000000000000000000000000000000000000000000000000000010
111000000000000000000000000000000000000001000000000000000000000000000000000000000000000000000110000000000000000000000000000000000000000000000000010011
111000000010000000000000000000000000000001110000000000000000000000000000000000000000000000000110000000000000000000000000000000000000000000000000011011
000000000010000000000000000001100000000001010000000000000000000000000000000000000000000000000000000000000000111000000000000000000000000000000100000000
000000000010000000000000000001100000000000000000000000000000000000000000000000001000000000000000000000000001101000000000000000000000000000001000010000
000000000000000000000000000000000000001100000000000000000000100000000000000000001000000000000000000000000000100000000000000000000000000000011100101100
000000000000000000000000000000000000001100000000000000000001010000000000000000001000000000000000000000000011100000000000000000000000000000001000011110
000000000000000000000000000000000000000000000000000000000001010000000000000000000000000000000000000000000101000000000000000000000000000000000110001001
000000000000000000000000000000000000000000000000000000000000100000000000000011100001000000000000000000000010000110000000000000000000000000000001000100
000000000010000000000000000000000000000000000000000000000000000000000000000010000111000000000000000000000000001101000000000000000000000000000001010100
000000000101000000000000000000000000000000000000000000000000000000000000000100000111100000000000000000000000010101000000000000000000000001000000111000
000000000100100000000110000000000000000000000000000000000000000000000100000101000000000000000000000000000000110110001000000000000000000010100000010000
000000000011000000000110000110000000000000000000000000000000000000001010000011000011000000000000000000000000011100010100000000000000000001100000000000
000000000000000000000000000110000000000000000000000000000000000000000110000000000011000000000000000000000000001000100100000000000000000000000000000000
000000000000000000000000000000000000000000000000000000000000000000000000000000000000000000000000000000000000000000011000000000000000001100000000000000
000000000000000000000000000000000000000000000000000000000000000000000000000000000000000000000000000000000000000000000000000000000000010100000000000000
000000000000000000000000000000000000000000000000000000000000000000000000000000000000000000000000000000000000000000000000000000000000001000000000000000
000000000000000000000000000000000000000000000000000000000000000000000000000000000000000000000000000000000000000000000000000000000000000000000000000000
000000000100000000000000000000000000000000000000000000000000000000000000000000000000000000000000000000000000000000000000000000000000000000000000000000
000000001010000000000000000000000000000000000000000000000000000000000000011100000000000000000000000000000000000000000000000000000000000000000000000000
000000001010000000000000000000000000001100000000000000000000000000000001110010000000000000000011000000000000000000000000000000000000000000000000000000
000000000100000000000000001100000000001100000000000000000000000000000000000000000000000000000001000000000000000000000000000000000000000111000000000000
000000000000000000000000001100000000000000000000000000000000000000000010011110000000000000001001011000000000000000000000000000000000000000000000000000
000000000000000000000000000000000000000000000000000000000000000000000001011000000000000000001011101000000000000000000000000000000000000000000000000000
000000000000000000000000000000000000000000000000000000110000000000000000000000000000000000001110001000000000000000000000000000000000000000000000000000
000000000001000000000000000000000011100000000000000000110000000000000000111010000000000000000000000000000000000000000000000000000000000000000000001100
000000000001000000000000000000000000000000000000000000000000000000000001100101000000000000000000000111000000000000000000000000000000000000000000001100
000000000001000000000000000000000000001000000000000000000000000000000001100011000000000000000000000111000000000000000000000000000000000000000000000000
000000000000000000000000000000011000001000000000000000000000000000000000000111000000000110000000100000100000000000000000000000000000000000000000000000
000000000000000110000000000000011000001000000000000000000000000000001110000001110000001001000000101011000000000000000000000000000000000000000000000000
000000000000001001000000000000000000000000000000000000000000000000000001100000110000000110000000101011000000000000000000000000000000000110000000000000
000000000000000110000000000000000011100000110000000000000000000000100101100000000000000000000000000000000000000000000000000000000000000110000000000000
000000000000000000000001100110000000000000110000000000000000000000000000000000000000000000011100000000000000000000000000000000000000000000000000000000
000000000000000000000001100110011000000000000000000000000000000000011000000000000000000000100001000000000000000000000000000000000000000000000000000000
000000000011000000000000000000011000001100000000000000000000000000110001000011000000000001000000100000000000010000000000000000000000000000000000000000
000000000101000000000000000000000000010010000000000000011100000001010111110011000000000000100100010000000000101000000000000000000000000000000000000000
000110000010000000000000000000000000001100000000000000010000000001000000110000000000000000000000010000000001001000000000000000000000000000001100000000
000110000000000000000000000000000000000000000000000000001000000001011000111000000000000000000100010000000000110000000000011000000000000000010010000000
000000000000000000000000000000000000000000000000000000000000000000111000000000000000000000001000100000000000000000000000011000000000000000010100000000
000000000000000000000000000000000000000000000000000000000000000000111000000000000000000000000101000000000000000000000000000000000000000000001000000000
000000000000000000000000000000000000000000000000000000110000000001110000000000000000000000000000000000000000000000000000000000000000000000000000000000
000000000000000000000000001100000000000000000000000100011000000000110000000000000000000000000000000000000000000000000000000000000000000000000000000000
000000000000000000000000001100000000000000000000001100000000000000000000000000000000000000000000000000000000000000000000000000000000000000000000000000
000000000000000000000111000000000000000000000000001001000000000000000000000000000000000000000000000000000000000000000000000000000000000000000000000000
000000000000000000000000000000000000000000000000000110000000000000000000000000000000000000000000000000000000000000000000000000000000000000000000000000
000000000000000000010000010000000000000000000000000010000111000000000000000000000000000000000000000000000000000000000000000000011000000011000000000000
000000000000000000010000010000000000000000000000000000001001000000000000000000000000000000000000000000000000000000000000000000100100000100100000000000
000000000000000000010000010000000000000000000000000000000000000000000000000000000000000000000000000000000000000000000000000000011000000011000000000000
000000000000000000000000000000000000000000000000000000001110000000000000000000000000000000000000000000000000000000000000000000000000000000000000000000
000000000000000000000000000000000000000000000000000000000000000000000000000000000000000000000000000000000000000000000000000000000000100000000000000000
000000000000000000000000000000000000000000000000000000000000000000000000000000000000000000000000110000000000000000000000000000000001010000000000000000
000000000000011100000000000000000000000000000000000000000000000000000000000000000000000000000000110000000000000000000000000000000001010000000000000000
000000000000000000000000000000000000000000000000000000000000000000000000000000000000000000000000000000000000000000000000000000000000100000000000000000
000000000001000001000000000000000000000001000000000000000000000000000000000000000000000000000000000000000000000000000000000000000000000000000000000000
000000000010100010100000000000000000000010100000000000000000000000000000000000000000000000000000000000000000000000000000000000000000000000000000000000
000000000010100010100000000000000000000010100000000000000000000000000000000000001100000000000000000000000000000000000000000000000000000000000000000000
000000000001000001000000000000000000000001000000000000000000000000000000000000001100000000000000000000000000000000000000000000000000000000010000000000
000000000000000000000000010000000000000000000000000000000000000000000000000000000000000000000000000000000000000000000000000000000000000000101000000000
000000000000000000000000010000000000000000000000000000000000000000000000000000000000000000000000000000000000000000000000000000000000000000101000000000
