000110000000000000000000000000000110000000000000000000000000000000000000000000000000000000000000000000000000000000000000000000000000000000000000000000
001100000000000000000000000000000000000000000000000000000000000000000000110000000000000000000000001000000000000000000000000000000000000000000000000000
000000000000000000000000000000000000000000000000000000000000000000000000110000000100000000000000001000000000000000000000000000000000000000000000000000
000000000000001100000000000000000000000000000000000000000000000000000000000000000110000000000000001000000000000000000000000000000000000000000000000000
100000000000011000000000000000000000000000000000000000000000000000000000000000000110000000000000000000000000000000000000000000000000000000000000000001
111000000000010000000000000000000000000000000011100000000000000000000000000000000010000000000000000000000000000000000000000000000000000000000000000011
111000000000000000000000000000000000000000000000000001110000000001100000000000000000000000000000000000000001100000000000000000000000000000000000000101
010000000000000000000000000000000000110000000000000000000000000001100000110000000000000000000000000000000001100000000000000000000000000000000000010110
110000000000000000000000000000000000110000000000000000000000000000000000110000000000000000000000000000000000000000000000000000000000000000000000101110
011000000000000000000000000000000000000000000000000000000000000000000000000000000000000000000000000000000000000000000000000000000000000000000001000000
100000000000000000000000011000000000000000000000000000000000000000000000000000000000000000000000000000000000000000000000000000000000000000000001011000
000000000000011100000000010100000000000000000000000000000000000000000000000000000000000000000000000000000000000000000000000000000000000000000011011100
000000000000000000000000001000000000000000000000000000000000000000000000110000000000000000000000110000000000000000000000000000011000000000000111001100
000000000000000000000000000000000000000000000000000000000000000000000000110000000000000000000000110000000000000000000000000000011000000000000010011000
000000000000000000000000000000000000000000000000000000000000000000000000000000000000000000000000000000000000000000000000000000000000000000000001000010
000011000000000000000000000000000000000000000000000000000000000000000000000000000000000000000000000000000000000000000000000000000000000000000000001001
000011000000000000000000000000000000000000000000000000000000000000000000000000000000000000000000000000000000000000000000000000111111100000000000001001
000000001000000000000000000000000000000000000000000000000000000000000001000000000000000000000000000000000000000000000000000010000000010000000000000110
000000010001000000000000000000000000000000000000000000000011000000000010100000000000000000000000000000000000000000000000000010000000010000000000000000
000000100000100000000000000000000000000000000000000000000011000000000001000000000000000000000000000000000000000000000000000100000001000000000000000000
000001101000010000000000000000000000000000000000000000000000000000000000000000000000000000000000000000000000000000000000000100000110000000000000000000
000011000010010000000000000000000000000000000000000000000000000000000000000000000000000000001100000000000000000000000000000000000000000000000000000000
000001000010110000000000000000000000000000001100000000000000000000000000000000000000000000010010000000000000000000000000000011011100000000000000001010
000000100010100000000000000000000000000000001100000000000000000000000000000000000000011000001010000000000000000000000000000000000011000000000000001100
000000000011000000000000000000000000000000000000000000000000000000000000000000000000100100000100000000000000000000000000000000011001000000000000000100
000000000000000000000000000000000000000000000000000000000000000000000000000000000000011000000000000000000000000000000000000000011111000000000000000000
000000100000000000000000000000000000000000000000000000000000000000000000000000000000000000000000000001100000000000000000000000000000000000000000000000
000001010000000000000000000000000000000000000000000000000000000000000000000000000000000000000000000010010000000000110000000000000000000000000000000000
000000110000000000000000000000000000000000000000000000000000000000000000000000000000000000000000000001100000000000110000000000000000000000000000000000
000000000000000000000000000000000000000000011000000000000000000000000000000000000000000000000000000000000000000000000000000000000001000001100000000000
000000000000000000000000000000011000000000011000000000000000000000000000000000000000000000000000000000000000000000000000000000000100000000100000000000
000000000000000000000000000000011000000000000000000000000000000000000000000000000000000000000000000000000000000000000000000000001000011001000000000000
000000000110000000000000000000000000000000000000000000000000000000000000000000000000000000000000000000000000000000000000000000001000100000000000000000
000000000110000000000000000000000000000000000000000000000000000000000000010000000000000000000000000000000000000000000000000000001000100001110000000000
000000000000000000000000000000000000000000000000000000000000000000000000101000000000000000000000000000000000000000000000000000000010000000110000000000
000000000110000000000000000000000000000000000000000000000000000000000000100100000000000000000000000000000000000000000000000000000000000010100000000000
000000000110000000000000000000000000000000000011000000000000000000000000011000000000000010000000000000000000000000000000000100000000000100000000110000
000000000000000000000000000000000000000000000100100000000000001110000000000000000000000101000000000000000000000000011000001010000000001000000001001000
000000000000000000000000000000000000000000000011000000000000001000000000000000000000000101000000000000000000000000011000001010000001100001000000110000
000000000000000000000000000000000000000000000000000000000000000000000000000000000000000010000000000000000000000000000000000110000000000000000000000000
000000000000000000000000000000000000000000000000001100000000001000000000000000000110000000000000000000000000000000000000000001000010101010000000000000
000000000000000000000000000000000000000000000000010010000000000000110000000000000110000000000010000000000000000000000000000011000010100100000000000000
000000000000000000000000000000000000000000000000001100000000110101110000000111000000000000000101000000000000000111000000000000000011000000000000000000
000000000000000000000000000000000000000000000000000000000000100100110000000000000000000000000011000000000000000000000000000000000000000000011000000000
100000000000000000000000000000000000000000000000000000000000110001100000000000010000000000000000000000000000000000000000000000000000000000011000000001
010000000000000000000000000000000000000000000000000000000000000111100000000000010000000000000000000000000000000000000000000000000000000000000000000001
110000000000000000000000000000000000000110000000000000000000000011000000000000010000000000000000000000000011000000000000000000000000000000000000000000
000000000000000000000000000000000000000110000000000000000000000000000000000000000000000000000110000000000111010000000000000000000000001100000000000000
000000000000000000000000000111000000000000000000000000000000000000000000000111000000000000000110000000001100010000000000000000000000010010000000000000
000000000000000000000000000000000000110000000000000000000000000000000000000000000000000000000000000000010010100000000000000000000000001100000000000000
000000000011000000000000000000010001001000000000000000000000000000000000000000000000000000000000000000110000000000000000000000000000000000000000000000
000000000011000000000000000000010000110000000000000000000000000000011000000000000000000000000000000000011100100000000000111000000000000000000000000000
000000000000000000000000000000010000000000000000000000000000000000011000000000000000000000000000000000001110110000000001111000000000000000000000000000
000000000000000000000000000000000000000111000000001100000000000000000000000000000000000000000000000000000000100000000011001100000000000000000000000000
000000000000000000000000000111000000000000000000001100000000000000000000000000000000010000000000000000000000010000000001011000000000000000000000000000
000000000000000000000000000000000000000000000000000000000000000000000000000110000000101000000000000000000000000000000000111000000000000000000000000000
000110000000000000000000000000000000110000000000000000000000000000000000000110000000100100000000000000000000000000000000010000000000000000000000000000
001001000000000000000000000000000000110000000000000000000000000000000000000000000000011000000000000000000000000000000000000000000000000000000000000000
000110000000000000000000000000000000000000000000000000000000000000000000000000000000000000000000000000000000000000000000000000000000000000000000000000
000000000000000000000000111000010000000000000000000000000000000000000000000000000000000011000000000000000000000110000110000000000000000000000000000000
000000000000000000100001001000101000000000000000000000000000000001111000000000000000000011000000000000000000000110000110000000000000000000000000000000
000000000000000001010001101000100100000000000000000000000000000011011100000000000000000000000000000000000000000000000000000000000000000000000000000000
000000000000000001011011000000011000000000000000000000000000000011110010000000000000000000000000000000000000000000000000000000000000100000000000000000
000000000000000000100111000000000000000000000000000000000000000000101100000000000000000000000000000000000000000000000000000000000001010000000000000000
000000000000000000000110100000000000000000000000000000000000000001101000000000000000000000000000000000000000000000000000000000000001010000000000000000
000000000000000000000001100000000000000000000000000011100000000011100000000011100000000000000000000000000000000000000000000000000000100000000000000000
000000000000000000000000000000000000000000000000000000000000000010000000000000000000000000000000000000000000000000000000000000000000000000000000000000
000000000000000000001000000000000000000000000000001000001000000000000000000000000000000000000000000000000000000000000000000000000000000000000000000000
000000000000000000010000000000000000000000000000001000001000000000000000000000000000000000000000000000000000000000000000000000000000000000000000000000
000000000000000000011100000000000000000000000000001000001000000000000000000000000000000000000000000000000000000000000000000000000000000000000000000000
000000000000010001010100000000000000000000000000000000000000000000000000000000000000000000000000000000000000000000000000000000000000000000000000000000
000000000000100000000000000000000000000000000000000000000000000000000000000000000000000000000000000000000000000000000000000000000000000000000000000000
000000000100100000010000010100000000000000000000000000000000000000000000000000000000000000000000000000000000011100000000000000000000000000000000000000
000000001110010001011000011110000000000000000000000000000000000000000000000000000000000000000000000000000000000000000000000000000000000000000000000000
000000011011010100001100110101000000110000000000000000000000000000000000000000000000010100000000000000000000000000000000000000000000000000000000000000
000000111000110000000100111011100000110000000000000000000000000000000000000000000000010010000000000000000000000000000001100000000000000000000000000000
000000011000111000000000010101000000000000000000000000000000000000000000000000000000010010010100000000000100000000000001010000000000000000000000001100
000000001000111000000000001110000000000000000000000000000000000000000000000000000000010010010100000000001010000000000000100000000000000000000000001100
000000000000111000000000000100000000000000000000000000000000000000000000000000000000010100001000000000001010000011000000000000000000000000000000000000
000000000000011000000000000000000000000000000000000000000000000000000000000000000000010000000000000000000100001000010000000000000000000000000000000000
000000000000111000000000000000000000000000000000000000000000000000000000000000000001100000000000000000000000001100000000000000000000000000000000000000
000000000000000000000000000000000000000000000000000000000000000000000000000000000001000000000000000000000000000100001000000000000000000000000000000000
000000000000000000000000000000000000000000000000000000000000000000000000000000000011000000000000000000000000000000001000000000000011000000000000000000
000000000000000000000000000000000000000000000000000000000000000000000001000000000011100000000000000001100000000000001000000000000011000000000110000000
000000000000000000000000000000000000000000000000000000000000000000000001000101101111110100000000000010100000000000001000000000000000000000001010000000
000000110000000000000000000000000000000000000000000000000000000000000001000100000011111100000000000000100000000000111110000000000000000000000100000000
000000110000000000000000000000000000000000000000000000000000000000000000000000000100000000000000000000000000000001000110000000000000000000000000000000
000000000011000000000000000000000000000000000000000000000000000111000000000001101110000000000000000000000000000000000000000000000001000000000000000000
000000000100100000000000000000000000000000000000000000000000000000000000000000000011100110000000000000000000000000000000000000000001000000000000000000
000000000010100000000000000000000000000000000000000000000000010000000000000000000010001110000000000000000000000000000000000000000001000000000000000000
000000000001000000000000000000000000000000000000000000000000010000000000000000011000100110000000000000000000000000000000000000000000000000001100000000
000000000000000000000000000000000000000011000000000000000000010000000000110000010011100000000000000000000000000000000000000000000000000000001100000000
000000000000000000000000000001100000000011000000000000000000000000000000110000011010000000000000000000000000000000000000000000000000000000000000000000
000000000000000000000000000001100000000000000000000000000000000111000000000000000000000001000000000100000000000000000000000000000000000000000000000000
000000000000000000000000000000000000000000000000000000000000000000000000000000000000000001100000011100000000000000000000000000000000110000000000000000
000000000000000000000000000000000000000000000000000000000000000000000000000001000000000000010000010000000000000000000000000000000000110000000000000000
011000000000000000000000000000000000000000000000000000000000000000000000000010101100001111010000110110000000000000000000000000000000000000000000000000
101000000000000000000000000000000000000000000000000000000000000000000000000000001100001111100000010100000000000000000000000000000000000000000000000000
100000000000000000000000000001000000000000000000000000000000000000000000000011100000001111000000001000000000000000000000000000000000000000000000000000
101000000000000000000000000001000000000000000000000000000000011000000000000000000000000011000000000000000000000000000000000000000000000000000000000000
101000010000000000000000000001000000000000110000000000000111000100000000000000000000000011100000000000000000000000000000000000000000000000000000000000
000000010000000000000000000000000000000001100000000000001001000000000000000000000000000111110000000000000000000000000000000000000000000000000000000000
000000010000000000000000000000000000000000010000000000000010001000000000000000000000001100010000000000000000000000001000000000000000000000000000000010
000000000000000000000000000000000000000000000000000000000000100000000000000000011000010010011000000000000000000000010100000000000000000000000000000010
000000000000000000000000000000000000000000000000000000000000000000000000000000101000010100100100000000000000000000100100000000000000000000000000000010
000000000000000000000000000000000000000000000000000000000000000000000000000000010000010111111000000000000000000000011000000000000000000000000000000000
000000000000000000000000000000000000000000000000000000000000000000000000000000000000000010010000000000000000000000000000000000000000000000000000000000
000000000000000000000000000000000000000000000000000000000000000000000000000000000000110111000001000000000000000000000000000000000000000010000000000000
000000000000000000000000000000000000000000000000000000000000000000000000000000000000100100000001000000000000000000000000000000000000000010000000000000
000000000000000000000000000000000000000000000010000000000000000000000000000000000000011000000000010000000000000000000000000000000000000010000000000000
000000000000000000000000000110000000000000000010011100000000000000000000000000000000000000000010100000000000000000000000000000000000000000000000000000
000000000000000000000000001001000000000000000010011100000000000000000000000000000000000000000100001100000000000000000000000000000000000000000000000000
000000000000000000000000001001000000000000010000100001000000000000000000000000011000000000000010100000000000000000000000000000000000000000000000000000
000000000000000000000000001010000000000000000001011001000000000000000000000000101100000000000001000000000000000000000000000000000000000000000000000000
000000001100000000000000100100000000000000001111000011000000000000000000000000100000000110000000000000000000000000000000000000000000000000000011111000
000000001100000010000110110100000000000000010111010000000000000000000000000001100000001100000000000000000000000000000000000000000000000000000000000000
000000001100100010000110010010000000000000000000000000000000000000000000110001101100000110000000000000000000000000000000000000000000000000000000000000
000000000111000010000100001110000000000000000100000000000000000000000000110000000100000011110000000000000000000000000000000000000000000000000000000000
000000000111000000000010000000000000000000000000000000000000000000000000000000011100000001000000000000000000000000000000000000000000000000000000000000
000000000000000000000010000000000000000000000000000000000000000000000000000000000000000000000000000000000000000000000000000000000000000010000001100000
000000000000000000000000000000000000000000000001000000000000000000000000000000000000000000000000000000000000000000000000000000000000000010000001100000
000000000000000000000000000001000000000000000001100000000000000000000000000000000000000000000000000000000000000000000000000000000011101001100000010000
000000000000000000000000000011000000000000000000010000000000000000000000000000000000000000000000000000000000000000000000000000000011101101010001100000
000000000000000000000100000100110010000000000001100000000000000000000000000000000000000000000000000000000000000000000000000000001000100001001001100000
000000000000000000001010000011111110000000000001000000000000000000000000000000000000000000000000000000000000000000000000000000001110001001001000100000
000000000000000000001010000001111100000000000000000000000000000000000000000000000000000000000000000000000000000000000000000000000000000001010001010000
000000000000000000000100000000000000000000000000000000000001110000000000000000000000000000000000000000000000000000000000000000101100110000000001001000
000000000000000000000000000000000000000000000000000000000000000000000000000000000000000000000000000000000000000000000000000011000001110010000001000100
000000000000000000000000000000000000000000000000000000000000000000000000000000001110000000000000000000000000011000000000000010010000010001001100000100
000000000000000000000000000000000000000000000000000000000000000000000000000000000000000000000000000000000000011000000000000011101000000000001001100100
000000000000000000110000000000000000000000000000000000000000000000000000000000000000000000000000000000000000000000000000000000000101000010000101001000
000000000000000000110000000000000000000000000000000000000000000000000000000000000000000000000000000000000000000000000000000000000010000111000001010000
000000000000000000000000000000000000000000000000000000000001110000000000000000000000000000000000000000000000000000000000000000000000001101100001000110
000000000000000000000000000000000000000000000000000000000101000000000000000000000000000000000000110000000000000000000000000000000000011110000000000000
000000000000000000000000000000000000001100000000011000001011000000000000000000000000000000000000110000000000000000000000000000000000000011001000000000
000000000000000000000000000000000000001100000000011000011011000000000000000000000000000000000000000000000000000000000000000000000000000011010000100010
000000000000000000000000000000000000000000000000000000000100000000000000000000000000000000000110000000000000000000000000000000000000010000111000100000
000000000000000000000000000000000000000000000000000000000000000100110001000000000000000000001001000000000000000000000000000000000000101000000001000100
000000000000000000000000000000000000000000000000000000000000001011111010110000000000010000000101000000000000000000000000000000000000101000000001000000
000000000000000000000000000000000000000000000000000000000000001011111000010000110000010000000010000000000000000000000000000000000000010000000001110000
000000100000000000000000000000000000000000000000000000000000000100000100010000110000010000000000000000000000000000000000000000000000000000000001100000
000000110000000000000000000000000000000000000000000000000000000000000011100000000010000000000000000000000000000000000000000000000000000000000001000000
100000001000000000000000000000000000000000000000000000000000000000000010000000000010000000000000000000000000000000000000000000000000000000000001100010
100000010000000000000000000000000000000000000000000000000000000000000000000110000010000000000000000000000000000000000000000000000000000000000000000100
000000000000000000000000000000000000000000000000000000000000000000000001000110000000000000000000000000000000000000000000000000000000000000000000001000
000000000000000000000000000000000000000000000000000000000000000000000010100000000000000000000000000000000000000000000000000000000000000000000000000101
000000000000000000000000000000000000000000000000100000000000000000000001000000000000000000000000000000000000000000000000000000000000000000000000000000
000000001100000000000000000000000000000000000001010000000000000000000000000000000000000000000000000000000000000000000000000000001110000000000000000000
000000001100100000000000000000000000000000000001010000000000000000000000000000000000000000000000000000000000000000000000000000000111000000000000011000
001000000000000000000000000000000110000000000000100000000000000000000000000000000000000000000000000000000000000000000000000000000000000000000000011000
