000000000000000000000000010000000000000000000000000000000000000000000000000000000000000000000000000000000000000000000000000000000000001000010000000000
000000000000000000000000000000000000000000000110000000000000000000000000000000000000000000000000001000000000000000000000000000000000001000000000000000
000000000000000000000000000000000000000000000110000000000000000000000000000000000000000000000000001000000000000000000000000000000000001000000000000000
000000000000000000000000000000000000000000000000000000000000000000000000000000000000000000000000001000000000000000000011000000010000000000000000000000
000000000000000000000000000000000000000000000000000000000000000000000000000000000000000000000000000000000000000000000100100000010000000000000000000000
000000000000000000000000000000000000000000000000000000000000000000000000000000000000000000000000000000000000000000000010100000010000000000000000000000
000000000110000000000000000000000000000000000000000000000000000001100000000000000000000000000000000000000000000000000001000000000000000000000000000000
000000001001000000000000000000110000000000000000000000000000000001100000000000000000000000000000000000000000000000000000000000000000000000000000000000
000000001001000000000000000000110000000000000000000000000000000000000000000000000000000000000000000000000000000000000000000000000000000000000000000000
000000000110000000000000000000000000110000000000000000000000000000000000000000000000000000000000000000000000000000000000000000000000000000000000000000
000000000000000000000000000000000000110000000000011000000000000000000000000000000000000000000000000000000000000000000000000000000000000000000000000000
000000000000000000000000000000000000000000000000011000000000000000000000000000000000000000000000000000000000000000000000000000100000000000000000000000
000000000000000000000000000000000000000000000000000000000000000000000000000000000000000000000000000000000000000000000000000000100000000000000000000000
000000000000000000000000000000000000000000000000000000000000000000000000000000000000000000000001000000000000000000000000000000100000000000000000000000
000000000000000000000000000000000000000100000000000000000000000000000000000000000000000000000010100000000000000001100000000000000000000000000000000000
000000000000000000000000000000000000001010000000000000000000000000000000000000000000000000000010100000000000000001100000000000000000000000000000000000
000000000000000000000000000000000000001010000000000000000000000000000000000000000000000000000001000000000000000000000000000000000000000000000000000000
000000000000000000000000000000000000000100000000000000000000000000000000000000000000000000000000000000000000000000000000000000000000000000000000000000
000000000000000000000000000000000000000000000000000000000000000000000000000000000000000000110000000000000000000000000000000000000000000000000000000000
000000000000000000000000000000000011000000011000000000000000000000001000000000000000000001001000000000000000000000000000000000000101000000000000000000
000000000000010000000000000000000100100000100100000000000000000000010100000000000000000000110000000000000000000110000000000000000101000000000000000000
000000000000100011000000000000000011000000011000000000000000000000001000000000000000000000000000000000000000000110000000000000001001000000000000000000
000000000000100011000000000000000000000000000000000000000000000000000000000000000000000000000001000000000000000000000000000000000010001100000000000000
000000000000000000000000000000000000000100000000000000000000000000000000000001000000000000000010100000000000000000000000000000010010011100000000000000
000000000000000000000000000000000000001010000000000000000000000000000000000010100000000000000010100000000000000000000000000100011000010000000000000000
000000000000000000000000000000000000001010000000000000000000000000000000000010010000000000000001000000000000000011100000010110000000111000000000000000
000000000000000000000000000000000000000100000000000000000000000000000000000001100000000000000000000000000000000000000000000010000000010110000000000000
000000000000000000000000000000000000000000000000000000000000000000000000000000000000000000000000000000000000000000000000000100000000000001000000000000
000000000000000000000000000000000000000000000000000000000000000011000000000000000000000000000000000000000000000000001000000100011100001110000000000000
000000000000000000000000000000000000000000000000000000000000000011000000000000000000000000000000000000000000000000011100000100000000001100000000000000
000000000000000000000000000000000000000000000000000000000000000000000000000000000000000000000000000000000000000000010010000000000000011000000000000000
000000110000000000000000000000000000000000000000000100000000000000000000000000000000000000000000000000000000000000100010000000000000000000000000000000
000000110000000000000000000000000111000000000000000100000000000000000000000000000000000000000000000000000000000001100100000000000000111000000000000000
000000000000000000000000000000000000000000000000000100000000000000000000000000000000000011000000000000000011000011000000000000000000000000000000000000
000000000000000000000000000000000000000000000000000000011000000000000000000000000000000011000000000000000101000110100100000010000000000000000000000011
000000000000000000000000000000000000000000000000000000100100000000000000000000000000000000000000000000000010000011001100000101000000000000000000000011
000000000000000000000000000000000000011000000000000000011000000000000000000000000000000000000000000000000000000000011000000101000000000000000000000000
000000000000000000000000000000000000011000000000000000000000000000000000000000000000000000000000000000000000000000000000000010000000000000000000000000
000000000000000011000000000000000000000000000000000000000000000000000000000000001000000000000000000000000000000000000000000000000000000000000000000010
100000000000000100000000000000000000000000000000000000000000000000000000000000010010000000000000000000000000000000000000000000000000000000000000001101
100000000000001100000000000000000000000000000000000000000000000000000000000000010010000000000000000000000000000000000100000000000000000000000000001101
010000000001110000000011100000000000000000000000000000000000000000000000000000000100000000000000000000000000000000001010000000000000000000000000011000
011000000010001000000010010000000000000000000000000110000000000000000000000000000000000000000000000000000000000000001010000000000000000000000000000111
001001100000100011100000001000000000000000000000001001000000000000000000000000000000000010000000000000000000000000000100000000000000000000000001100100
000000010010000011000011011000000000000000000000001010000000000000000000000000000000000101000000000000000000000000000000000000000000000000000000000010
000001100010110000000010011000000000000000000000000100000000000000000000000000000000000011000000000000000000000011000000011000000000000000000000011100
010000000000100000000011100000000000000000000000000000000000000000000000000000000000000000000000000001000000000100100000100100000000000000000000010101
100000000101000000010111000000000000000001100000000000000000000000000000000001000000000000000110000010100000000011000000011000001100000000000000000010
000000000110011000011101100000000100000001100000000000000000000000000000000001000000000000000110000010100000000000000000000000001100000000000000010100
000001000000100100001000100000000100000000000000000000000000000000000000000001000000000000000000000001000000000000000100000000000000000000000000000000
000100100000111000000000000000000100000000000000000000000000000000000000000000000000000000000000000000000000000000001010000000000000000000000000000000
000101000000000000000110011100000000000000000000000000000000000000000000000000000000000000000000110000000000000000001010000000000000000000000000000000
000000000001011000000110001100000000000000000000000000000000000001100000000000000000000000000001001000000000000000000100000000000000000000000000000000
000000000001011000000000000000000000000000000000000000000000000001100110000000000000000000000000110000000000000000000000000000000000000000000000000000
000000000000001000000000000000001000100111000000000000000000011000000110000000000000000000000000000000000000000000000000000000000000000000000000000000
000000000000100100111000000000110110111110100000000000000000011000000000000000000000000000000000000000000000000000000000000000000000000000000000000000
000000000000101000100100000000100110011000110000000000000000000000000000000000000000000000000000000000001110000000000000000000000000000000000000000000
000000000000010000011100001100000010011011100000000000000000000000000000000001100000000000000000000000001001000000000000000000000000000000000000000000
000000000000000000000000010100010100001111000000000000000000000000000000000010010000000000000000000000000000100000000000000000000000000000000000000000
000000000000101000000000010000011000000000000000000000000000000000000000000001010000000000000000000000000010100000000000000000000000000000000000000000
000000000000101001100000010100000000000000000000000000000000000000000000000000100000000000000000000000000001000000000000000000000000000000000000000000
000000000000100011000000001100000000000000000000000000000000011000000000000000000000000000000000000000000000000000001100000000000000000000000000000000
000000000000010011000000000000000000000000000000000000000000011000000000000000000000000000000011100000000000000000000110000000000000000000000000010000
000000000000000000000000000000000000000000000000000000000110000000000000000000000000000000000010010000011000000011101000000000000000000000000000101000
000000000000000000000000000000000000000000000000000000111111000000000000000000000000000000000100001000100100000010011000000000000000000000000000010000
000000000000000000000000000000000000000000000000000000111011000000000000000000000000000000000111000100011000000010010000000000000000000000000000000000
000000000000000000000000000000000000000000000000000000110011100000000000110000000000000100000001100110000000000001110000000000000000000000000000000000
000000000000000000000000000000000000000000000000000000000011000000000000110000000000001010000000101101000000000000000000000000000000000000000000000010
100000000000000000000000000000000000000001100000000000000001100000000000000000000000000100000110101110100000000000000000000000000000000000000000000100
100000000000000000000000000000010100010101100000000000011101110000000000000000000000000000001000111010110000000000000000000000000000000000000000000100
000000000000000000000100000000001100011000000000000000000010111000000000000000000000000000000100010000100000000000000000000000001110000000000000000001
000000000000000000000100000000001100000000000000000000100011110000111000000000000000000001000000001000100000000000000000010000000100100000000000000000
000000000000000000000100000000000000000000000000000000100100100000000000000000000000000011000000000111000000000000000000111000000000010000000000000000
000000000000000000000000000000000000000000000010100001001000000000100000000000001110000100000000000110000000000000000001000100000000001000100000000000
000000000000000000000000111000000000000000001101110001001000001001100000000000000010000011000000000100110000001000000010111000000000000000110000000001
100000000000000000000000100000000000000000000010010000000000001011100000000000000100000001000000001100010000001000000010110000000100000000111000000010
100000000000000000000000010000000000000000000001100010000000000110000000000000000000000000000100010000111000010100000001000000000011100000010000000100
000000000000000000000000000000000000001100000000111100000100000000000000000000000000000000001000111011000001000000000000000000000011100000111000000011
000000000000000000000000000000000000010000000000001100000010000000000000000000000000000000000110101000000010101110000000000000000000000001001000000000
000000000000000000000000000000000000001000010000001010000010000000000000000000000000000000000000101110000011110100000000000000000000000001110000000000
000000000000000000000000000000000000001000101000000001000100000000000000000000000000000000000001100110000010001000000000000010000000000000000000000000
000000000000000000000000000000000000001100100000000000011000000000000000000000000100000000000111000000000000000000000000000101000000000000000000000000
000000000000000000000000000000000000001100000100001010000000000000000000000000000100000000000100001000000000000000000000000000000000000000000000000000
000000000000001000000000000000000000000000010000010010000000000000000000000000000100000000000010010000000001100000000000000011000000000000000000000000
000000000000010100000000000000000000000000001000010010000000000000000001100000000000000000000011100000000010010000000000000110000000000100000000000000
000000000000100100000000000000000011000000011011101000000000000000000010010000000000000000000000000000000010010000000000000011000000000010000000000000
000000000000011000000000000000000011110000011100000000000000000000000001100000000000000000000000000000000001110000000000000001000000001110000000000000
000000000000000000000000000000000100000000001001000000000000001000000000000000000000000000000000000000000000000000000000000000000000000000000000000000
000000000000000000000000000000000010100000010001001000000111110100000000000000000000000000000000000000000000000000000000000000000000000000000000000000
000000000000000011000000000000000010001100111010001000000110000100000000000000000000000000000000000000000000000000000000000000000000000000000000000000
000000000000000100100000000000000001000001010001100000001000001000000000000110000000000000000000000000000000000001100000000000000000000000000000000000
000000000000000011000000000000000011000001011000000000000110110000000001101011000000000000000000000000000000000001100000000000000000000000000000000000
110000000000000000000110000000001101111100010000000000000110000000000001001011000000000000000000000000000000000000000000000000000000000000000000000001
000000000010000000000110011100001010110000000000000000000000000100000000100000000000001000000000000001100000000000000000000000000000000000000000000000
000000000010000000000000000000001000000000000000000010000000001000000000011110100000010100000000000001100000000000000000000000000000000000000000000000
000000000010000000000000000001000000000000000000000101000000001110000000000111100000010100000000000000000000000000000000000000000000000000000000000000
100000000000000000000000000001000000000000000000000101000000000000000000000001000000001000000000000000000000000000000000000000000000000000000000000001
010000000000000000000000000001000000000000000000000010000000000000000000010000000000000000000000000000000000000000000000000000000000000000000000000010
100000000000000000000000000000000000000000000000000000000000000000000000111000000000000000000000000000000000000000000000000000000000000000000000000010
000000000000000000000000000000000000001100000000000000000000000000000000111100000000000000000000000000000000000000000000000000000000000000000000000001
000000000010000000000000000000000000001100000000000000000000000000000000000110000000000000000000000000000000000000000000000000000000000000000000000000
000000000101000000000000000000000000000000000000000000000000000000000000000110000110000000000000000000000000000000000000000000000000000001000000000000
000000000100100000000110000000000000000000000000000000000000000000000000000110001101000111100000000000000000000000001000000000000000000010100000000000
000000000011000000000110000110000000000000000000000000000000000000000001100011111011001101100000000000000000000000010100000000000000000001100000000000
000000000000000000000000000110000000000000000000000000000000000000000000000000100001100001000000000000000000000000100100000000000000000000000000000000
000000000000000000000000000000000000000000000000000000000111000000000000000000100000000110000000000000000000000000011000000000000000001100000000000000
000000000000000000000000000000000000000000000000000000000100000000000000000101000011001100000000000000000000000000000000000000000000010100000000000000
000000000000000000000000000000000000000000000000000000001100000000000000000011111011001000000000000000000000000000000000000000000000001000000000000000
000000000000000000000000000000000000000000000000000000000110000000000000000011111000100000000000000000000000000000000000000000000000000000000000000000
000000000100000000000000000000000000000000000000000000000100000000000011000000000000000000000000000000000000000000000000000000000000000000000000000000
000000001010000000000000000000000000000000000000000000011100000000000011000000000000000000000000000000000000000000000000000000000000000000000000000000
000000001010000000000000000000000000001100000000000000000000000000000000000000000000000000000000000000000000000000000000000000000000000000000000000000
000000000100000000000000001100000000001100000000000000000000000000000000000000000000000000000000000000000000000000000000000000000000000111000000000000
000000000000000000000000001100000000000000000000000000000000000000000000000110000000000000000000000000000000000000000000000000000000000000000000000000
000000000000000000000000000000000000000000000000000000000000000000000000001011000000000000000000000000000000000000000000000000000000000000000000000000
000000000000000000000000000000000000000000000000000000110000000000000000011000100000000000000000000000000000000000000000000000000000000000000000000000
000000000001000000000000000000000011100000000000000000110000000000000000010000010000011111100000000000000000000000000000000000000000000000000000001100
000000000001000000000000000000000000000000000000000000000000000000000000001000000000100000010000000000000000000000000000000000000000000000000000001100
000000000001000000000000000000000000001000000000000000000000000000000000001000000000010001000000000000000000000000000000000000000000000000000000000000
000000000000000000000000000000011000001000000000000000000000000000000000011010001000001110000000000000000000000000000000000000000000000000000000000000
000000000000000110000000000000011000001000000000000000000000000000000000011000110000000000000000000000000000000000000000000000000000000000000000000000
000000000000001001000000000000000000000000000000000000000001000000000000011000100000000000000000000000000000000000000000000000000000000110000000000000
000000000000000110000000000000000011100000110000000000000110100000000000000110000000000000000000000000000000000000000000000000000000000110000000000000
000000000000000000000001100110000000000000110000000000001000110000000000000010000000000000000000000000000000000000000000000000000000000000000000000000
000000000000000000000001100110011000000000000000000000001000000000000000000000000000000000000000000000000000000000000000000000000000000000000000000000
000000000011000000000000000000011000001100000000000000100000000000000000000000000000000000000000000000000000010000000000000000000000000000000000000000
000000000101000000000000000000000000010010000000000000110110000000000000000001100000000000000000000000000000101000000000000000000000000000000000000000
000110000010000000000000000000000000001100000000000000000000011000000011000001100000000000000000000000000001001000000000000000000000000000001100000000
000110000000000000000000000000000000000000000000000000000000000001000100100000000000000000000000000000000000110000000000011000000000000000010010000000
000000000000000000000000000000000000000000000000000000000010001001000011000000000000000000000000000000000000000000000000011000000000000000010100000000
000000000000000000000000000000000000000000000000000000011010000011000000000000000000000000000000000000000000000000000000000000000000000000001000000000
000000000000000000000000000000000000000000000000000000000001000000000000000000000000000000000000000000000000000000000000000000000000000000000000000000
000000000000000000000000001100000000000000000000000000010001000000000000000000000000000000000000000000000000000000000000000000000000000000000000000000
000000000000000000000000001100000000000000000000000000001101101000000000000000000000000000000000000000000000000000000000000000000000000000000000000000
000000000000000000000111000000000000000000000000000000000010110100000000000000000000000000000000000000000000000000000000000000000000000000000000000000
000000000000000000000000000000000000000000000000000000000000010100000000000000000000000000000000000000000000000000000000000000000000000000000000000000
000000000000000000010000010000000000000000000000000000000000001000000000000000000000000000000000000000000000000000000000000000011000000011000000000000
000000000000000000010000010000000000000000000000000000000000000000000000000000000000000000000000000000000000000000000000000000100100000100100000000000
000000000000000000010000010000000000000000000000000000000000000000000000000000000000000000000000000000000000000000000000000000011000000011000000000000
000000000000000000000000000000000000000000000000000000000000000000000000000000000000000000000000000000000000000000000000000000000000000000000000000000
000000000000000000000000000000000000000000000000000000000000000000000000000000000000000000000000000000000000000000000000000000000000100000000000000000
000000000000000000000000000000000000000000000000000000000000000000000000000000000000000000000000110000000000000000000000000000000001010000000000000000
000000000000011100000000000000000000000000000000000000000000000000000000000000000000000000000000110000000000000000000000000000000001010000000000000000
000000000000000000000000000000000000000000000000000000000000000000000000000000000000000000000000000000000000000000000000000000000000100000000000000000
000000000001000001000000000000000000000001000000000000000000000000000000000000000000000000000000000000000000000000000000000000000000000000000000000000
000000000010100010100000000000000000000010100000000000000000000000000000000000000000000000000000000000000000000000000000000000000000000000000000000000
000000000010100010100000000000000000000010100000000000000000000000000000000000001100000000000000000000000000000000000000000000000000000000000000000000
000000000001000001000000000000000000000001000000000000000000000000000000000000001100000000000000000000000000000000000000000000000000000000010000000000
000000000000000000000000010000000000000000000000000000000000000000000000000000000000000000000000000000000000000000000000000000000000000000101000000000
000000000000000000000000010000000000000000000000000000000000000000000000000000000000000000000000000000000000000000000000000000000000000000101000000000
