000000000000000000000000000000000000000000000000000000000000000000000000000000000000000000000000000000000000000000000000000000000000000000010000000000
000000000000000000000000000000000000000000000110000000000000000000000000000000000000000000000000000000000000000000000000000000000000011100000000000000
000000000000000000000000000000000000000000000110000000000000000000000000000000000000000000000000011100000000000000000000000000000000000000000000000000
000000000000000000000000000000000000000000000000000000000000000000000000000000000000000000000000000000000000000000000011000000000000000000000000000000
000000000000000000000000000000000000000000000000000000000000000000000000000000000000000000000000000000000000000000000100100000111000000000000000000000
000000000000000000000000000000000000000000000000000000000000000000000000000000000000000000000000000000000000000000000010100000000000000000000000000000
000000000110000000000000000000000000000000000000000000000000000001100000000000000000000000000000000000000000000000000001000000000000000000000000000000
000000001001000000000000000000110000000000000000000000000000000001100000000000000000000000000000000000000000000000000000000000000000000000000000000000
000000001001000000000000000000110000000000000000000000000000000000000000000000000000000000000000000000000000000000000000000000000000000000000000000000
000000000110000000000000000000000000110000000000000000000000000000000000000000000000000000000000000000000000000000000000000000000000000000000000000000
000000000000000000000000000000000000110000000000011000000000000000000000000000000000000000000000000000000000000000000000000000000000000000000000000000
000000000000000000000000000000000000000000000000011000000000000000000000000000000000000000000000000000000000000000000000000000000000000000000000000000
000000000000000000000000000000000000000000000000000000000000000000000000000000000000000000000000000000000000000000000000000001110000000000000000000000
000000000000000000000000000000000000000000000000000000000000000000000000000000000000000000000001000000000000000000000000000000000000000000000000000000
000000000000000000000000000000000000000100000000000000000000000000000000000000000000000000000010100000000000000001100000000000000000000000000000000000
000000000000000000000000000000000000001010000000000000000000000000000000000000000000000000000010100000000000000001100000000000000000000000000000000000
000000000000000000000000000000000000001010000000000000000000000000000000000000000000000000000001000000000000000000000000000000000000000000000000000000
000000000000000000000000000000000000000100000000000000000000000000000000000000000000000000000000000000000000000000000000000000000000000000000000000000
000000000000000000000000000000000000000000000000000000000000000000000000000000000000000000110000000000000000000000000000000000000000000000000000000000
000000000000000000000000000000000011000000011000000000000000000000001000000000000000000001001000000000000000000000000000000000000000000000000000000000
000000000000000000000000000000000100100000100100000000000000000000010100000000000000000000110000000000000000000110000000000000011100000000000000000000
000000000000000011000000000000000011000000011000000000000000000000001000000000000000000000000000000000000000000110000000000000001011000000000000000000
000000000000000011000000000000000000000000000000000000000000000000000000000000000000000000000001000000000000000000000000011101010000100000000000000000
000000000000000000000000000000000000000100000000000000000000000000000000000001000000000000000010100000000000000000000000000011000100100000000000000000
000000000000000000000000000000000000001010000000000000000000000000000000000010100000000000000010100000000000000001000000000001000011000000000000000000
000000000000000000000000000000000000001010000000000000000000000000000000000010010000000000000001000000000000000001000001000010100000000000000000000000
000000000000000000000000000000000000000100000000000000000000000000000000000001100000000000000000000000000000000001000010000001000000000011100000000000
000000000000000000000000000000000000000000000000000000000000000000000000000000000000000000000000000000000000000000000100000011000000000000000000000000
000000000000000000000000000000000000000000000000000000000000000011000000000000000000000000000000000000000000000000000101101110000000001000001000000000
000000000000000000000000000000000000000000000000000000000000000011000000000000000000000000000000000000000000000000000010000000000000001000001000000000
000000000000000000000000000000000000000000000000000000000000000000000000000000000000000000000000000000000000000000000000000000000000001000001000000000
000000110000000000000000000000000010000000000000000000000000000000000000000000000000000000000000000000000000000011000000000000000000000000000000000000
000000110000000000000000000000000010000000000000001110000000000000000000000000000000000000000000000000000001001000010000000000000000000011100000000000
000000000000000000000000000000000010000000000000000000000000000000000000000000000000000011000000000000000001001000010000000000000000000000000000000000
000000000000000011000000000000000000000000000000000000011000000000000000000000000000000011000000000000000001001000010001110000000000000000000000000000
000000000000000100100000000000000000000000000000000000100100000000000000000000000000000000000000000000000000000011000000000000000000000000000000000000
000000000000000101000000010000000000011000000000000000011000000000000000000000000000000000000000000000000000000000000000000000000000000000000000000000
000000000000000010000001111100000000011000000000000000000000000000000000000000000000000000000000000000000000000000000000000000000000000000000000001110
010100000000000000010101100010000000000000000000000000000000000000000000000000000000000000000000000000000000000000000001100000000000000000000000010010
000100000000000000010101000110000000000000000000000000000000000000000000000000011100000000000000000000000000000000001100100000000000000000000000010111
101000000000000100011100000000000000000000000000000000000000000000000000000000001110000000000000000000000000000000001000110000000000000000000000100110
110000000000010011000000000000000000000000000000000000000000000000000000000000000000000000000000000000000000000000001100110000000000000000000000000000
000000000001000010000000000000000000000000000000000110000000000000000000000000000000000000000000000000000000000000000110110000000000000000000000100100
000000000011001100000000110000000000000000000000001001000000000000000000000000000000000010000000000000000000000000000010100000000000000000000000011000
000000000011000000000001001000000000000000000000001010000000000000000000000000000000000101000000000000000000000000110111010000000000000000000000000000
000000000011100000000000110000000000000000000000000100000000000000000000000000000000000011000000000000110000000011011111011000000000000000000000000000
000000000000100000000000000000000000000000000000000000000000000000000000000000000000000000000000000000011000000100111111100100000000000000000000000000
000000000000000000000000000000000000000001100000000000000000000000000000000000000000000000000110000000000011000011000000011000001100000000000000000000
000000000000000000000000000000000100000001100000000000000000000000000000000011100000000000000110000000010000000000000000000000001100000000000000000010
000000000000000000000000000000001010000000000000000000000000000000000000000000000000000000000000000000011000010000000100000000000000000000000000000101
000000000000000000000000000000010001000000000000000000000000000000000000000000000000000000000000000000000010001000001010000000000000000000000000000010
000000000000000000000000000000001010000000000000000000000000000000000000000000000000000000000000110000111001010000001010000000000000000000000000000000
000000000000000000000000000000000100000000000000000000000000000001100000000000000000000000000001001000000100000000000100000000000000000000000000000000
000000000000000100000111000011100000000000000000000000000000000001100110000000000000000000000000110001000010000000000000000000000000000000000000000000
000000000000001010010000000101100000000000000000000000000000011000000110000000000000000000000000000001000100000000000000000000000000000000000000000000
000000000000010110010000110110000000000000000000000000000000011000000000000000000000000000000000000000011000000000000000000000000000000000000000000000
000000000000010110001111010110000000000000000000000000000000000000000000000000000000000000000000000100000000000000000000000000000000000000000000000000
000000000000001100000000110000000000000000000000000000000000000000000000000001100000000000000000000100010000000000000011000000000000000000000000000000
000000000000001100000000000001100000000000000000000000000000000000000000000010010000000000000000000100000000000000000100100000000000000000000000000000
000000000000001100000000000001100000000000000000000000000000000000000000000001010000000000000000000000010000000000000011000000000000000000000000000000
000000000000011010001100000000000000000000000000000000000000000000000000000000100000000000000000000000110000000000000000000000000000000000000000000000
000000000000100100001100000000000000000000000000000000000000000000000000000000000000000000110000000000100000000001000000000000000000000000000000000000
000000000001100000000000000000000000000000000000000000000000000000000000000000000000000001001000000000000000001101100000000000000000000000000000010000
000000000000110000000000000000000000000000000000000000000000000000000000000000000000000000110000000000000000010000000000000000000000000000000000101000
000000000000010000110000000000000000000000000000000000000000000000000000000000000000000001000000000000001100010000110110000000000000000000000000010000
000000000000000100110000000000000000000000000000000000000000000000000000000000000000000011100000000000001100010000101011000000000000000000000000000000
000000000000000010001000000000000000000000000000000000110000000000000000110000000000000011100000000000000000001000101101100000000000000000000000000000
000000000000000010010000000000000000000000000000000000110000000000000000110000000010000000000000000000000000000011001100000000001110000000000000000000
000000000000000001010000000000000000000000000000000000000000000000000000000000000101000000000000000000000000000001001000000000000000000000000000000111
100000000000000001010000000000000000000000000000000000000000010000000000000000000011000000000000000000000000000001100010000000000000000000000000000011
000000000000000000110000000000000000000000000000000000000000111100000000000000000000000101000000000000110000000001000010000000000001000000000000000000
000000000000000001001000000000000000000000000000000000000000101100000000000000000000001001000000000011001000000001000000000000000010100000000000000000
000000000000000000101100000000000000000000100000000000000000001100011000000000000000000100100000000111001000000000011100000000000110110000000000000000
000000000000000000001100000000000000000001010000000000000000000000011000000000000000000111000000011011110000000000001000000000000000110000000000000000
000000000000000000010001000000000000000100000001000000000001111000000000000000000000000011000000001000000000000000000000000000000100001000000000000001
100000000000000000001001000000000000001000000001000000000001110000000000000000000000000000000000000000000000000000000000000000000111110000010000000010
100000000000000000001001000000000000001000100010000000000000100000000000000000000000000000000110000000000000000010000000000000001100010000101000000100
000000000000000000000110000000000000000111000000000000000000000000000000000000000000000000001100011000000000000010000000000000000010110000101000000011
000000000000000000000000000000000000000000000000000000000000000000000000000000000000000000010100100100000000000010000000000000000000110000100000000000
000000000000000000000000000000000000000000000000000000000000000000000000000000000000000000000100011111100000000000000000000000000000000000101000000000
000000000000000000000000000000000000000000000000000000000000000000000000000000000000000000001110011000000000000000000000000000000000000000011000000000
000000000000000000000000000000000000010000000000000000000000000000000000000000000000000000000110000000010000000000000000000000000000000000000000000000
000000000000000000000000000000000001101100000000000000000000000000000000000000001110000000000010001100000000000000000000000000000000000000000000000000
000000000000001000000000000000000000010000000111000000000000001100000000000000000000000000000000001101100000000000000000000000000000000001100000000000
000000000000010100000000000000000000110000000000000000001000010100000001100000000000000000000101010110000000000000000000000110000000000010010000000000
000000000000100100000000000001000011110000000000000001011000000100000010010000000000000000110101000000000100000000000000000101000000000001010000000000
000000000000011000000000000010100001010000010000111001010000000000000001100001100000000000110110101000001100000000000000000010000000000000100000000000
000000000000000000000000000001000000100100100100111000000000000000000000000001110000000000001111100000011000000000000000000000000000000000000000000000
000000000000000000000000000000000000001100000010001000100000000000000000001101010000000000000110100000001100000000111000000000000000000000000000000000
000000000000000011000000000000001100001100000010000011100000000000000000001001010000000000000001100000000000000000111000000000000000000000000000000000
000000000000000100100000000000000000000000000000000010000000000000000000000010110000000000000000000000000000000000000000000000000000000000001000000000
100000000000000011000000000000011100000010000000000000011000000000000000100010000000000000000000000000000000001010000000000000000000000000000110000000
100000000000000000000000000000000000000011001000000000011000000000000000100100000000000000000000000000000000001001000000000000000000000000001100000000
100000000000000000000000000001000000000011011000000000000000000000000000110000000000011110000000000001100000000000000000000000000000000000000000000000
000000000111000000000111001000100000000001010000001100000000000000000001000000000000010000000000000001100000000111000000000000000000000000000000000000
000000000000000000000111110000100000000000100000110010000000000000000001110000010000000001110000000000000000000000000000000000000000000000000000000000
100000000000000000000000010001000000000000000000100010000000100000000000101000101000111110001000000000000000000000000000000000000000000000000000000001
010000000000000000000000001000000000000000000000100100000001010000000000010101100100100000000100000000000000000000000000000000000000000000000000000010
100000000000000000000000000000000000000000000000011100000001010000000000101001011000010000001000000000000000000000000000000000000000000000000000000010
000000000000000000000000000000000000001100000000000000000000100000000000001010000000110001000000000000000000000000000000000000000000000000000000000001
000000000010000000000000000000000000001100000000000000000000000000000001001011000000000010000000000000000000000000000000000000000000000000000000000000
000000000101000000000000000000000000000000000000000000000000000000000001110000000000000000000000000000000000000000000000000000000000000001000000000000
000000000100100000000110000000000000000000000000000000000000000000000000000000000000000000000000000000000000000000001000000000000000000010100000000000
000000000011000000000110000110000000000000000000000000000000000000000000000001000001100000000000000000000000000000010100000000000000000001100000000000
000000000000000000000000000110000000000000000000000000000000000000000000000001100000000000000000000000000000000000100100000000000000000000000000000000
000000000000000000000000000000000000000000000000000000000000000000000000000101010000000000000000000000000000000000011000000000000000001100000000000000
000000000000000000000000000000000000000000000000000000000000000000000000000000111000000000000000000000000000000000000000000000000000010100000000000000
000000000000000000000000000000000000000000000000000000000000000000000000000000110000000000000000000000000000000000000000000000000000001000000000000000
000000000000000000000000000000000000000000000000000000000000000000000000011111100000000000000000000000000000000000000000000000000000000000000000000000
000000000100000000000000000000000000000000000000000000000000000000000000101111000000000000000000000000000000000000000000000000000000000000000000000000
000000001010000000000000000000000000000000000000000000000000000000000000101100000000000000000000000000000000000000000000000000000000000000000000000000
000000001010000000000000000000000000001100000000000000000000000000000000000000000000000000000000000000000000000000000000000000000000000010000000000000
000000000100000000000000001100000000001100000000000000000000000000000000000000000000000000000000000000000000000000000000000000000000000010000000000000
000000000000000000000000001100000000000000000000000000000000000000000000000000000000000000000000000000000000000000000000000000000000000010000000000000
000000000000000000000000000000000000000000000000000000000000000000000000000000000000000000000000000000000000000000000000000000000000000000000000000000
000000000000000000000000000000000001000000000000000000110000000000000000000000000000000000000000000000000000000000000000000000000000000000000000000000
000000000000000000000000000000000001000000000000000000110000000000000000010000000000000100000000000000000000000000000000000000000000000000000000001100
000000000011100000000000000000000001000000000000000000000000000000000000111000000000000100000000000000000000000000000000000000000000000000000000001100
000000000000000000000000000000000000000000000000000000000000000000000001101100000000001000100000000000000000000000000000000000000000000000000000000000
000000000000000000000000000000011000011100000000000000000000000000000000110000001000000100110000000000000000000000000000000000000000000000000000000000
000000000000000110000000000000011000000000000000000000000000000000000000111110000100001000101000000000000000000000000000000000000000000000000000000000
000000000000001001000000000000000001000000000000000000000000001100000000001111000110001010001100000000000000000000000000000000000000000110000000000000
000000000000000110000000000000000001000000110000000000000000001100000000000101001100011000101000000000000000000000000000000000000000000110000000000000
000000000000000000000001100110000001000000110000000000000000000000000000110011101000001010110000000000000000000000000000000000000000000000000000000000
000000000000000000000001100110011000000000000000000000001000000000000000110000110000000111100000000000000000000000000000000000000000000000000000000000
000000000011000000000000000000011000001100000000000001001000000000000000000001100000000010000000000000000000010000000000000000000000000000000000000000
000000000101000000000000000000000000010010000000000001001000000000000000000001000000000000000000000000000000101000000000000000000000000000000000000000
000110000010000000000000000000000000001100000000000001000000000000000000000000000000000000000000000000000001001000000000000000000000000000001100000000
000110000000000000000000000000000000000000000000000000000000000001000011000000000000000000000000000000000000110000000000011000000000000000010010000000
000000000000000000000000000000000000000000000000000000101100000010100011000000000000000000000000000000000000000000000000011000000000000000010100000000
000000000000000000000000000000000000000000000000000000100100000010100000000000000000000000000000000000000000000000000000000000000000000000001000000000
000000000000000000000000000000000000000000000000000000111000000001000000000000000000000000000000000000000000000000000000000000000000000000000000000000
000000000000000000000000001100000000000000000000000000000000000000000000000000000000000000000000000000000000000000000000000000000000000000000000000000
000000000000000000000010001100000000000000000000000000000001100000000000000000000000000000000000000000000000000000000000000000000000000000000000000000
000000000000000000000010000000000000000000000000000000000001100000000000000000000000000000000000000000000000000000000000000000000000000000000000000000
000000000000000000000010000000000000000000000000000000000000000000000000000000000000000000000000000000000000000000000000000000000000000000000000000000
000000000000000000000000000000000000000000000000000000000000000000000000000000000000000000000000000000000000000000000000000000011000000011000000000000
000000000000000000111000111000000000000000000000000000000000000000000000000000000000000000000000000000000000000000000000000000100100000100100000000000
000000000000000000000000000000000000000000000000000000000000000000000000000000000000000000000000000000000000000000000000000000011000000011000000000000
000000000000000000000000000000000000000000000000000000000000000000000000000000000000000000000000000000000000000000000000000000000000000000000000000000
000000000000000000000000000000000000000000000000000000000000000000000000000000000000000000000000000000000000000000000000000000000000100000000000000000
000000000000001000000000000000000000000000000000000000000000000000000000000000000000000000000000110000000000000000000000000000000001010000000000000000
000000000000001000000000000000000000000000000000000000000000000000000000000000000000000000000000110000000000000000000000000000000001010000000000000000
000000000000001000000000000000000000000000000000000000000000000000000000000000000000000000000000000000000000000000000000000000000000100000000000000000
000000000001000001000000000000000000000001000000000000000000000000000000000000000000000000000000000000000000000000000000000000000000000000000000000000
000000000010100010100000000000000000000010100000000000000000000000000000000000000000000000000000000000000000000000000000000000000000000000000000000000
000000000010100010100000000000000000000010100000000000000000000000000000000000001100000000000000000000000000000000000000000000000000000000000000000000
000000000001000001000000000000000000000001000000000000000000000000000000000000001100000000000000000000000000000000000000000000000000000000010000000000
000000000000000000000000000000000000000000000000000000000000000000000000000000000000000000000000000000000000000000000000000000000000000000101000000000
000000000000000000000000111000000000000000000000000000000000000000000000000000000000000000000000000000000000000000000000000000000000000000101000000000
