000000000000000000000000000000000000000000000000000000000000000000000000000000000000000000000011000000000100001000000000000000000000100000000000000000
000000000000000000000000000000000000000000000110000000000000000000000000000000000000000000000011000000001101011000000000000000000000000000000000000000
000000000000000000000000000000000000000000000110000000000000000000000000000000000000000000000000000000011110000000000000000000000000000000000000000000
000000000000000000000000000000000000000000000000000000000000000000000000000000000000000000000000000000011110000000000000000000000000000000000000000000
000000000000000000000000000000000000000000000000000000000000000000000000000000000000000000000000000000011111000000000000000000000000000000000000000000
000000000000000000000000000000000000000000000000000000000000000000000000000000000000000000000000000000001001100000000000000000000000000000000000000000
000000000110000000000000000000000000000000000000000000000000000001100000000000000000000000000000000000000111000000000000000000000000000000000000000000
000000001001000000000000000000110000000000000000000000000000000001100000000000000000000000000000000000000010000000000000000000000000000000000000000000
000000001001000000000000000000110000000000000000000000000000000000000000000000000000000000000000000000000000000000000000000000000000000000000000000000
000000000110000000000000000000000000110000000000000000000000000000000000000000000000000000000000000000000000000000000000000000000000000000000000000000
000000000000000000000000000000000000110000000000011000000000000000000000000000000000000000000000000000000000000000000000000000000000000000000000000000
000001100000000000000000000000000000000000000000011000000000000000000000000000000000000000000000000000000000000000000000000000000000000000000000000000
000001100000000000000000000000000000000000000000000000000000000000000000000000000000000000000000000000000000000000000000000001110000000000000000000000
001000000000000000000000000000000000000000000000000000000000000000000000000000000000000001100000000000000000000000000000000000000000000000000000000000
001000000000000000000000000000000000000100000000000000000000000000000000000000000000000010010000000000000000000000000000000000000000000000000000000000
000000000000000000000000000000000000001010000000000000000000000000000000000000110000000001100000000000000000000000000000000000000000000000000000000000
000000000000000000000000000000000000001010000000000000000000000000000000000000110000000000000000000000001100000000000000000000000000000000000000000000
000000000000000000000000000000000000000100000000000000000000000000000000000000000001100000000000000000001100000000000000000000000000000000000000000000
000000011000000000000000000000000000000000000000000000000000000000000000000000000001100000000000000000000000000000000000000000000000000000000000000000
000000100100000000000000000000000011000000011000000000000000000000001000000000000000000000000000000000000000000000000000000000000000000000000000000000
000001101110000000000000000000000100100000100100000000000000000000010100000110000000000000000000000000000000000000000001000000000000000000000000000000
000001111100000000000000000000000011000000011000000000000000000000001000000110000000100000000000000000000000000000000001000000000000000000000000000000
000000111000000000000000000000000000000000000000000000000000000000000000000000000100001000000000000000000000000000000001000000000000000000000000000000
000000010000000000000000000000000000000100000000000000000000000000000000000000001101111110000000000000000000000000000000000000000000000000000000000000
000000000000000000000000000000000000001010000000000000000000000000000000000000001010001001000000000000000000000000000000000000000000000000000000100000
000000000000000000000000000000000000001010000000000000000000000000000000000110001001000001000000000000000000000000000000000000000000000000000001010000
110000000000000000000000000000000000000100000000000000000000000000000000000110000101000110000000000000000000000000000000000000000000000000000000100000
110000000000000000000000000000000000000000000000000000000000000000000000000000000010000000000000000000000000000000000000000000000000000000000000000000
000000000000000000000000000000000000000000000000000000000000000011000000000000000000000000000000000000000000000000000000000000000000000000000000000000
000000000000000000000000000000000000000000000000000000000000000011000000000000000000000000000000000000000001000000000000000000000000000000000000000000
000000000000000000000000011000000000000000000000000000000000000000000000000000000000000000000001100000000010100000000111000000000000000000000000000000
000000000001100000000000011000000010000000000000000000000000000000000000000000000000000000000001100000000010100000000000000000000000000000000000000000
000000000001100000000000000000000010000000000000001110000000000000000000000000000000000000000000000000000001000000010000010000000000000000000000000000
000000000000000000000000000000000010000000000000000000000000000000000000000000000000000000000000000000000000000000010000010000000000000000000000000000
000000000000000000000000000000000000000000000000000000011000000000000000000000000000000000000000000000000000000000010000010000000000000000000000000000
000000000000000000000000000000000000000000000000000000100100000000000000000000000000000000000000000000000000000000000000000000000000000000000000000000
000000000000000000000000000000000000011000000000000000011000000000000000000000000000000000000000000000000000000000000111000000000000000000000000000000
000000000000000000000000000000000000011000000000000000000000000000000000000000000000000000000000000000000000000000000000000000000000000000000000000000
000000000000000000000000000000000000000000000000000000000000000000000000000000000000000000000000000000000000110000000000000000000000000000000000000000
000000000000000000000000000000000000000000000000000000000000000000000000000000000000000000000000000000000000110000000000000000000000000000000100000000
000000000000000000000000000000000000000000000000000000000000000000000000000000000000000000000000000000000000000000000000000000000000000111001100000000
000000000000000000000000000000000000000000000000000000000000000000000000000000000000000000000000000000000000000000000000000000000000000100011100000000
000000000000000000000000000000000000000000000000000110000000000000000000000000000000000000000000000000000000000000000000000000000000000101011000000000
000000000000000000000000000000000000000000000000001001000000000000100000000000000000000000000000000000000000000000000000000000000000111000111011100000
000000000000000000000000000000000000000000000000001010000000000000100000000000000000000000001000100000000000000000000000000000000000100000001011100000
000000000000000000000000000000000000000000000000000100000000000000100000000000000000000000001001110000000000000100000000000000000000110111100000000010
000000000000000000000000000000000000000000000000000000000000000100000000000000000000000000010010011100000000000100000000000000000000001000001110010011
100000000000000000000000000000000000000001100000000000000000001010000000000000000000000000011000010000000000000100000000000000000000001000000100010001
000000000000000000000000000000000000000001100000000000000000000001000000000000000000000000000101000010000000000000000000000000000000000000010001001011
000000000000000000000000000000000000100000000000000000000000001100100000000000000000001000000110101100000000000000000000000000000000000000100000011010
000000000000000000000000000000000000100000000000000000000000000100100000000000000000011100000100000000000000000000000000000000000000000000000000011100
000000000000000000000000000000000000100000000000000000000000000011000000001110000000110110000100000000000001100000000000000000000000000000100000000000
000000000000000000000000000000000000000000000000000000000000000000000000010010000000011000000010100000000001100000000000000000000000000001010000000000
000000000000000000000000000000000000000000000000000000000000000011000000010110000000100000000000000000000000000000000000001000000000000011011000110000
000000000000000000000000000000000000000000000000000000000000000100010000000000000001000000000000000000000000000000000000001000000000000011010010001000
000000000000000000000000000000000000000000000000000000000000000010010000000000000111000000000000000000000000000000000000001000000000000001100010110000
000000000000000000000000000011000000000000000000000000000000000011000000000000000100011000000000000000000000000000000000000000000000000000100000000000
000000110000000000000000000100100000000000000000000000000000000000000000000000000110110000000000000000000000000000000000000000000000000010100000000000
000000110000000000000000000011000000000000000000000000000000000000000000000000000001100011000000000000000000000000110000000000000000000010100011000000
000000110000000000000000110000000000000000000000000000000000000000000000000000000000000011000000000000000000000000110000000000000000000001000000100000
000000000000000000000001010000000000000000000000000000000000000000000000000000000000000000000000000000000000000000000000000000000000000000001001000000
000000010011000000000000100000000000000000000000000000100000000000000000000000000000000000000000000000000000000000000000000000000000000000000000000000
000000001110000000000000000000000000000000000000000001010000000000000000000000000000000000000000000000000000000000000000000000000011000000101100000000
000000000100000000000000000000000000000000000000000011011000000000000000000000000000000000000000000000000000000000000000000000000011000000010000000000
000000000000011000000000000000000000000000000000000000001000000000000000000000000011100000000000000000000000000000000000000000000000000000000000000000
000000000000011000000000000000000000000000000000000000001010000000000000000000001001000000000000000000000000000000000000000000000000000000000000000000
000000011000011000000000000000000000000000000000000000000101100000000000000000000000100000000000000000110000000000000000000000000000000000000000000000
000000100000001100000000000000000000000000000000000011010001010011000000000000000010000000000000000000110000000000000000000000000000000000000000000000
000000011000001100000000000000000000000000000000000110000011110010010010000000000010000000000000000000000000000000000000000000000000000000000000000000
000000000000001000000000000000000000000000000000011100100000000010000110000100000010000000000000000000000000000000000000000000000000000000000000000000
000010000000000100000000000000000000000000000000101001000100000001000100011010000000000000000000000000000000000000000000000000000000000000000111000000
000111110001000010000000000000000000000000000001000101000000000000001000001011000000000000000000000000000000000000000000000000000000000000000000000000
001110100011000000000000000000000000000000000000101000000100000000000000000011000000000000000000000000000000000000000000000001100000000000000000000000
111000000100010000000000000000000000000000000000011100000100000010110010011011000000000000000000000000000000000000000000000010010000000000000000000100
000001110100000000000000000000000000000000000000000110000010000010010011011010000000000000000000000000110110000000000000000001100000000001100000001110
001011101000000000000000000000000000000000000000000111100100000111000011100110000000000000000111000000110110000100000000000000000000000010010000001111
001011100000000000000000000000000000000000000000000000100000100110110000100010000000000000000000000000000000001010000000000000000000000001100000011010
011100000000000000000000000000000000000000000000000011000101011000000000010001000000000000000000000000000000010010000000000000000000000000000000001110
011000000000000000000000000000000000000000000000000011011000010000000000000101000000000000110000000000000000001100000000000000110000000000001000001110
000000000000000000000000000000000000000000000000000000000000100000000000110011000000000000110000000000000000000000000000000001001000000000010100000000
000000000000000000000000000000000000000000000000000000000000000000000000010000000100000000000000000000000000000000000000000000101000000100110100000000
000000000000000000000000000000000000000000000000000010000000000000000000001000000100000000000000000000000011000000000000000000010000001110110000000000
000000000000000000001100000000000000000000000010100101000000000000000101100100000000000000000000000000001000100000000000000000000000011101100000000000
000000000000000000001100000000000000000000000010010100000000000000000110001000000000000000010000000000000000110000000000000000000000111001000000000000
000000000000000000000000000000000000000000000010100010000000000001111111110000000000000001110000000000000000100000000000000000000000011110000000000000
000000000000000000000000000000000000000000000000000010000000000011010000000000000000000011100011000000001000100000000000000000000000001100000000000000
000000000000000000000000000000000000000000000000000010001110000101011000000000000000000011000011100000000010000000000000000000011000000111100000000000
001100000000000000000000000000000000000000000000111101000001001100010110000000000000000000000000100000000000000000000000000000011000000111101100110000
001010000000000000000000000000000000000000000000110110001001000101010110000000000000011000100011100000000010000000000000011100000000001011100000110000
000101000000000000000000011000000000000000000000001100000110000011001000000000000000011000100001000000000110000111000000010000000000001100001000001000
000010000000000000001100011000000110000000000000000000000000000000000000000011000000000000000000000000000110001001000000010110000000000110001111110000
000000000000000000001100000000000110000000000000000000000000000000000000000100100000000000000000000000000000000110000000001110111000000111000010000000
000000000000000000000000000000000000000000011000000000000000000000000000000110000000000000000000000000000010000000000000000000000100000010100011000000
000000000000000000000000000000000000000000011000000000000000000000000000000001110000000000000000000000001011110000000000000000101000000001000000100000
000000000111000000000000000000000000000000000000000000000000000000000000000000000000000000001000000000010011110000000000000000010000000000110001000000
000000000000000000000000000000000000000000000000000000000000000000000000000111100000000000011100000000011011000000000000000000000000000001111110000010
000000000000000000000000000000000000000000000000000000000000000000001000011111000000000000100010000000001010000000000000000000000000000000001100000101
000000000000000000000000000000000100000000000000000000000000011100010100001001101100011011001000000000000010000000000000000000000000000000100000000101
000000000000000000000000000000000100000000000000000000000000111110100010000111000011000001101100000100100000000000000000000000000000000000000010000010
000000000000000000000000000000000100000000000000000000000001000001010010000110000001000011111000001000011000000000000000000000000000000100000010000000
001100000010000000000000000000000000000000000000000000000001100101101100000010000001000000000000000100000000000000000000000000000000001010000010000000
010010000101000000000000000000000001110000000000000000000000000110001000000000000000101000000100000010001000000000000000000000000000000011001100110000
001100000100100000000110000000000000000000000000000000000000000000000000110110000000010000000000000001110000000000000000000000000000000110000110011000
000000000011000000000110000110000000000000000000000000000000000000000000000110000000000000000000000001110000000000000000000000000000000000000011010000
000000000000000000000000000110000000000000000000000000000000000000000000110001000000000000000000000000000000000000000000000000000000000000000001100010
000000000000000000000000000000000000000000000000000000000000000000000000100001000000000000000000000000000000000000000000000000000000001100000000000101
000000000000000000000000000000000000000000000000000000000000110001110000010000000000000000000000000000000000000000000000000000000000010100000000000101
000000000000000000000000000000000000000000000000000000000000110010010000010010000000000000000000000000000000000000000000000000000000001000000000000010
000000000000000000000000000000000000000000000000000000000000000000001100000100000000000000000000000000000000000000000000000000000000000000000000000000
000000000100000000000000000000000000000000000000000000000000000000000100000000000110000000000000000000000000000000000000000000000000000000000000000000
000000001010000000000000000000000000000000000000000000000000000010000100000000000110000000000000000011000000000000000000000000000000000000000000000000
000000001010000000000000000000000000000000000000000000000000000001001000000000000000000000000000000011000000000000000000000000000000000010000000000000
000000000100000000000000001100000000000000000000000000000000000000000000000000000000000000000000000000000000000000000000000000000000000010000000000000
000000000000000000000000001100000000000000000000000000000000000000000000000000000000000011100000000000000000000000000000000000000000000010000000000000
000000000000000000000000000000000000000000000000000000000000110010000000000000000000000000000000000000000000000000000000000000000000000000000000000000
000000000000000000000000000000000001000000000000000000000000110001100000000000000000000000000000011000000000000000000000000000000000000000000000000000
000000000000000000000000000000000001000000000000000000000000010101100000000000000000000000000000011000000000000000000000000000000000000000000000001100
000000000011100000000000000000000001000000000000000000000000110010000110000000011000000000000000000000000000000000000000000000000000000000000000001100
000000000000000000000000000000000000000000000000000000000000010000000010000000100110000000000000000000000000000000000000000000000000000000000000000000
000000000000000000000000000000011000011100000000000000000000001110001100000000110110000000000000000000000000000000000000000000000000000000000000000000
000000000000000110000000000000011000000000000000000000000000000100011000000000011100000000000000000000000000000000000000000000000000000000000000000000
000000000000001001000000000000000001000000000000000000000000000000000000000000000000000000000000000000001110000000000000000000000000000110000000000000
000000000000000110000000000000000001000000110000000000000000000000000011000000000000000000010000000000000000000000000000000000000000000110000000000000
000000000000000000000001100110000001000000110000000000000000000000000011000000000000000000101000000000000000000000000000000000000000000000000000000000
000000000000000000000001100110011000000000000000000000000000000000000000000000000000000001010000000000000000000000000000000000000000000000000000000000
000000000011000000000000000000011000001100000000000000000000000000100000000000000000000001100000000000000000010000000000000000000000000000000000000000
000000000101000000000000000000000000010010000000000000000000000001010000000000000000000000000000000000000000101000000000000000000000000000000000000000
000110000010000000000000000000000000001100000000000000000000000001010000000000000000000000000000000000000001001000000000000000000000000000001100000000
000110000000000000000000000000000000000000000000000000000000000000100000000000000000000000000000011000000000110000000000011000000000000000010010000000
000000000000000000000000000000000000000000000000000000000000000000000000000000000000000000000000100100000000000000000000011000000000000000010100000000
000000000000000000000000000000000000000000000000000000000000000000000000000000000000000000000000011000000000000000000000000000000000000000001000000000
000000000000000000000000000000000000000000000000000000000000000000000000000000000000000000000000000000000000000000000000000000000000000000000000000000
000000000000000000000000001100000000000000000000000001000000000001100000000000000000000000000000000000000000000000000000000000000000000000000000000000
000000000000000000000010001100000000000000000000000010100000000001100000000000000000000000000000000000000000000000000011000000000000000000000000000000
000000000000000000000010000000000000000000000000000010100000000000000000000000000000000000000000000000000000000000000011000000000000000000000000000000
000000000000000000000010000000000000000000000000000001000000000000000000000000000000000000000000000000000000000000000000000000000000000000000000000000
000000000000000000000000000000000000000000000000000000000000000000000000000000000000000000000000000000000000000000000000000000011000000011000000000000
000000000000000000111000111000000000000000000000110000000110000000000000000000000000000000000000000000000000000000000000000000100100000100100000000000
000000000000000000000000000000000000000000000001001000001001000000000000000000000000000000000000000000000000000000000110000000011000000011000000000000
000000000000000000000000000000000000000000000000110000000110000000000000000000000000000000000000000000000000000000001001000000000000000000000000000000
000000000000000000000000000000000000000000000000000000000000000000000000000000000000000000000000000000000000000000001010000000000000100000000000000000
000000000000001000000000000000000000000000000000000001000000000000000000000000000000000000000000000000001000000000000100000010000001010000000000000000
000000000000001000000000000000000000000000000000000010100000000000000000000000000000000000000000000000010100000010000000000010000001010000000000000000
000000000000001000000000000000000000000000000000000010100000000000000000000000000000000000000000000000010100000010000000000010000000100000000000000000
000000000001000001000000000000000000000001000000000001000000000000000000000000000000000000000000000000001000000010000000000000000000000000000000000000
000000000010100010100000000000000000000010100000000000000000000000000000000000000000000000000000000000000000000000000000111000111000000000000000000000
000000000010100010100000000000000000000010100000000000000000000000000000000000001100000000000000000000000000000000000000000000000000000000000000000000
000000000001000001000000000000000000000001000000000000000000000000000000000000001100000000000000000000000000100000000000000010000000100000000000000000
000000000000000000000000000000000000000000000000000000000000000000000000000000000000000000000000000000000011110000000000000010000001010000000000000000
000000000000000000000000111000000000000000000000000000000000000000000000000000000000000000000000000000000011001000000000000010000001010000000000000000
