00001001000100001100000000000000000000000000000000
00000100101101010010000000000000000000000011000000
00000011000110011100000000000000000000000100010000
00000000000000000000000000000000000000000100010000
00000000000000000000000000000000000000000000010000
00000000000000000000011000000000000000011001101000
00000000000000000000101000000000000010101100100100
00000000000000000000010000000000000110000010100010
00000000000000000000000000000000001000010110000000
00000000000000110000000000000000000111100101000100
00000000000000110000000000000000000000001100000000
00000000000000000000000000110000000000000001100000
00000000000000000000011001001000000000000000000000
00000000000000000000011000110000000000000000000000
00000000000000000000000000000000000000000000000000
00000000000000000000000000000000000000000000000000
00000000000000000000000000000000000000000000000000
00000000000000000000000000000000000000000000000000
00000000000000000000000000000000000000000000000000
00000000000000000000000000000000000000000000000000
00000000000000000000000000000000000000000000000000
00000000000000000000000000000000000000000000000000
00000000000000000000000000000000000000000000000000
00000000000000000000000000000000000000000000000000
00000000000000000000000000000000000000000000000000
00000000000000000000000000000000000000000000000000
00000000010100000000000000000000000000000000000000
00000000100100000000000011100000000000000000000000
00000000100010000000000000000000000000000000000000
00000000100100000000001000001000000000000010000000
00000000011100000000001000001000011000000011000000
00000100000000000000001000001000011000000111000000
00001100000000000000000000000000000000000000000000
00001010000000000000000011100000000000001100000000
00000000000000000000000000000000000000011011011000
00000000000000000000000000000000000000000001011000
11100000000000000000000000000000000000011000010000
00000000000000000000000000000000000000000000000000
00111100000000000000000000000000000000000000000000
00110100000000000000000000000000000011000000000000
00101000000000000000000011000000000011001001111000
01001000110000000000000011000000000000000000001000
01111101100000000000000000000000000000001000001000
01010011100000000000000000000000000000000000001000
00000000000000000000000000000000000000000000000100
00000100010000011000000000000000000000000000011000
00001000010000011000000000000000000000000000000000
00010001111000000000000000000000000000000000000000
00010010000100000000000000000000000000000000000000
00010000000110000000000000000000000000000000000000
