000000000000000000000000000000000000000000000000000000000000000000000000000000000000000000000000000000000000000000000000000000000000000000010000000000
000000000000000000000000000000000000000000000110000000000000000000000000000000000000000000000000000000000000000000000000000000000000011100000000000000
000000000000000000000000000000000000000000000110000000000000000000000000000000000000000000000000011100000000000000000000000000000000000000000000000000
000000000000000000000000000000000000000000000000000000000000000000000000000000000000000000000000000000000000000000000011000000000000000000000000000000
000000000000000000000000000000000000000000000000000000000000000000000000000000000000000000000000000000000000000000000100100000111000000000000000000000
000000000000000000000000000000000000000000000000000000000000000000000000000000000000000000000000000000000000000000000010100000000000000000000000000000
000000000110000000000000000000000000000000000000000000000000000001100000000000000000000000000000000000000000000000000001000000000000000000000000000000
000000001001000000000000000000110000000000000000000000000000000001100000000000000000000000000000000000000000000000000000000000000000000000000000000000
000000001001000000000000000000110000000000000000000000000000000000000000000000000000000000000000000000000000000000000000000000000000000000000000000000
000000000110000000000000000000000000110000000000000000000000000000000000000000000000000000000000000000000000000000000000000000000000000000000000000000
000000000000000000000000000000000000110000000000011000000000000000000000000000000000000000000000000000000000000000000000000000000000000000000000000000
000000000000000000000000000000000000000000000000011000000000000000000000000000000000000000000000000000000000000000000000000000000000000000000000000000
000000000000000000000000000000000000000000000000000000000000000000000000000000000000000000000000000000000000000000000000000001110000000000000000000000
000000000000000000000000000000000000000000000000000000000000000000000000000000000000000000000001000000000000000000000000000000000000000000000000000000
000000000000000000000000000000000000000100000000000000000000000000000000000000000000000000000010100000000000000001100000000000000000000000000000000000
000000000000000000000000000000000000001010000000000000000000000000000000000000000000000000000010100000000000000001100000000000000000000000000000000000
000000000000000000000000000000000000001010000000000000000000000000000000000000000000000000000001000000000111000000000000000000000000000000000000000000
000000000000000000000000000000000000000100000000000000000000000000000000000000000000000000000000000000000100100000000000000000000000000000000000000000
000000000000000000000000000000000000000000000000000000000000000000000000000000000000000000110000000000001000100000000000000000000000000000000000000000
000000000000000000000000000000000011000000011000000000000000000000001000000000000000000001001000000000001111000000000000000000000000000000000000000000
000000000000000000000000000000000100100000100100000000000000000000010100000000000000000000110000000000000100000000000001000000000000000000000000000000
000000000000000011000000000000000011000000011000000000000000000000001000000000000000000000000000000000000000000000000001000000000000000000000000000000
000000000000000011000000000000000000000000000000000000000000000000000000000000000000000000000000000000000000000000000001000000000000000000000000000000
000000000000000000000000000000000000000100000000000000000000000000000000000001000000000000000000000000000000000000000000000000000110000000000000000000
000000000000000000000000000000000000001010000000000000000000000000000000000010100000000000000000000000000000000000000000000000001001000000000000000000
000000000000000000000000000000000000001010000000000000000000000000000000000010010000000000000000011000000000000000000000000000001010000000000000000000
000000000000000000000000000000000000000100000000000000000000000000000000000001100000000000000000011000000000000000000000000000000100000011100000000000
000000000000000000000000000000000000000000000000000000000000000000000000000000000000000000000000111000000000000000000000000000000000000000000000000000
000000000000000000000000000000000000000000000000000000000000000011000000000000000000000000000000000000000000000000000000000110000000001000001000000000
000010000000000000000000000000000000000000000000000000000000000011000000000000000000000000000000000000000000000000000000000110000000001000001000000000
000101000000000000000000000000000000000000000000000000000000000000000000000000000000000000000000000000000000000000000000000000000000001000001000000000
000100100000000000000000000000000010000000000000000000000000000000000000000000000000000000000000000000000000000000110010000000000000000000000000001110
000011000000000000000000000000000010000000000000001110000000000000000000000000000000000000000000000000000000000000100110000000000000001001100000011010
000000000000000000000000000000000010000000000000000000000000000000000000000000000000000000000000000000001100000000100100000000000000011100100000100010
000000000000000000000000000000000000000000000000000000011000000000000000000000000000000000000000000000010000100000011000000000000000100001000000000000
000000000000000000000000000000000000000000000000000000100100000000000000000000000000000000000000000000001111110000000000000000000000110000000001110000
000000000000000000000000000000000000011000000000000000011000000000000000000000000000000000000000000000000100010000000100000000000000000000000000000000
000000000000000000000000000000000000011000000000000000000000000000000000000000000000000000000000000000001011000000001001000000000000000000000000000000
000000000000000000000000000000000000000000000000000000000000000000000000000000000000000000000000000000010001000000000001000000000000000000000000101000
000000000110000000000000000000000000000000000000000000000000000000000000000000011100000000000000000000010010000000001101000000000000010000000000101000
000000001001000000000000000000000000000000000000000000000000000000000000000000001110000000000000000000001000000000001011000000000001101100000000111000
000000000110000000000000000000000000000000000000000000000000000000000000000000000000000000000000000000010000000000001110000000000001101100000000000000
000000000000000000000000000000000000000000000000000110000000000000000000000000000000000011000000000000010000001110000100000000000001100100000000000010
000000000000000000000000000000000000000000000000001001000000000000000000000000000000000111000000000000010000011011000000000000000000101100000000000111
100000000000000000000000000000000000000000000000001010000000000000000000000000000000000010110000000000000000011011000000000000000000101000000000001100
100000000000000000000000000000000000000000000000000100000000000000000000000000000000000000010000000000000000000100000000000011000000100000000000001011
011000000000000000000000000000000000000000000000000000000000000000000000000000000000000001110000000000000000000000000001110011000110000000000000001101
100100000000000000000000000000000000000001100000000000000000000000000000000000000000000000000000000000000000000000000010010000001000000000000000000000
111110000000000000000000000000000000000001100000000000000000000000000000000011100000000000000000000000000000000000000010010000101101000000000000000001
100100000000000000000000000000000000100000000000000000000000000000000000000000000000000000000000000000000000000000000010010001110010000000100000000000
011000000000000000000000000000000000100000000000000000000000000000000000000000000000000000000000000000000000000000000000110000100000000001010000001101
100000000000110000000000000000000000100000000000000000000000000000000000000000000000000000000110000000000001100000000000000000000000000010001000001011
100000000000110000000000000000000000000000000000000000000000000001100000000000000000000000000110000000000001100000000000000000000000000010001000001100
000000000100000000000000000000000000000000000000000000000000000001100110000000000000000000000000000000000000000000000000110000000000000011011000000111
000000000100000000000000000000000000000000000000000000000000011000000110000000000000000000000000000000000000000000000000110000100000000000000000000010
000000000100000000000000000000000000000000000000000000000000011000000000000000000000000000000000000000000000000000000000000001010000000000000000000000
000000000000000000000000000011000000000000000000000000000000000000000000000000000000000000000000000000000000000000000000000001100000000000000000000000
000000000000000000000000000100100000000000000000000000000000000000000000000001100000000000000000000000000100000000000001000000000000000000000000000000
000000000000000110000000000011000000000000000000000000000000000000000000000010010000000000000000000000001010001111100011000000000000000000000000000000
000000000000000110000000000000000000000000000000000000000000000000000000000001010000000000011000000000000000000101100101000000000000000000000000000000
000000000000000000000000000000000000000000000000000000000000000000000000000000100000000000100100000000001000010001100100000000000000000000000000000000
000000000000000000000000000000000000000000000000000000000000000000000000000000000000111000100100000000001100010010000010000000000010000000000000000000
000000000000000000000000000000000000000000000000000000000000000000000000000000000000000000110011000000001100001100000000000000000100001100000000000000
000000000000000000000000000000000000000000000000000000000000000000000000000000000010000010000000000000000000000000000000000000001110001100000000000000
000000000000001000000000000000000000000000000000000000000000000000000000000000000010000010000111000000000000000000000000000000000110000000000000000000
000000000000010100000000000000000000000000000000000000000000000000000000000000000010000010000000000000000000000000000000000000000010000000000000000000
000000000000010100000000000000000000000000000000000000000000000000000000000000000000000000000000011100000000000000000000000000000000000000000000000000
000000000000001000000000000000000000000000000000000000000000000000000000000000000000111000000000000000000000000000000000000000000000000000000000011000
001000000000000000000000000000000000000000000000000000000000100000000000000000000000000000000000001011110000000000000000000000000000000000000000100100
111100000000000000000000000000000000000000000000000000000001010000000000000000000000000000000000000010110000000000000000000001100000000000000000100110
000010000000000000100000000000000000000000000000000000000001100000000000000000000000000011010000000000000111000000000000000001100000000000000000011011
001001000000000001000000000000000000000000000000000000000000000000000000000000000000000100000100000111000000000000000000000000000000000000000000000000
101111100010100010101000000000000000000000000000000000000000000000011000000000000000000100000100000011110000000000000000000000000000000000000000000001
011111111011000010000110000000000000110000000000000000000000000000011000000000000000000110000010000000010000000000000000000000000000000000000000000000
000000100001000001011000000000000000110000000000000000000000000000000000000000000000000000000101010000010000000000000000000000000000000000000000000000
000000011110000000010100000000000000000000000000000000000000000000000000000000000000000001000101100000000000000000000000000000000000000000000000000110
000000001000000000000000000000001100000000000000000000000000000000000000000000000000000000010000000000000000000000000000000000000000011100000000000110
000000000000000000000000000000010010000000000000000000000000000000000000000000000000000000000000000011000000000000000000000000000000011011000000000000
000000000000000000000000000000011100000000000000000000000000000000000000000000000000000000000000000011100000000000000000000000000000000011000000000000
000000000000000000000000000000011100000000000000000000000000000000000000000000000000000000000010011111100000000000000000000000000000011100000000000000
000000000000000000000000000110100000000000000000000000000000000000000000000000000000000000000010011011100000000000010000000000000000000100000000000000
000000000000000000000000000110001111000000000000000000000000001000000000000000000000000000000010011101110000011000110000000000000000000000000000000000
000000000000000000000000000010001111000000000000000000000000001000000000000000001110000000000000000001001000011001010000000000000000001100000000000000
000000000000000000000000000001000100010000000011100000110000001000000000000000000000000000000000011000001000000001100000000000000000000100000000000000
000000000000000000000000000000001000010000000000000001001000000000000000000000000000000000000000000010001000000000000000000110000000000000000000000000
000000000000000000000000100000101010010000000000000000110000000011100000000000000000000000000000001000000000000000000100000101000000000000000000000000
000000000000000000000001010000000011100000000000000000000000000000000000000000000000000000000000010001100000000000000011000010000000000011000000000000
001100000000000000000000001000000000000011000000000000000000001000000000000000000000000000000000010100000000000000000110000000000000000011000000000000
001010000000000000000000000000000000000011000000000000000000001000000000000000000000000000000000000000000000000000100110000000000000000000000000000000
000101000000000000000000101000000000000000000000000000000000001000000000000000000000000000000000110000000000000000011100000000000000000000000000000000
000010000000000000000000011000000000000000000000000000000000000000000000000000000000000000000000000000000000000000001000000000000000000000000001100000
000000000000000000000000000000000000000000000000000000000000000000000000000000000000000000000000000000000000000000000000000000000000000000000010010000
000000000000000000000000000000000000000000011000000000000000000000000000000000000000000000000110000000000000000000000000000000000000000000000010100000
000000000000000000000000000000000000000000011000000000000000000000000000000000000000000000000110000000000000000000000000000000000000000000000001000000
000000000111000000000000000000000000000000000000000000000000000000000000000000000000000000000000000000000000000000000000000000000000000000000000000000
000000000000000000000000000000000000000000000000000000000000000000000000000000000000000000000000000000000000000000000000000000000000000000000000000010
000000000000000000000000000000000000000000000000000000000000100000000000000000000000000000000000000000000000000000000000000000000000000000000000000101
000000000000000000000000000000000100000000000000000000000001010000000000000000000000000000000010000000000000000000000000000000000000000000000000000101
000000000000000000000000000000000100000000000000000000000001010000000000000000000000000000001111000000000000000000000000000000000000000000000000000010
000000000000000000000000000000000100000000000000000000000000100000000000000000000000000000000001100000000000000000000000000000000000000000000000000000
001100000010000000000000000000000000000000000000000000000000000000000000000000000000000000010110000000000000000000000000000000000000000000000001100000
010010000101000000000000000000000001110000000000000000000000000000000000000000000000000000010110000001100000000000000000000000000000000001000010010000
001100000100100000000110000000000000000000010100000000000000000000000000000000000000000000000000001100010000000000000000000000000000000010100001100000
000000000011000000000110000110000000000000001100000000000000000000000000000000000000000000100100011001010000000000000000000000000000000001100000000000
000000000000000000000000000110000000000000001000000000000000000000000000110000000000000000011100001000011000000000000000000000000000000000000000000010
000000000000000000000000000000000000000000000000000000000000000000000001010000000000000000001110000011010000000000000000000000000000001100000000000101
000000000000000000000000000000000000000000000000000000000000000000000001100000000000000000000000000111000001100000000000000000000000010100000000000101
000000000000000000000000000000000000000000000000000000000000000000000000000000000000000000000000000111000001100000000000000000000000001000000000000010
000000000000000000000000000000000000000000000000000000000000000000000000000000000000000000000000000100000000000000000000000000000000000000000000000000
000000000100000000000000000000000000000000000000000000000000000000010000000000000000000000000000010000000000000000000000000000000000000000000000000000
000000001010000000000000000000000000000000000000000000000000000000101000000000000000000000000000111011000000000000000000000000000000000000000000000000
000000001010000000000000000000000000000000000000000000000000000001001000000000000000000000000000010100000000000000000000000000000000000010000000000000
000000000100000000000000001100000000000000000000000000000000000001000000000000000000000000000000001000000000000000000000000000000000000010000000000000
000000000000000000000000001100000000000000000000000000000000000011100000000000000000000000000100000000111000000000000000000000000000000010000000000000
000000000000000000000000000000000000000000000000000000000000001111100000000000000000000000000010000001000000000000000000000000000000000000000000000000
000000000000000000000000000000000001000000000000000000110000010101010000000000000000000000000010000001001000000000000000000000000000000000000000000000
000000000000000000000000000000000001000000000000000000110000000110111000000000000000000000000100100000110000000000000000000000000000000000000000001100
000000000011100000000000000000000001000000000000000000000000000111000000000000000000000000000110101100000000000000000000000000000000000000000000001100
000000000000000000000000000000000000000000000000000000000000001100000000000000000000000000000000000010000000000000000000000000000000000000000000000000
000000000000000000000000000000011000011100000000000000000000000001000000000000000000000110000000000010000000000000000000000000000000000000000000000000
000000000000000110000000000000011000000000000000000000000000001000100000000000000000001001000000000100000000000000000000000000000000000000000000000000
000000000000001001000000000000000001000000000000000000000000011001000000000000000000000110000000000000000000000000000000000000000000000110000000000000
000000000000000110000000000000000001000000110000000000000000000110000000000000000000000000010000000000000000000000000000000000000000000110000000000000
000000000000000000000001100110000001000000110000000000000000000000000000000000000000000000101000000000000000000000000000000000000000000000000000000000
000000000000000000000001100110011000000000000000000000000000000000000000000000000000000001010000000000000000000000000000000000000000000000000000000000
000000000011000000000000000000011000001100000000000000000000000000000000000000000000000001100000000000000000010000000000000000000000000000000000000000
000000000101000000000000000000000000010010000000000000000000000000000000000000000000000000000000000000000000101000000000000000000000000000000000000000
000110000010000000000000000000000000001100000000000000000000000000000001100000000000000000000000000000000001001000000000000000000000000000001100000000
000110000000000000000000000000000000000000000000000000000000000000000010010000000000000000000000011000000000110000000000011000000000000000010010000000
000000000000000000000000000000000000000000000000000000000000000000000001100000000000000000000000100100000000000000000000011000000000000000010100000000
000000000000000000000000000000000000000000000000000000000000000000000000000000000000000000000000011000000000000000000000000000000000000000001000000000
000000000000000000000000000000000000000000000000000000001110000000000000000000000000000000000000000000000000000000000000000000000000000000000000000000
000000000000000000000000001100000000000000000000000000010001000000000000000000000000000000000000000000000000000000000000000000000000000000000000000000
000000000000000000000010001100000000000000000000000000010001000000000000000000000000000000000000000000000000000000000000000000000000000000000000000000
000000000000000000000010000000000000000000000000000001100000110000000000000000000000000000000000000000000000000000000000000000000000000000000000000000
000000000000000000000010000000000000000000000000000010000100001000000000000000000000000000000000000000000000000000000000000000000000000000000000000000
000000000000000000000000000000000000000000000000000010001010001000000000000000000000000000000000000000000000000000000000000000011000000011000000000000
000000000000000000111000111000000000000000000000000010000100001000000000000000000000000000000000000000000000000000000000000000100100000100100000000000
000000000000000000000000000000000000000000000000000001100000110000000000000000000000000000000000000000000000000000000000000000011000000011000000000000
000000000000000000000000000000000000000000000000000000010001000000000000000000000000000000000000000000000000000000000000000000000000000000000000000000
000000000000000000000000000000000000000000000000000000010001000000000000000000000000000000000000000000000000000000000000000000000000100000000000000000
000000000000001000000000000000000000000000000000000000001110000000000000000000000000000000000000110000000000000000000000000000000001010000000000000000
000000000000001000000000000000000000000000000000000000000000000000000000000000000000000000000000110000000000000000000000000000000001010000000000000000
000000000000001000000000000000000000000000000000000000000000000000000000000000000000000000000000000000000000000000000000000000000000100000000000000000
000000000001000001000000000000000000000001000000000000000000000000000000000000000000000000000000000000000000000000000000000000000000000000000000000000
000000000010100010100000000000000000000010100000000000000000000000000000000000000000000000000000000000000000000000000000000000000000000000000000000000
000000000010100010100000000000000000000010100000000000000000000000000000000000001100000000000000000000000000000000000000000000000000000000000000000000
000000000001000001000000000000000000000001000000000000000000000000000000000000001100000000000000000000000000000000000000000000000000000000010000000000
000000000000000000000000000000000000000000000000000000000000000000000000000000000000000000000000000000000000000000000000000000000000000000101000000000
000000000000000000000000111000000000000000000000000000000000000000000000000000000000000000000000000000000000000000000000000000000000000000101000000000
