000000000000000000000000000000000000000000000000000000000000000000000000000000000000000000000000000000000000000000000000000000000000000000010000000000
000000000000000000000000000000000000000000000110000000000000000000000000000000000000000000000000000000000000000000000000000000000000011100000000000000
000000000000000000000000000000000000000000000110000000000000000000000000000000000000000000000000011100000000000000000000000000000000000000000000000000
000000000000000000000000000000000000000000000000000000000000000000000000000000000000000000000000000000000000000000000011000000000000000000000000000000
000000000000000000000000000000000000000000000000000000000000000000000000000000000000000000000000000000000000000000000100100000111000000000000000000000
000000000000000000000000000000000000000000000000000000000000000000000000000000000000000000000000000000000000000000000010100000000000000000000000000000
000000000110000000000000000000000000000000000000000000000000000001100000000000000000000000000000000000000000000000000001000000000000000000000000000000
000000001001000000000000000000110000000000000000000000000000000001100000000000000000000000000000000000000000000000000000000000000000000000000000000000
000000001001000000000000000000110000000000000000000000000000000000000000000000000000000000000000000000000000000000000000000000000000000000000000000000
000000000110000000000000000000000000110000000000000000000000000000000000000000000000000000000000000000000010000000000000000000000000000000000000000000
000000000000000000000000000000000000110000000000011000000000000000000000000000000000000000000000000000000111000000000000000000000000000000000000000000
000000000000000000000000000000000000000000000000011000000000000000000000000000000000000000000000000000000111000000000000000000000000000000000000000000
000000000000000000000000000000000000000000000000000000000000000000000000000000000000000000000000000000000000000000000000000001110000000000000000000000
000000000000000000000000000000000000000000000000000000000000000000000000000000000000000000000001000000000111100000000000000000000000000000000000000000
000000000000000000000000000000000000000100000000000000000000000000000000000000000000000000000010100000001111100001100000000000000000000000000000000000
000000000000000000000000000000000000001010000000000000000000000000000000000000000000000000000010100000001101000001100000000000000000000000000000000000
000000000000000000000000000000000000001010000000000000000000000000000000000000000000000000000001000000000000000000000000000000000000000000000000000000
000000000000000000000000000000000000000100000000000000000000000000000000000000000000000000000000000000000000000000000000000000000000000000000000000000
000000000000000000000000000000000000000000000000000000000000000000000000000000000000000000110000000000000000000000000000000000000000000000000000000000
000000000000000000000000000000000011000000011000000000000000000000001000000000000000000001001000000000000000000000000000000000000000000000000000000000
000000000000000000000000000000000100100000100100000000000000000000010100000000000000000000110000000000000000000000000001000000000000000000000000000000
000000000000000011000000000000000011000000011000000000000000000000001000000000000000000000000000000000000110000000000001000000000000000000000000000000
000000000000000011000000000000000000000000000000000000000000000000000000000000000000000000000000000000000110000000000001000000000000000000000000000000
000000000000000000000000000000000000000100000000000000000000000000000000000001000000000000000000000000000000000000000000000000000110000000000000000000
000000000000000000000000000000000000001010000000000000000000000000000000000010100000000000000000000000000000000000000000000000001001000000000000000000
000000000000000000000000000000000000001010000000000000000000000000000000000010010000000000000000000000000000000000000000000000001011111101000000000000
000000000000000000000000000000000000000100000000000000000000000000000000000001100000000000000000000000000000000000000000000000000111111101000000000000
000000000000000000000000000000000000000000000000000000000000000000000000000000000000000000000000000000000000000000000000000000000011100001000000000000
000000000000000000000000000000000000000000000000000000000000000011000000000000000000000000000000000000000000000000000000000110000010001100001000000000
000010000000000000000000000000000000000000000000000000000000000011000000000000000000000000000000000000000000000000000000000110000110011000001000000000
000101000000000000000000000000000000000000000000000000000000000000000000000000000000000000000000000000000000000000000000000000001100100000001000000000
000100100000000000000000000000000010000000000000000000000000000000000000000000000000000000000000000000000000000010000010000000000010000001000000000000
000011000000000000000000000000000010000000000000001110000000000000000000000000000000000000000000000000000000000001011010000000000000000010100001110010
000000000000000000000000000000000010000000000000000000000000000000000000000000000000000000000000000000000000000001000000000000000000000100000010000010
000000000000000000000000000000000000000000000000000000011000000000000000000000000000000000000000000000000000000000000111000000000000001100000000000100
000000000000000000000000000000000000000000000000000000100100000000000000000000000000000000000000000000000000000000011101100000000000001100000000000000
000000000000000000000000000000000000011000000000000000011000000000000000000000000000000000000000000000000000000000000000001000000000001110000010000000
100000000000000000000000000000000000011000000000000000000000000000000000000000000000000000000000000000000000000000011000000100000000011100000001010000
110000000000000000000000000000000000000000000000000000000000000000000000000000000000000000000000000000000000000000111000011100001100111000000001110001
011000000110000000000000000000000000000000000000000000000000000000000000000000011100000000000000000000000000000000000000000000001100011000000001000010
000000001001000000000000000000000000000000000000000000000000000000000000000000001110000000000000000000001000000000000000000000001110100000000001100110
001000000110000000000000000000000000000000000000000000000000000000000000000000000000000000000000000000010100000000000000000000000000000000000000000000
000100000000000000000000000000000000000000000000000110000000000000000000000000000000000000000000000000100100000000000001000000000000000000000000000001
111000000000000000000000000000000000000000000000001001000000000000000000000000000000000000010000000000011000000000000000000000000000000000000000000000
000000000000000000000000000000000000000000000000001010000000000000000000000000000000000000101000000000000000000000000000110011100000000000000000000000
000000000000000000000000000000000000000000000000000100000000000000000000000000000000000001000000000000000000000100000001010010100000000000000000000010
001001000000000000000000000000000000000000000000000000000000000000000000000000000000000010001000000000000000000100000010010011100000000000000000000111
000001000000000000000000000000000000000001100000000000000000000000000000000000000000000010010000000000000000000100000001100000000000000000000000000010
000001000000000000000000000000000000000001100000000000000000000000000000000011100000000001000000000000000000000000000000110000000000000000000000000011
010000000000000000000000000000000000100000000000000000000000000000000000000000000000000000000000000000000000000000000000000000000000000000000000000001
001000000000000000000000000000000000100000000000000000000000000000000000000000000000000000000000000000000000000000000000100000000011011010010000000000
011000000000110000000000000000000000100000000000000000000000000000000000000000000000000000000110000000000001100000000000101100000011011110010000000000
001100000000110000000000000000000000000000000000000000000000000001100000000000000000000000000110000000000001100000000010100100000100001100010000000000
000000000100000000000000000000000000000000000000000000000000000001100110000000000000000000000000000000000000000000000010000010000010001101010000000000
000000000100000000000000000000000000000000000000000000000000011000000110000000000000000000000000000000000000000000000001000110100000110000100000000000
000000000100000000000000000000000000000000000000000000000000011000000000000000000000000000000000000000000000000000000000000111010000110111000000000000
011000000000000000000000000011000000000000000000000000000000000000000000000000000000000000000000000000000000000101100000110001100000000110000000000011
010000000000000000000000000100100000000000000000000000000000000000000000000001100000000000000000000000010000001110011011000000000000000000000000000001
100000000000000110000000000011000000000000000000000000000000000000000000000010010000000000000000000001101000000000001011100000000100000000000000000000
000000000000000110000000000000000000000000000000000000000000000000000000000001010000001000000000000001101000000010000000100000001000100000000000000000
000000000000000000000000000000000000000000000000000000000000000000000000000000100000011100000000000000000110000110001000000000000000001000000000000000
000000000000000000000000000000000000000000000000000000000000000000000000000000000000010010000000000000110110001100010010000000111000000000000000000000
000000000000000000000000000000000000000000000000000000000000000000000000000000000000010100000000000000011000001100000100000001000010000100000000000000
000000000000000000000000000000000000000000000000000000000000000000000000000000000010001100111000000000000000100000000000000010010010001100000000000000
000000000000001000000000000000000000000000000000000000000000000000000000000000000010000000011000000000000000000010000000000001001100110000000000000000
000000000000010100000000000000000000000000000000000000000000000000000000000000000010000000000000000000000000100001000000000000111000100000000000000000
000000000000010100000000000000000000000000000000000000000000000000000000000000000000001000000000000000000000001110000000000000011001000000000000001000
000000000000001000000000000000000000000000000000000000000000000000000000000000000000000100000000000000001000000100000000000000000000000000000000000100
000000000000000000000000000000000000000000000000000000000000100000000000000000000000100100101000000000010100000000000000000000000000000000000000001000
000000000010000000000000000000000000000000000000000000000001010000000000000000000001000101010110000000000010000000000000000001100000000000000000000000
000000000100100001100000000000000000000000000000000000000001100000000000000000000010001001010000000000001000000000000000000001100000000000000000000000
000000000100010010010000000000000000000000000000000000000000000000000000000000000101111000100000000000001001000000000000000000000000000000000000000000
100000000110010001100000000000000000000000000000000000000000000000011000000000000100110000100000100111110100100000000000000000000000000000000000000000
110000000010000000000000000000000000110000000000000000000000000000011000000000000110110001010110101110110101000000000000000000000000000000000000000001
101000000001100000000000000000000000110000000000000000000000000000000000000000000010110010010100000001000000000000000000000000000000000000000000000111
110000000000000000000000000000000000000000000000000000000000000000000000000000000001000010000000100100000000000000000000000000000000000000000000000100
100000001100000000000000000000100000000000000000000000000000000000000000000000000000000010010000000000000000000000000000000000000000110000000000000111
000000001100000000000000000010101110000000000000000000000000000000000000000000000000000001010000000000000000000000000000000000000001001000000000000001
000000000000000000000000000010100000000000000000000000000000000000000000000000000000000000000000000000000000000000001100000000000000110000000000000000
000000000000000000000000001000000000000000000000000000000000000000000000000000000000000000000000000000000000001000010000000000000000000000000000000000
000000000000000000000000001110000000000000000000000000000000000000000000000000000000000000000000000000000000100100100010000000000000000000000000000000
000000000000000000000000011010100000100000000000000000000000001000000000000000000000000000001000011100000000100011100010000000000000000000000000000000
000000000000000000000000010000111011011000000000000000000000001000000000000000001110000000110000100101000001000000000011000000000000001100000000000000
000000000000000000000000100000111110111000000011100000110000001000000000000000000000000000011000011011000000000010001000000000000000001100000000000000
000000000000000000000001100001000100100000000000000001001000000000000000000000000000000000000000001100000000000010001110000110000000000000000000000000
000000000000000000000011000011100000110000000000000000110000000011100000000000000000000000000000000010000000100000000100000101000000000000000000000000
000000000000000000000111000011100000001100000000000000000000000000000000000000000000000000000000001111000001000000000110000010000000000011000000000000
001100000000000000000110001101011001010111000000000000000000001000000000000000000000000000000000001100111110000000000100000000000000000011000000000000
001010000000000000000100111111000000000100000000000000000000001000000000000000000000000000000000000011011100000000001000000000000000000000000000000000
000101000000000000000011111110000010001000000000000000000000001000000000000000000000000000000000000001001000000000001010000000000000000000000000000000
000010000000000000000001000000000011100000000000000000000000000000000000000000000000000000000000000011000000000000011110000000000000000000000001100000
000000000000000000000000000000000011110000000000000000000000000000000000000000000000000000000000000000000000000000111100000000000000000000000010010000
000000000000000000000000000000000000000000011000000000000000000000000000000000000000000000000110000000000000000000110000000000000000000000000010100000
000000000000000000000000000000000000000000011000000000000000000000000000000000000000000000000110000000000000000000000100000000000000000000000001000000
000000000111000000000000000000000000000000000000000000000000000000000000000000000000000000000000000000000000000000000110000000000000000000000000000000
000000000000000000000000000000000000000000000000000000000000000000000000000000000000000000000000000000000000000000010010000000000000000000000000000010
000000000000000000000000000000000000000000000000000000000000100000000000000000000000000000000000000000000000000000011100000000000000000000000000000101
000000000000000000000000000000000100000000000000000000000001010000000000000000000000000000000000000000000000000000001000000000000000000000000000000101
000000000000000000000000000000000100000000000000000000000001010000000000000000000000000000000110000000000000000000000000000000000000000000000000000010
000000000000000000000000000000000100000000000000000000000000100000000000000000000000000000000110000001100000000000000000000000000000000000000000000000
001100000010000000000000000000000000000000000000000000000000000000000000000000000000000000000000000010010000000000000000000000000000000000000001100000
010010000101000000000000000000000001110000000000000000000000000000000000000000000000000000000000000000010000000000000000000000000000000001000010010000
001100000100100000000110000000000000000000000000000000000000000000000000000000000000000000000000000001001000000000000000000000000000000010100001100000
000000000011000000000110000110000000000000000000000000000000000000000000000000000000000000000000000110110000000000000000000000000000000001100000000000
000000000000000000000000000110000000000000000000000000000000000000000000110000000000000111000000001110110000000000000000000000000000000000000000000010
000000000000000000000000000000000000000000000001000000000000000000000001010000000000000000000000000100000000000000000000000000000000001100000000000101
000000000000000000000000000000000000000000000000110000000000000000000001100000000000000000000000000000101001100000000000000000000000010100000000000101
000000000000000000000000000000000000000000000001100000000000000000000000000000000000000000000000000000101001100000000000000000000000001000000000000010
000000000000000000000000000000000000000000000000000000000000000000000000000000000000000000000000000000010000000000000000000000000000000000000000000000
000000000100000000000000000000000000000000000000000000000000000000000000000000000000000000000001100000000000000000000000000000000000000000000000000000
000000001010000000000000000000000000000000000000000000000000000000000000000000000000000000000001100000000000000000000000000000000000000000000000000000
000000001010000000000000000000000000000000000000000000000000000000000000000000000000000000000000000110000000000000000000000000000000000010000000000000
000000000100000000000000001100000000000000000000000000000000000000000000000000000000000000000000001001110000000000000000000000000000000010000000000000
000000000000000000000000001100000000000000000000000000000000000000000000000000000000000000000000000010001000000000000000000000000000000010000000000000
000000000000000000000000000000000000000000000000000000000000001110000000000000000000000000000000000010001000000000000000000000000000000000000000000000
000000000000000000000000000000000001000000000000000000110000000000000000000000000000000000000000000010000000000000000000000000000000000000000000000000
000000000000000000000000000000000001000000000000000000110000100000100000000000000000000000011111110010101100000000000000000000000000000000000000001100
000000000011100000000000000000000001000000000000000000000000100000100000000000000000000000100111100100000110000000000000000000000000000000000000001100
000000000000000000000000000000000000000000000000000000000000100000100000000000000000000000011001001010000001000000000000000000000000000000000000000000
000000000000000000000000000000011000011100000000000000000000010001000000000000000000000110000001111100000110000000000000000000000000000000000000000000
000000000000000110000000000000011000000000000000000000000000001010000000000000000000001001000001111000000100000000000000000000000000000000000000000000
000000000000001001000000000000000001000000000000000000000000001010000000000000000000000110000000100000000000000000000000000000000000000110000000000000
000000000000000110000000000000000001000000110000000000000000001010000000000000000000000000010000000000000000000000000000000000000000000110000000000000
000000000000000000000001100110000001000000110000000000000000001010000000000000000000000000101000000000000000000000000000000000000000000000000000000000
000000000000000000000001100110011000000000000000000000000000000100000000000000000000000001010000000000000000000000000000000000000000000000000000000000
000000000011000000000000000000011000001100000000000000000000000000000000000000000000000001100000000000000000010000000000000000000000000000000000000000
000000000101000000000000000000000000010010000000000000000000000000000000000000000000000000000000000000000000101000000000000000000000000000000000000000
000110000010000000000000000000000000001100000000000000000000000000000001100000000000000000000000000000000001001000000000000000000000000000001100000000
000110000000000000000000000000000000000000000000000000000000000000000010010000000000000000000000011000000000110000000000011000000000000000010010000000
000000000000000000000000000000000000000000000000000000000000000000000001100000000000000000000000100100000000000000000000011000000000000000010100000000
000000000000000000000000000000000000000000000000000000000100000000000000000000000000000000000000011000000000000000000000000000000000000000001000000000
000000000000000000000000000000000000000000000000000000001010000000000000000000000000000000000000000000000000000000000000000000000000000000000000000000
000000000000000000000000001100000000000000000000000000001010000000000000000000000000000000000000000000000000000000000000000000000000000000000000000000
000000000000000000000010001100000000000000000000000000000100000000000000000000000000000000000000000000000000000000000000000000000000000000000000000000
000000000000000000000010000000000000000000000000000000000000000000000000000000000000000000000000000000000000000000000000000000000000000000000000000000
000000000000000000000010000000000000000000000000000011000000011000000000000000000000000000000000000000000000000000000000000000000000000000000000000000
000000000000000000000000000000000000000000000000000100100000100100000000000000000000000000000000000000000000000000000000000000011000000011000000000000
000000000000000000111000111000000000000000000000000011000000011000000000000000000000000000000000000000000000000000000000000000100100000100100000000000
000000000000000000000000000000000000000000000000000000000000000000000000000000000000000000000000000000000000000000000000000000011000000011000000000000
000000000000000000000000000000000000000000000000000000000100000000000000000000000000000000000000000000000000000000000000000000000000000000000000000000
000000000000000000000000000000000000000000000000000000001010000000000000000000000000000000000000000000000000000000000000000000000000100000000000000000
000000000000001000000000000000000000000000000000000000001010000000000000000000000000000000000000110000000000000000000000000000000001010000000000000000
000000000000001000000000000000000000000000000000000000000100000000000000000000000000000000000000110000000000000000000000000000000001010000000000000000
000000000000001000000000000000000000000000000000000000000000000000000000000000000000000000000000000000000000000000000000000000000000100000000000000000
000000000001000001000000000000000000000001000000000000000000000000000000000000000000000000000000000000000000000000000000000000000000000000000000000000
000000000010100010100000000000000000000010100000000000000000000000000000000000000000000000000000000000000000000000000000000000000000000000000000000000
000000000010100010100000000000000000000010100000000000000000000000000000000000001100000000000000000000000000000000000000000000000000000000000000000000
000000000001000001000000000000000000000001000000000000000000000000000000000000001100000000000000000000000000000000000000000000000000000000010000000000
000000000000000000000000000000000000000000000000000000000000000000000000000000000000000000000000000000000000000000000000000000000000000000101000000000
000000000000000000000000111000000000000000000000000000000000000000000000000000000000000000000000000000000000000000000000000000000000000000101000000000
