000000000000000000000110000000000000000000000000000000000000000000000000010001100000000000000000000000000000000000000000000000000000000000011100000000
000000000000000000001001000000000000000000000000000000000000000000000000111001110000000000000000000000000000000000000000000000000000000000000000000001
100000000000000000000110000000000000000000000000000000000000000000000000001000110000000000000000011100000000000000000000000000000000000000000000000010
100000000000000000000000000000000000000000000000000000000000000000000000000000000001100000000000000000000000000000000000000000000000000001000001100010
000000000000000000000000000000000000000000000001000000000000000000000000000000000001100000000000000000000000000000000000000000000000000010100100011001
000000000000000000000000000000000000000000000001000000100000000000000000000000000000000000000000000000000000000000000000000000000000000001000100000000
000000000110000000000000000000000000000000000001000000100000000001100000000000000000000000000000000000000000000000000000000000000000110000000100000100
000000001001000000000000000000000000110000000000000000100000000001100000110000000000000000000000000000000000000000000000000000000001001000000010001000
000000001001000000000000000000000000110000000000000000000000000000000000110000000000000000000000000000000000000000000000000000000000110000000001110000
000000000110000000000000000000000000000000000000000000000000000000000000000000000000000000000000000000000000000000000000000000000000000000000000000000
000000000000000000000000000000000000000000000000000000000000000000000000000000000000000000000000000000000000000000000000000000000000000000000000000000
000000000000000000000000000000000000000000000000000000000000000000000000000000000000000000000000000000000000000000000000000000000000000000000000000000
000000000000000000000000000000000000000000000000000000000000000000000000110000000000000000000000110000000000000001110000000000000000000000000000000000
000000000000000000000000000000000000000000000000000000000000000000000000110000000000000000000000110000000000000010001000000000000000000000000000000000
000000000000000000000000000000000000000000001000000000000000000000000000000000000000000000000000000000000000000100000100000000000000000000000000000000
000000000000000000000000000000000000000000011100000000000000000000000000000000000000000000000000000000000000001000100010000000000000000000000000000000
000000000000000000000000000000000000000000111110000000000000000000000000000000000000000000000000000000000100000001010010000000000000000000000000000000
000000000000000000000000000000000000000001100000000000000000000000000000000000000000000000000000000000000110000000100010000000000000010001000000000000
000000000000000000000000000000000000000011100010000000000000000000000000000000000000000000000000000000000110100000000100000000000000100000000000000000
000000000000000000000000000000000000000000101100000000000000000000000000000000000000000000000000000000000010000010001000000000000000100001000000000000
000000000000000000000000000000000000000000001100000000000000000000000000000000000000000000000000000000000000100101110000000000000000110110000000000000
000000000000000000000000000000000000000000000000000000000000001000000000000000000000000000000000000000000000000100000000000000000010000100000000000000
000000000000000000000000000000000000000000000000000000000000001000000100000000111000000000000000000000000000100000000000000000000010111100000000000000
000000000000000000000000000000000000000000000000000000000000010000000111000000010000000000000000000000000000000000000000000000000001000001100000000000
000000000000000000000000000000000000000100000000000000001100001100011000100000101000000000000000000000000000000000000000000000000000010000010000000000
000000000000000000000000000000000000000111000000000000001100001011000010110000101100000000000000000000000000011100000000000000000000010000001000000000
000000000000000000000000000000000000000100100000000000000000000101001010001000000000000000000000000000000000000000000000000000000000001110010001100000
000000000000000000000000000000000000000100010000000000000000000000011011110000010000000000000000000000000000000000000000000000000000001000110001100000
000000000000000000000000000000000000001010010000000000000000000000000100100000001111100000000000000000000000000000000000000000000000010100010000000000
000000000000000011100000000000000000000000110000000000000000000000000000001000000011100000000000000000000000000000000000000000000000010000110000000000
000010000010000000011000000000000000000010000000000000000000000000000000001000000000000000000000000000000000011000000000000000000000000000110000000000
000010000101000111100000000001100000100011000000000000000000000001000000001000000000000000000000000000000000111101000000000000000000000000110000000000
000010000110000000000100000001100001101010000000000000000000000011100000000000000000000000000000000000000000110110100000000000000000000000011000000000
000000000000000000000100000000000000101010000000000000000000000001000000000000000000000011000000000000000000000010100000000000000000001000000000000000
000000000000000001001000000000000000001010001100000000000000000100000100000000000000000011000000000000001100000001000000001001000000000000010000000000
000000000000000010010000000000000000011000101100000000000000000011111111111010000000000000000000000000001000000000000000110110000000000001110000001110
000000000000000001000000000000000000000111110000000000000000000011111100011001000000000000000000000000000100000000000000110000000100110010000000001001
000000000000000000000000000000000000000010000000000000000000000000111100010110000000000000000000000000000000000000000000000010001000011001100000010001
000000000000000000000000000000000000000000000000000000000000000000000100010000000000000000000000000000000000000000000000001100010000001000000000011110
000000000000000000000000000000000000000000000000000000000000000000000000110000000000000000000000000000000000000000000000001000110000111000000000001000
000000111000000000000000000000000000000000000000000000000000000000000010100000000000000000000000000000000000000000000000000010000010100000000000000000
000000000000000000000000000000000000000000000000000000000000000000000000000000000000000000000000000000000000000000000000000010000110000000000000000000
000000000000000000000000000000000000000000000000000000000000000000000001000000000000000000000000000000000000000000000000000000000001000000000000000000
000000000000000000000000000000000000000000000000000000000000000000000011100000000000000010000000000000000000000000000000000000000000000000000000000000
000000000000000000000000000000000000000000000000000000000000000000000000000000000000000101000000000000000000000000000000000000000000000000000000000000
000000000000000000000000000000000000000000000000000000000000000000000000000000000000000011000000000000000000000000000000000000000000000000000000000000
000000000000000000000000000000000000000110000000000000000000000000000000000000000000000000000000000001000000000000000000000000000000000000000000000000
000000000000000000000000000000000000000110000000000000000000000000000000000000000000000000000110000010100000000000000000000000000000000000000000000000
000000000000000000000000000000000000000000000000000000000000000000000000000000000000000000000110000010100000000000000000000000000000000000000000000000
000000000000011100000000000000000000000000000000000000000000000000000000000000000000000000000000000001000000000000000000000000000000000000000000000000
000000000000000000000000000000000000000000000000000000000000000000000000000000000000000000000000000000000000000000000000000000000000000000000000000000
000000000000000000000000000000011000000000000000000000000000000000000100011000000000000000000000110000000000000000000001000000100000000000000000000000
000011000000000000000000000000100000000000000000000000000000000000010110000100000000000000000001001000000000000000000011100011100000000000000000000000
011000100000000000000000000001000100000000000000001100000011000000001110011000000000000000000000110000000000000000000100000001000000000000000000000000
010010101000000000000000000010000010000000000000001100000001100000000011000000000000000000000000000000000000000000000101000000000000000000000000000000
100100110000000000000000000010010110000000000000000000000010000000000000000000000000000000000000000001000000000000000000011000000000000000000000000000
111000000000000000000000000000000010000000000000000000000000000000001000000000000000000000000000000010100000000000000101010000000000000000000000000000
110000000000000000000000000000011100000000000000000000000000000000001000000000000000000000000000000010100000000000000010110110000000000000000000000000
100000111000000000000000001100110000000001100000000000000000000000001000000000000000000000000000000001000000000000000000000100000100000000000000000000
110100001000000000000000000100111000000010010000000000000000000000000000000000000000000000000000000000000000000000000000001101000111000000000000000000
111000010000000000000000000000011000000001100000000000000000000000000000000000000000000000000010000000000000000000000000000111000110100000000000000000
010000011000000000100000000000011000000000000000000000000000000000000011000000000000000000000010000000000000000000000000000010000000100000000000000000
001000110000000000110000000000010000000000000000000000000011000000000011000000000011010000000010000000000000000000000000000000000100100000000000000000
000000000000000001010000111000100000000000000000000000000011000000000000000000100011011100000000000000000000000000000000010000000111000000000000000000
000000000000000000000011011000000000000000000000000000000000000000000000000001100010000010111000111000000000000000011100010000000000000000000000000000
000000001000000000000011000110000000001000000000000000000000000000000000000000100010010011000000000000000000000000000000010000000111000000000000000000
000001101000000000000110111110011000010100000000000000000000000000000000000100100010001110000010000000000000000000000000000000000100100000000000000000
000100010100000000011011110001011000010100000000000000000000000000000000000000000000011110000010000000000000001110000000000010000000100000000000000000
001000100010000000110001001110000000001000000000000000000000000000000000000010010000000000000010000011100000000000000000000111000110100000000000000000
000001000100100001110000000110000000000000000000000011000000000000000000000001010000000111000000000010010000000000000000000101000111000000000000000000
000000000010100010100001000000000000000000000000000011000000001100000000000000110000000001000000000100111111000000000000000100000100000000000000000000
000000000010100111000101100000000000000000000000000000000000010010000000000000000000000110000000000110001110100000000000110110000000000000000000000000
000101000011000010110101100000000000000000000000000000011000001100000000000000000000000000000000000000011000010000100001001000000000000000000000000000
000000010110000000011011000000000000000000000000000000011000000000000000000000000000000000000000000000011010010011011010010000000000000000000000000000
000001000110000001001100000000000000000000000000000000000000000000000000000000000000000000000000000000011101110011011001010000000000000000000000000000
000001000000000000101000000000110000000000000000000000000000000000000000000000000000000000000000000110001101100001011110010001000000000000000000000000
000000111000000010010000000001001000000000000000000000000000000000000000000000000000000000000000000100110000000001100111100011100000000000000000000000
000000000000000001100000000001010000000110000000000000000000000000000000011000000000000000000000000010010000000000110011100000100000000000000000000000
000000000000000000000000000000100000000110000000000000000000000000000000011000000000000000000110000011100000000000011100000000000000000000000000000000
000000010000011100000000000000000000000000000000000000000000000000000000000000000000000000100110000000000000000000001000000000000000000000000000000000
000000100100000000000000000000000000000000000000000000000000000000000000000000000000000001011000000000000000000000000000000000000000000000000000000111
000100101100000000000000000000000000000000000000000000000000000000000000000000000000000010010000000000000000000000000000000000000000000000000000001001
011100001000000000000001000000000000000000000000000000000000000000000000000000000000000010010000000000000000000000010000000000000011000000000000000010
010100001100000000000001100000000000000000000000000000000000000000000000000000000000000001010000000000000000000000101000000000000011000000000000000110
000000000100000000000000010000000000000000000000000000000000000000000000000000000000000000010000000000000000000000110000000000000000000000000000000111
001000000010000000000001100000000000000000000000000000000000000000000000000000000000000000110000000000000000000000000000000000000000000000000000000100
110000000011010000000001000000000000000000000000000000000000000010000000000000000000000000000000000000000000000000000000000000000000000000000000000011
000000000001011100100000000000000000000000000000000000000000000010000000000001100000110000000000000000000000000000000000000000000000000000000000000000
000000000000010111000000000000000000011100000000000000000000000010000000000001100001001000000000000000000000000000000000000000000011100000000000000000
000000000000001100000000000000000000000001000000000000000000000000000000000000000000110000000000001110000000000000000000000000000000000000000000000000
000000000000000000000000000000000000100011000000000000000000111000000000000000000000000000000000001010000000000000000000000000000000000000001100000000
000000000000000000000000000000000000001011000000000000000000000000000000000000000000000000000000011010000000000000000000000000000000000000001100000000
000000000000000000000000000000010000010100000000000000000000000010000011000000000000000000000000011010000000001110000000000000000000000000000000000000
000000000000000000000000000110101000000000000000000000000000000010000011000000000000000000000000001000000001000000000000000000000000000000000000000000
000000000000000000000000111110000100001001100000000000000000000010000000000000000000000000000000000111011011100000000000000000000000110000000000000000
010000000000000000000000111110101000111010000000100000000000000000000000000000000000000000000000000100000100010000000000000000000000110000000000000000
101000000000000000000000000001000000100000000011011000000000000000110000000000000000000000000000000000110101100000000000000000000000000000000000000000
101000000000000000000000000000000000101000000000001000000000000000110000000000000000000000000000000000111100000000000000000000000000000000000000000000
010000000000100000000000000000000000010000000010001000000000000000000000000000000000000000000000000001000010000000000000000000000000000000000000000000
000000000011110000000000000000000000000000000001110000000110110000000000000000000000000000000000000000000100000000000000000000000000000000000000000000
000000001011010000000001100000000000000000000000000000000110110000000000000000000000000000000000000000000000000000000000000000000000000000000000000000
000000110000000000000000000100000000000000110000000000000000000000000000000000000000000000000000000000000000000000000000000000000000000000000000000000
000000001011010000000001000010000000000001001000000000000000000000011000000000000000000000000000000000000000000000001000000000000000000000000000000000
000000000011110000000000111110000000000000110000000000000000000000100100000000000000000000000000000000000000000000010100000000000000000000000000000000
000000000000100000000000000000000000110000000000001100000000000000011000000000000000000000000000000000000000000000100100000000000000000000000000000000
000000000000000000000000000000000001001000000000001100000000000000000000000000000000000000000000000000000000000000011000000000000000001100000000000000
000000000000000000000000000000000001010000000000000000000000000000000000000000000000000000000000000000000000000000000000000000000000010100000000000000
000000000000000000000000000000000000100000000000000000000000000000000000000000000000000000000000000000000000000000000000000000000000001000000000000000
000000000000000000000000000000000000000000000000000000000000000000000000000000000000000000000000000000000000000000000000000000000000000000000000000000
000000000000000010000000000000000000000000000000000000100000000000000000000000000000000000000000000000000000000000000000000000000000000000000000000000
000000000000000101000000000000000000000100000000110100100000000000000000000000000000000000000000000000000000000000000000000000000000000000000000000000
000000000000001001000000000000000000000100000000110000100000000000000000000000000000100000000000000000000000000000000000000000000000000010000000000000
000000000000000110000000000000000000000000101111101101111100000000000000000000000001010000000000000000000000000000000000000000000000000010000000001100
000000000000000000000000000000000000000001000101000000110010000000000000000000000010010000000000000000000000000000000000000000000000000010000000001100
000000000000000000000000000000000000000011001001000000000000000000000000000000000001100000000000000000000000000000000000000000000000000000000000000000
000000000000000000000000000000000000000001010101100000110110000000000000000000000000000000000000000000000000000000000000000000000000000000000000000000
000000000000000000000000000000000000000000000001100011001000000000000000000000000000000000000000000000000000000000000000000000000000000000000000001100
000000000000000000000000000000000000000000010000000001100000000000000000000000000000000000000000000000000000000000000000000000000000000000000000001100
000000000000000000000000000000000000000000001110000011100010000000000000000000000000000000000000000000000000000000000000000000000000000000000000000000
000000000000000000000000000000000000000000000000000011000001000000000000000000000000000000000000000000000000000000000000000000000000000000000000000000
000000000000000000000000000000000000000000000000000000000001000000010000000000000000100000000000000000000000000000000000000000000000000000000000000000
000000000000000000000000000000000000000000000000000000001000000000110100000000000001010000000000000000000000000000000000000000000000000110000000000000
000000000011000001100000000000000000000000000000000000001000100000010100000000000001010000000000000000000000000000000000000000000000000110000000000000
000000000011000001100000000000000000000000000000000000000000000000000000000000000000100000000000000000000000000000000000000000000000000000000000000000
000000000000000000000000000000000000000000000000000000001101100000000000000000000000000000000000000000000000000000000000000000000000000000000000000000
000000000000000000000000000000000000000000000000000000000000000000000000000000000000000000000000000000000000010000000000000000000000000000000000000000
000000000000000000000000000000000000000000000000000000000101000000000001100000000000000000000000000000000000101000000000000000000000000000000000000000
000000000000000000000000000000000000000000000000000000001001000000000001100000000000000000000000000000000001001000000000000000000000000000001100000000
000000000000000000000000000000000000000000000000000000001100000011010001100000000000000000000000000000000000110000000000011000000000000000010010000000
000000000000000000000000000000000000000000000000000000001110001000100001100000000000000000000000000000000000000000000000011000000000000000010100000000
000000000000000000000000000000000000000000000000000000000000000000100001000000000000000000000000000000000000000000000000000000000000000000001000000000
000000000000000000000000000000000000000000000000000000010010000000101000000000000000000000000000000000000000000000000000000000000000000000000000000000
000000000000000000000000000000000000000000000000000000100010001001010001000000000000000000000000000000000000000000000000000000000000000000000000000000
000000000000000000000000000000000000000000000000000000101000111010000001000000000000000000000000000000000000000000000000000000000000000000000000000000
010000000000000000000000000000000000001100000000011000000101110010010000000000000000000000000000000000000000000000000000000000000000000000000000000000
101000000000000000001100000000000000001100000000011000000010000001100101111000000000000000000000000000000000000000000000000000000000000000000000000000
000000000000000000001100000000000000000000000000000000000000010000000001011000000000000000000000000000000000000000000000000000011000000011000000000000
000100000000000000000000000000000000000000000000000000000010010000000001011000000000000000000000000000000000000000000000000000100100000100100000000010
010000000000000000000000000000000000000000000000000000000100101110100001001000000000000000000000000000000000000000000000000000011000000011000000000000
000101000000000000000000000000000000000000000000000000000101001111000001101100000000000000000000000000000000000000000000000000000000000000000000001000
100101000000000000000000000000000000000000000000000000000010000110000001001000000000000000000000000000000000000000000000000000000000100000000000001000
000000000000000000000000000000000000000000000000000000000000000000000100110000000000000000000000110000000000000000000000000000000001010000000000000000
000000000000000000000000000000000000000000000000000000000000000000000011100000000011100000000000110000000000000000000000000000000001010000000000000110
000000000000000000000000000000000000000000000000000000000000000000000000000000000000000000000000000000000000000000000000000000000000100000000000000000
000000000000000000001100011000000000000000000000000000000000000000000000000000000000000000000000000000000000000000000000000000000000000000000000000000
000000000000000000010010011000000000000000000000000000000000000000000000000000001000000000000000000000000000000000000000000000000000000000000000000000
000000000000000000010100000000000000000000000000100000000000000000000000000000001000000000000000000000000000000000000000000000000000000000000000000000
000000000000000000001000000000000000000000000001010000000000000000000000000010001000000000000000000000000000000000000000000000000000000000000000000000
000000000000000000000000000000000000000000000001010000000000000000000000001101000000000000000000000000000000000000000000000000000000000000000000000000
000000000000000000000000000000000000000000000000100000000000000000000000001111100000000000000000000000000000000000000000000000000000000000000000000000
