000000000000000000000110000000000000000000000000000000000000000000000000000000000000000000000000000000000000000000000000000000000000000000000000010010
000000000000000000001001000000000000000000000000000000000000000000000000000000000000000000000000001000000000000000000000000000000000000000000000111000
000000000000000000000110000000000000000000000000000000000000000000000000000000000000000000000000001000000000000000010000000000000000000000000000001000
000000000000000000000000000000000000000000000000000000000000000000000000000000000001100000000000001000000000000000011000000000000000000000000000000011
000000000000000000000000000000000000000000000000000000000000000000000000000000000001100000000000000000000000000000001100000000000000000000000000000011
000000000000000000000000000000000000000000000011100000000000000000000000000000000000000000000000000000000000000001010000000000000000011000111000000000
000000000110000000000000000000000000000000000000000001110000000001100000000000000000000000000000000000000000000110000000000000000000101000100000010000
000000001001000000000000000000000000110000000000000000000000000001100000110000000000000000000000000000000000000011000000000000000000000000110110001000
000000001001000000000000000000000000110000000000000000000000000000000000110000000000000000000000000000000000000010000001000000000000000000010010011000
000000000110000000000000000000000000000000000000000000000000000000000000000000000000000000000000000000000000000011000000110000000000100010001110110000
000000000000000000000000000000000000000000000000000000000000000000000000000000000000000000000000000000000000000111100111000000000000010001001101001000
000000000000000000000000000000000000000000000000000000000000000000000000000000011000000000000000000000000000000110010111000000000000001110000100011000
000000000000000000000000000000000000000010000000000000000000000000000000110000011000000000000000110000000000000111010001000000000000000000000001000000
000000000000000000000000000000000000000010000000000000000000000000000000110000001000000000000000110000000000000101000011000000000000000000000000000000
000000000000000000000000000000000000000010000000000000000000000000000000000000000000000000000000000000000000001100000000010000000000000000000000000000
000000000000000000000000000000000000000100000000000000000000000000000000000000000000000000000000000000000000000111100110101000000000000000000000000000
000000000000000000000000000000000000000000000000000000000000000000000000000000000000000000000000000000000110000001110100101100000000000000000000000000
000000000000000000000000000000000000000110100000100000000000000000000000000011100100000000000000000000001001000001100001001000000000000000000000000000
000000000000000000000000000000000000000000100011001000000000000000000000000010100111000000000000000000000110000000000110110000000000000000011000000000
000000000000000000000000000000000000000001100101100110000000000000001000000010000111100000000000000000000000000010011110110000000010000000000100000000
000000000000000000000000000000000000000000001110111110000000000000010100000000000000010000000000000000000000000011000001000000000010000000000100000000
000000000000000000000000000000000000000000010000000100000000000000010010000000000111100000000000000000000000000000000000000000000110000000000000000000
000000000000000000000000000000000000000001101111001000000000000000001100000000000111000000000000000000000000000100100000000000000000000001000000000000
000000000000000000000000000000000000000010110111110000000000110000000000000000000100000000000000000000000000000010110000000000000000011000000000000000
000000000000000110000000000000000000000100000000000000001100110000000000000000100000000000000000000000000000000110100000000000000000101000111000000000
000000000000001001100000000000000000000100100000000000001100000000000000000000110000000000000000000000000001110111000000000000000010110000000000110011
100000000000001111110000000000000000001101100000000000000000000000110000000001010000000000000000000000000000011011000000000000000010010000000000111100
100000000000000100011000000000000000110100110000000000000000000000001000000000000001000000000000000000000000011100000000000000000011100000000001110010
000000000000000011001000000000000000100100100000000000000000000000000000000000000010100000000000000000000000000000000000000000000000000000000000110001
000000000000000011110000000000000001101100101000000000000000000000000000000000000001100000000000000000000000000000000000000000000000000000000000110000
000000000010000000100000000000000000000000001000000000000000000010011100000000000000000000000000000000000000000000000000000000000000000000000000100000
000111000101000000000000000001100000000000100100000000000000000001000100000000000000000000000000000000000000000000000010000000000000000000101101110000
000000000110000000000000000001000000000000011000000000000000000000100100000000000000000000000000000000000000000000000101000000111000100011000100100011
000000000000000000000000000000111000000000000000101000000000000000111000010000000000000011000000000000000000000000001001000001111001000101000000000011
000000000000000000000000000000111000000000000000100100000000000000000000101000000000000011000000000000001100000000000110000011001100000110000100000010
000000000000000000000000000000011000000000000000101000000000000000000000101000000000000000000000000000001100000000000000000111011010101100100110000000
000000000000000000011000000000000101000001100000000000000000000001110000010000000000000000000000000000000000000000000000000010011000100000100010000000
000000000000000000100100000000000001000110000000000000000000000001010000000000100000000000000000000000000000000000000000000001110000101000000100100000
000000000000000000100100000000000011000000000000000000000000000001110000000001110000000000000000000000000000000000000000000000000000111000000010100000
000000010000000000011000000000000000001000001000000000000000000000000000000001110000000000000000000000000000000000000000000000000010010000000011100000
000000010000000000000000000000000000000100010000000000000000000000000000000001000000000000000000000000000000000000000000000011000011100000000000001100
000000010000000000000000000000000000000011100000000000000000000000000111000100000000000000000000000000000000000000000000000101000000000000000000001100
000000000000000000000000000010000000000000000000000000000000000000000111000011000000000000000000000000000000000000000000000010000000000000000000000000
000000000000000000000000000111000000111000000000000000000000000000000000000010000000000010000000000000000000000000000000000000000000000000000000000000
000000000000000000000000000101100000000000000000000000000000000000000000000000000000000101000000000000000000000000000000000000000000000000000000000000
000000000000000000000000000000100000000000000000000000000000000000110000000000000000000011000000000000000000000000000000000000000000000000000000000000
000000000000000000000000110001100000000110000000000000000000000001010000000000000000000000000000000001000000000000000000000000000000000000000000000000
000000000000000000000000110011100000000110000000000000000000000000010000000000000000000000000110000010100000000000000000011000000000000000000000000000
000000000000001000000000011000000000000000000000000000000000000000000000000000000000000000000110000010100000000000000000011010000000000000000000000000
000000000000001000000000101000000000000000000000000000000000000000000000000000000000000000000000000001000000000000000000001001000000000000000000000000
000000000000001000000001000000000000000000000000000000000000000000000000000000000000000000000000000000000000000000000000011110000000000000000000000000
000000000000000000000011000111000000000000000000000000000000000000000000000000000000000000000000110000000000000000000000011100000000000000000000000000
000000000000000000000111001100110000000000000000000000000000000000000000000000000000000000000001001000000000000000000000010000000000000000000000000000
000000000000000000000110111101000000000000000000001100000000000000000000000000000000000000000000110000000000000000000000000000000000000000000000000000
000000000000000000000011110000000000000000000000001100000000000000000000000000000000000000000000000000000000000000000000000000000000000000000000000000
110000010000000000000001000000000000000000000000000000000000000000000000000000000000000000000000000001000000000000000000000000100000000000000000000000
110000101000000000000000000010000000000000000000000000000000000000000000000000000000000000000000000010100000000000000000000001010000000000000000000000
000000011000000000000000000111000000000000000000000000000000000000011100000000000000000000000000000010100000000000001100000010111000000000000000000100
000000000000000000000000000100100000000001100000000000000000000000000000000000000000000000000000000001000000000000001100000010001100000000000000001010
000000000000000000000000000001100000000010010000000000000000000000000000000000000000000000000111000000000000000000000000000001101000000000000000001001
000000001100000000000000000011100000000001100000000000000000000000000000000000000000000011101000110000000000000000000000000000000000000000000000000110
000000001010000000000000010111000000000000000000000000000000000000000011000000001000000100010000110000000000000000000000000000000000000000000000000000
000000000100000000000000111110000000000000000000000000000011000000000011000000011100000000000010100000000000000100000000000000000000000000000000000000
000000000000000000000000000000000000000000000000000000000011000000000000000000011100000100001000110000000000001010000000000000000000000000000000000000
000000000000000000000000010000000000000000000000000000000000000000000000000000000000000001111101110000000000001001000000000000000000000000000000000000
000000000000000000000000101000000000001000000000000000000000000000000000000000000000000001001100100000000000000111000000000000000111000000000000000000
000000000000000000000000000100000000010100000000000000000000000000000000000000000000000000111000011000000000000000000000000000001001000000000000000000
000000000000000000000000010000000000010100000000000000000000000000000000000000000000000000000110000100000001110000000000000010000000100000000000000000
000000000010000000000000001010000000001000000000000000000000000000000000000000011100000000110110001100000001000011101110000101000110000000000000000000
000000000011100000000000000100000000000000000000000011000000000000000000001100011100000001000000000000000001110011100100000101000101100000000000000000
000000000000110000000000000000000000000000000000000011000000001100000000010010001000000000011111000000000000000000000110000010000011000000000000000000
000000000000011000000000000000000000000000000000000000000000010010000000001100000000000000001100100000000000000000000001100000000000000000000000000000
000000001000001100000000000000100000000000000000000000011000001100000000000000000000000000001100000000000000000000000101100000000000000000000000000000
000000101000011000000000000001010000000000000000000000011000000000000000000000010000000000010000000011000000000000000011000000000000000000000000000000
000001000100010000000000000000100000000000000000000000000000000000000000000000101000000000001110000111000000000000000000000000000000000000000000001100
000000111100000000000000001000000000000000000000000000000000000000000000000000101000000000000000001100111000000000000000000000000000000000000000010010
000000011100000000000000011100000000000000000000000000000000000000000000000000010000000000000000011100110100000000000000000000000000000000000000001100
000000000000000000000000110010000000000110000000000000000000000000000000011000000000000000110000001110001000000000000000000000000000000000000000000000
000000000000000000000001110111000000000110000000000000000000000000000000011000000000000001010000000101000000000000000011100000000000000000000000000000
000000000000000000000001110011000100000000000000000000000000000000000000000000000000000001000000000011011000000000000000000000000000000000000000000000
000000000000000000011001100001100000000000000000000000000000000000000000000000000000000111000000000001111000000000000000000000000000000000000000000000
000000000000000000011000010001110111000000000000000000000000000000000000000000000000011000100000000000111000011000000000000000000000000000000000000000
000000000000000000000000000001110010000000000000000000000000000000000000000000000000000000000000000000101000011000000000000000000011000000000000000000
000111000000000000000000000011100100000000000000000000000000000000000000000000000000000000000000000011111000000000000000000000000011000000000000000000
000000000000000000000011101101100000000000000000000000000000000000000000000000000000000000000000000111000000000000000000000000000000000000000000000000
010000000000000000000000001100000000000000000000000000000000000000000000000000000000000000000000000101010000000000000000000000000000000000000000000000
010000000000001000011000110100000000000000000000000000000000000000000000000000000000000000000000000000000000000000000000000000000000000000000000000000
010000000000010100011010000000010000000000000000000000000000000111000000000001100000110000000000000000000000000000000000000000000001000000000000000000
000000000000010100000010000001100000000000000000000000000000000000000000000001100001001000000000000000000000000000000000000000000001000000000000000000
000000000000001000010001000000000000000000000000000000000000010000000000000000000000110000000000000000000000000000000000000000000001000000000000000000
000000000000000000000010000000000000000000000000000000000000010000000000000000000000000000000000000000000000000000000000000000000000000000001100000000
000000000000000000010001100000000000000000000000000000000000010000000000000000000000000000000000000000000000000000000000000000000000000000001100000000
000000000000000000001001100000000000000011000000000000000000000000000011000000000000000000000000000000000000000000000000000000000000000000000000000000
001110000000000000000001100000000000000011000000000000000000000111000011000000000000000000000000000001000000000000000000000000000000000000000000000000
000010000000000000000011000000000000000000000010100000000000000000000000000000000000000000000000000001100000000000000000000000000000110000000000000000
000100000000000000000111000000000001000000000100011010000000000000000000000000000000000000000000000010110000000000000000000000000000110000000000000000
000000000000000000000110100000000010110000000001000110000000000000110000000000000000000000000000000000100000000000000000000000000000000000000000000000
000001100000000000000011100000000010000000000000110010000000000000110000000000000000000000000000000001100000000000000000000000000000000000000000000000
000001100011100000000001000000000001110000000000001000011000000000000000000000000000000000000000000001110000000000000000000000000000000000000000000000
000000000000000000000000000000000000000000011000000000001100110000000000000000000000000000000000000000110000000000000000000000000000000000000000000000
100000001000001000000000000000000000000000011000000011101000110000000000000000000000000000000000000000000000000000000000000000000000000000000000000001
100000001000001000000111010000000000000000000000000001110000000000000000000000000000000000000000000000000000000000000000000000000000000000000000000001
000000001000001000000000001011100000000000000000000110100000000000011000000000000000000000000000000000000000000000001000000000000000000000000000000000
000111000000000000000111110011100000000000000000000000000000000000100100000000000000000000000000000000000000000000010100000000000000000000000000000000
000000000011100000000001100100011000110000000000000000000000000000011000000000000000000000000000000000000000000000100100000000000000000000000000000000
010000010000000000000000000111001001001000000000000000000000000000000000000000000000000000000000000000000000000000011000000000000000001100000000000000
010000010000000000000000000100001001010000000000000000000000000000000000000000000000000000000000000000000000000000000000000000000000010100000000000000
010000010000000000000000000011110000100000000000000000000000000000000000000000000000000000000000000000000000000000000000000000000000001000000000000000
000000000000000000000000000001000000000000000000000001110000000000000000000000000000000000000000000000000000000000000000000000000000000000000000000000
000111000000000010000000000000000000000000000000000000000000000000000000000000000000000000000000000000000000000000000000000000000000000000000000000000
000000000000000101000000000000000000000000000000000000000000000000000000000000000000000000000000000000000000000000000000000000000000000000000000000000
000000000000001001000000000000000000000000000000001000000000000000000000000000000000100000000000000000000000000000000000000000000000000000000000000000
000000000000000110000000000000000000000000110110001100000000000000000000000000000001010000000000000000000000000000000000000000000000000111000000001100
000000000000000000000000000000000000000100000110000000000000000000000000000000000010010000000000000000000000000000000000000000000000000000000000001100
000000000000000000000000000000000000000100000100000000000000000000000000000000000001100000000000000000000000000000000000000000000000000000000000000000
000000000000000000000000000000000000000001011000000000000000000000000000000000000000000000000000000000000000000000000000000000000000000000000000000000
000000000000000000000000000000000000001111001000000000000000000000000000000000000000000000000000000000000000000000000000000000000000000000000000001100
000000000000000000000000000000000000000101111000000000000000000000000000000000000000000000000000000000000000000000000000000000000000000000000000001100
000000000000000000000000000000000000000000100110000000000000000000000000000000000000000000000000000000000000000000000000000000000000000000000000000000
000000000000000000000000000000000000000000001001010000000000000000000000000000000000000000000000000000000000000000000000000000000000000000000000000000
000000000000000000000000000000000000000000000100110000000000000000000000000000000000100000000000000000000000000000000000000000000000000000000000000000
000000000000000000000000000000000000000000000011110000000000001000000000000000000001010000000000000000000000000000000000000000000000000110000000000000
000000000011000001100000000000000000000000000000000000000000011100000000000000000001010000000000000000000000000000000000000000000000000110000000000000
000000000011000001100000000000000000000000000000000000000000010010000000000000000000100000000000000000000000000000000000000000000000000000000000000000
000000000000000000000000000000000000000000000000000001100010000100000000000000000000000000000000000000000000000000000000000000000000000000000000000000
000000000000000000000000000000000000000000000000000011100011111000000000000000000000000000000000000000000000010000000000000000000000000000000000000000
000000000000000000000000000000000000000000000000000010000011000100000000000000000000000000000000000000000000101000000000000000000000000000000000000000
000000000000000000000000000000000000000000000000000010001000100000000000000000000000000000000000000000000001001000000000000000000000000000001100000000
000000000000000000000000000000000000000000000000000000001101111000000000000000000000000000000000000000000000110000000000011000000000000000010010000000
000000000000000000000000000000000000000000000000000010011110000000000000000000000000000000000000000000000000000000000000011000000000000000010100000000
000000000000000000000000000000000000000000000000000011100010000000000000000000000000000000000000000000000000000000000000000000000000000000001000000000
000000000000000000000000000000000000000000000000000000000000000000000000000000000000000000000000000000000000000000000000000000000000000000000000000000
000000000000000000000000000000000000000000000000000000000000000000000000000000000000000000000000000000000000000000000000000000000000000000000000000000
000000000000000000000000000000000000000000000000000000001000000000000000100100000000000000000000000000000000000000000000000000000000000000000000000000
000000000000000000000000000000000000001100000000011000011000000000000000100000000000000000000000000000000000000000000000000000000000000000000000000000
000000000000000000001100000000000000001100000000011000010000000000000000101000000000000000000000000000000000000000000000000000000000000000000000000000
000000000000000000001100000000000000000000000000000000001000000000000000011000000000000000000000000000000000000000000000000000011000000011000000000000
000000000000000000000000000000000000000000000000000000000000000000000000001100000000000000000000000000000000000000000000000000100100000100100000000000
000000000000000000000000000000000000000000000000000000000000000000000000001100000000000000000000000000000000000000000000000000011000000011000000000000
000000000000000000000000000000000000000000000000000000000000000000000000000000000000000000000000000000000000000000000000000000000000000000000000000000
000000000000000000000000000000000000000000000000000000000000000000000000000000000000000000000000000000000000000000000000000000000000100000000000000000
000000000000000000000000000000000000000000000000000000000000000000000000000000000001000000000000110000000000000000000000000000000001010000000000000000
000000000000000000000000000000000000000000000000000000000000000000001100000000000001000000000000110000000000000000000000000000000001010000000000000000
000000000000000000000000000000000000000000000000000000000000000000001100000000000001000000000000000000000000000000000000000000000000100000000000000000
000000000000000000001100011000000000000000000000000000000000000000000000000000000000000000000000000000000000000000000000000000000000000000000000000000
000000000000000000010010011000000000000000000000000000000000000000000000000000001000000000000000000000000000000000000000000000000000000000000000000000
000000000000000000010100000000000000000000000000100000000000000000000000000000010100000000000000000000000000000000000000000000000000000000000000000000
000000000000000000001000000000000000000000000001010000000000000000000000000000010100000000000000000000000000000000000000000000000000000000000000000000
000000000000000000000000000000000000000000000001010000000000000000000000000000001000000000000000000000000000000000000000000000000000000000000000000100
000000000000000000000000000000000000000000000000100000000000000000000000000000000000000000000000000000000000000000000000000000000000000000000000001110
