010001000000111000011100101000000000000000000000000000000001010011000000000010110000000000000000001010000000100010000000000000000000011000000110000000
001001000000010000011000010000000000000000000000000000000000000100100000000010100000000000000000010010000000111111100000000000000000011101100000011000
001000010000000011000000000000000000000000000000000000000010010001110000000001000000000000000000000100001110000000000001000000000000000110100000100100
001111000000000010100000000000000000000000000000000000000001000001011001100000000000000000000000100010000010011100100010111100000000000110000000000010
000100000000000001000100000001100000000000110100000000000000111000001001100000000000000000000000100010110100001111000011111100000000000010100000010110
000011000001000000000100000010010000000000100100000000000000010000001000000000000000000000000000000010000010000000000011010000000001000001100010000011
000010000001000000000100000100000000000000101100000000000000011000010000000000000000000000000000011000100000000000000010010000001001100000000000010110
000001000011100000000000001100010000111001000100000000000000000011100000000000000000000000000000001111000000000000000010000000000001011000000100000000
000000101010010000000111001111100000001001000100000000000000000001100000000000000000000000000000000010000000000000000000010000110011101000000100000000
000001111010001001010000001100100011011001000100000000000000000000000000000000000011000000000000000000000000000000000010010001101111100100000010100000
000011010001010010010000000000110010000001000100000000000000001100000000000000000111000000000000000000000000000000000011010000111110001100000001000000
000011011000011000000000010100110010100000011000000000000000000000000000000000000100100000000000000000001110000000000111010000001000000000000000000111
000000110000101000100000001001010001100100101000000000000000000000000000000000000110100000000000000001100010000000001001100000000000000000000000000101
000011001000101000000000000011000000000011000000000000000000000000000000000000000011000000000000000001100110000000001111000000000000000000000000000100
000010110111110011000000000001000000000000000000000000000000000000000000000000000000000000000000000000000000001000000100000000000001000000000000000000
000110111000000000000000000000100000000000000000000000000000000000000000000111000000000000010000000000000000001000000000000000000000100100000000000000
000000000001000101000000000000100100000000000000000000000000000000000000000000000000000000100100000000011100000000000000000000000000010010000000110000
001110011001000000000000000000000000000000000000000000000000000000000000000000000000000000010000000000001100100011100000000001110000000100001000110000
001010011010110000000000000000011000000000000000000000000000000000000000000000000000000000100100000000000000110011000000000000000000001100011000000000
011011010110000000000000000000000000000000000000000000000000000000000000000000000000000000100000000000000000010000000000000000110000001100111100000000
011001000001000000110000000000000000000000000000000000000000000000000000000000000000011100111000011000000000000000000000000010010000001111100000000000
000000000000000001111000000000000000000000000000000000111001000000000000000000000000100100000000101000000000000000011000001000001000000011100110000000
000000000000000010001000000000000000000000001100000000111010100000000000000000000001101000000000111000000000000000100000001000010000000001100110000000
000000001100010100010100000000000000000000001100000001010000000000000000000000000010000000000001110000000000000000011000001001001110010000101000000000
000000010100100000000100000000000000000000000000000001100000110000000000001010000110000000011011000000110000000000000000000110000010010000000000000000
000000010000010000100000000000000000000000000000000001010110101101100000010000000011100000100011011100110000000000000000000000000001110000000000000000
000000010100000100011100000000000000000000000000000000110101000100100000000000000011000000010000000000000000000000000100000000001001100000000000000000
000000001100000011100000000000000000000000000000000000010001000101000000000100000001001000001100000000000000000000001010000000001011100000000000000000
000000000000000001000000000000000000000000000000000000010001000000000000001101000000001111000110110000000000000000001010000000000000000000000000000000
000000000000000000000000000000000000000000000000000000010010000000000000001011000010010000000000000000000000000000011010000000000000000000000000000000
000000000000000000000000110000000100000110000000000000010010000000000000011011000010000000000001101000000001000000111110001100000000000000000000000000
000000000000000000000001001000011000010001000001100000001100000000000000000100000100010000000000010000100010100001101001110010000000000000000000000000
000000000000000000000000110000001100010000100001100000000000000000000000000000001111010000000000000000000111000000010010011001000000000000000000000000
000000100000000000000000000000000000010100100000000000000000100000000000000001110110000000000110000001000110000000000000100101000000000000000000000000
000011011000000000000000000000000000001000100000000000000011001110000000000011000100000000000001000010010000000000000000000111000000000000000000000000
000011011000000000000000001100011000000000000000000000000001000001000000000010001100000000001100000010001000000000000100000000000000000000000000000000
000010100001110000000000000010110001111010000000000000000001100001000000000001001100000000001000010010011110110000000100010000000000000000000000000000
000011000001001000000000100010110100000000000000000000000000111110000000000001101100000000000110011000000000000000000100000010000000000010000000000000
000000100001010000000001000010000010011010000000000000000000000000000000000000000000000000000001111110100000001000000011110101000000000101000000000000
100000100000100000000000000100000010000010000000000000000000000000000000001000010000000000000111000000000000001000001111110001000000000000010001010001
010000100001000000000000111000000001001000000000000000000000010000000000000100000000000000000000100010100111011000011001000000000001010000101001011000
100000000001010000000000001000000000011000000000000000000000011101000000000110000000000000000010110111110110100000011001111000110110101010110001001100
000000000000001000010000001100000000100000000000000000000000101100000111001110000000000000000000010100001000000000000000111000100000010100000000110011
000000010100000000000000001100001101000000000000000000000000101010000010011000000000000010000001101010001000000000000010100000100000100000000000110000
000000001000000101101100000000000000000000000000000000000011011011000010010100000000000110000010100110000000000000000101000000010011000001000000000000
000000100000000011000100000000000010000000000000000000000000011000011100011000000000001110000010100000000000000001000000010000000000000010100000000000
000000001000000110111100000100000011100000000000000000000101000100000101010111000000001100110000000010000000000010110010100000000000000010000000000000
000001110000000000100100100000000000000000000000000000000010000011000000100000000000000100110100000010000000000110110001000000000000000000011000000000
000000000000000000011101010000000000000101101000000000101000000000011000000000000011000100100111011100000000000110001000000000000000000000011000000000
000000011000000000011010001000000000000000101000001101000000000010100011000000000000000000000001001100000000000111011100000000000000000000000000000000
000000011100000000001011001000000000000000010010010001110000000000100000000000001000100000001001000111000000000000011100000000000000000000000000000000
000000010110000111000101000000000000001000000011000001001000000000100000000000010110000000001001000101100000000000000000001000000000000000000000100000
000000000100000110100011000000000000000000000011000000011000001001000000000000110000111010000010001010100000000000000000010100000000000000000000110000
000000000001100010000000110110100000001000010101101000000000001110000000000000010100000010000000000000000000000000000000001100000000000000000100001000
000000010000100001110000010001110000000110000000100000110000000000000000000000001100000011101110000000000001000000000000000100000000000000000111110000
000000000000010000100000000010100010000110000000000000110110000000000000000000000000000001101011000000000100100000000000000000010100000000000111100000
000000000110100000000000000100000000000010000000000000110110000000000000001100000000000000101010000000000100000000000000000110110001000000000000000000
011000000101100000000000000111100000001110000000000000000000000000000000000000000000000001001011000000000000000000000000001100100010000000000000000000
111000001010000000000000000011100000100100000110001000001110000000000100000000100000000110110010000000000111000000000000010010010110000000000000000000
000000001010000011000100000011100000000100000110010000000100001000001010000001010000000111100000000000001000100000000000000001111000000000000000000001
110010000000011001111110000000000001001110000000100001000000010100000111000001010000011001000000000000000111101100000000100110001100000001100000000000
010101001000110000000001000000000000100011000000000000100000000110000001101000001000011001000000000000000010000000000001000111110110000010010000000000
001110000110111100000011000000000000100110100000000001000000000101010100101111111111100110000000000000000010000000000000111000110110000001100000000000
000100000001000011000000000000000000010010000000010000000000011011001000000101111111000010110000000000000001000001000000000000101110000001100000000001
100000000000000001000000000000000000001100001100001000000000001100001010000000000100100011101000000000000001000010000000000001111110000001110000000010
100000000000000000000010000000000000000000001100000000000000000110001101000000000010101110011100000000000000011100000000000001000100000001110000000000
100000000000111000010010000000000000000000000100000000000010000110010001100000000010111100001110000000000000000000000000000000111000000010001000000010
000010000000110000001100000000000000010000000000000000111100000000101001000000000000111010001101000000000000000000000000000000000000000001100100000100
001010000000100100100000000000000000010001010011111000001000000000000011000000110000100000001001000000000100000000000000000000000000000001111000000011
001010000000110100010000000000000000010010000001000001111000000000000010000001010000100000000010000000000110000000000000000000000000000000010000010000
000111000000110100000000000000000000000001001010000011110000000000000000000100010000000000110110000000010000100000000000000001000000011000000000010000
000010100001010100000000000000000001000000000100000100010000000000000001100010100101000011001000000000000100000000000000000110110000011000100000010000
000000100001010100010000000100000001000000000000000011100000000000001101100001100010011100011110000000010000100000000000000100110000000000100000000000
000000100000100101100000001100000001000000000000000001000001110000011001100000011000011100011001100001101011000000000000000000101000000000000000000000
000000011000111000000000011001000000001000000000000000000011100111001100000000001000100100001110000110011111000000000000000011000000000000000100001000
001000000000010100000000011000000000011000000001110000001100110000100111000000000000010101010000110100100000010000000000000011000000000001111011000100
001111000100001000000000000001000000100100000000011000000110110110000010000000000000101011010001110011000000101000000000000000000000000001001010010110
000000110111110000000000011011000001101000000000010100000011110000000000000001100000110000100001101100000001100000000000000000010000000001100000010100
001110001010110000000000100000010110111100000100101000000000000000000000000001100001010000000001111110000000000000100100000000010110000001101000000011
110000001000110000000000100001100000001011000010010100000000000000110000000000000001001000000000000011000000000000100010000000000100000001100000000011
110000001000100000000000010111010000001000000000110100000000000000110000000000001101001000001100100111000000000100000010000000000000000001100000000000
000001000010000000000000001000010000001001000000110100000000000000110000000011011100110000001100000110000000001000000100000000000101000000100000000000
000101110000000100000000000000011000000100000000001000000000000000000000000100100100000000001000100100000000010011100000000000000100100000100011110000
000000101001000100000100000111100100001000000000000000000000000000000001100000000000000000001000000110000000110101100000000000000000100000000000100110
000001001001000100001010001101000100000000000000000000000000000000000010000000001000000001001000100000001000010111000000000010000000000000000000000110
000001000110000000001010001110000100000000000000011000000000000000000000000010100000000001101000000000000100001110000000000010000100100000000000001000
000011110110000000000100011011001000000000000000011000000000000000000010001100001000000101100011000000001000000000000000000100000100000000000000000000
100011010010000000000000100011001000000000000000111000000000000000000010001000110000001101100001000000000000000000000000000000000101000000000000000000
100111010010000000000001100000000000000000000011000000000000000000000010000100001001111101000000000011000000000000000000001110111001000000000000000000
100001010000100000000110101011100000000000000001010000000000000000000011000000001001111010000000000001110000000000000000001000110111000000000000000000
000000010110001000000110010011000000000000000000100000000000000000000000010000000001111000000000000000111000000000000000010000011100000000000000000000
000000000000101100001000010010000000000011000000000000000000000000000000110101010010011000000000000001001100000000000000101000000000000000000001100000
000000000000001100001010010100011100000011000000000000000000000000000000000000101001011000000000000001100110000000000000000010000000000000000001100000
000001010000000000001010001100010001000000000000000000000000011000000000101000000110001110000000000000000011100000001001001001010000000000000000000000
000001001010000000000000001100000001000000000000000000001100100100000000000000000000000011000000000000000001100000001011010101011010000001000000000000
000000000101000011100100001100011001000000110000000000001100100000000000100000000000000001000000000000000001100000000000111111100011000011000000000000
001100110101000010111000000000001010000000001000000000000000010100000010000000100000100001010000000000000011000000000000011001000101110000000000000000
001100110000011000000000000000000110000010001000000000100000010110000101100001100001010000001000000000000010000000000000000110001111001000000000000000
001000001111011110000100100000000000000000001000000011111100010100000011000011010010000000010000000000000010000000000000000010000100100100001000000000
000110000010101000000111000000000000000010010000111100001001111000100000000011100110100011000000000000000000000000000000001001010100001000010100000100
000011000001100100001000000000000011010001110000111100101001100000011000000001101000000011000000000000000000000000011000000111110101111100001100001010
000001000010100010000100000000000011010000000001011000001000000000110001000000011100000000001000010000000000000000100100000111100010011100000100010010
000000000111110000101000000000001111000110000001011100110010100000000011100000000100000000100111101000000000000000101000000000000000101110001000001100
000001110111110000010000000000001010010110000001011111110001110000000101010000000110000001000001100100000000000000010000000000000001101000110110000000
000010111000110000000000000000010010011000000000001010000000010000001110111000000011000001100011111000000000000000000000000000000000110000001110110000
000001010000001101100000000000001010000000000000000100000000011001100101010000001111100010000110000000000000001000000000000000000000000000000100001000
000000000000000000100000000000000000000100000000000000000000010001110011100000001100100010011000000011000000000100000000000000000000000000000100001000
000000000000001100001000000000100000001010000001000000000000100001100001000000001001000010010000000100110001000000000000000000000000000000000010011000
000000110000001111001110000001110000000010000000100010000001110011000000000000000111000000100000000111110001000100000000000000000000000000000011100000
000000110000000100000000011000001000101100000001100010000001110010000011000001100000000000000000000000000000110000000000000000000000000010100000000000
000000110000000100100000001000101001001000000000000000000010000000000000000001010000000000000001110000000000000000000000000000000000010110100000000011
100000000111000000000000101000000100101000000000000000111010100000000010011100000000000000000010001000000000000000000000000000000001101000000011000100
000001110111000011100001000000011000010000000000000000010000100011000000001000000000000100010000000100000000000000000000000000010001101101010000100000
000001100100000000011011000000000000000000000000000000010001000011011000010000000000001000000011011000000000000000000000000000111001101101111000100000
100001101000000001011011001100000000000000000000000000001001000100011000000000000000010000001000000001100000000000000000000001101100010000000100001000
000000011100000000000001001100000000000100000000000000000100000011000100000000010000010011100100000011100000000000000000000011000000000000000001110100
010000000000001001100000001000000010001010001100000000000000000011011000100000000000001111100000001000000000000000000000000100000000000000001011110101
110000000000000100101100000000001111010001001100000000001110000000011001110000010000000000000000000000100000000000000000000011000000000000001010001000
000000000000000100000001000000001011001010111000000000000000000000000010011000011000000000000000001100000000100000000000001100010000000000000100000000
000000000010100010000111000100000010000001110000000000010001100000000010001000011000000000110011000001000001001000000000000000100000000101000000000000
101100011000100000001000000001011100001110001100000000011100100000100001101000000000000000100110000000000001001000000000000000100000011101100000000001
100110011010000000110000010001100100011010011100000000001000100001000000011000000000000000011100000000000000011000000000000000000000000001000000000011
001000001010000000000000110100000000011010011001000000000101000011010000000000000000000000000000000000000000000000000000000000000000000000100000000011
100000000000000000000000110000000000011011001000100000000000100001010000000000000110000000000000000000000011000100000000000000000000000010000111000110
100000010011110000000000110100000000011001001110000000000001100001000000000000000110000000000000000000000110010100000000000000000110000011000101000011
000000001100001000000000001110011000001001000000000000010100010000101100000000000000000000000000000000001100000000000000000000101010000000000001000001
000000000011001000000000000011111000000000100000000000010000000000001010000000000000000000000000000000000000000000000000000000001100000000001000000000
000100000000110000000000000010011000000100100000011000010100000000000011000000000001100000000110000001000000000000001100000000001000000000001000000000
001011000000000000000000000001110000000100011001001000001101000000000101000001100001100000011001000010000000000000010010000010000000000001100000000000
100000000000000000000100000000100000011101011010001000000000000000001001000010011000000011111001000001000000000000001100000010100000000001001000100000
100000000000000000000100000000000000100101010010011000000001100000001010000011011000000100101010000000011000000000000000000011100000011000111111100000
100100000000000000010000011000000000101111110001001111000001100000000100000001110000000001000000000000011100000000000000000000000000100100011111000000
001000000000000001100000000100000000010011110001101000000111011000000000000000000000010110000000000000100110000011000000000000000000011000000000000000
010000000000000001100011000100000000001111100011001111011110100100000000000000000000100000001100000001110000000111000000000000000000000000000000000000
110000000000000000000011000100000000001001000001111000011000100100000000000000000000011000000000000000100011000000100000000000000000000000000000001000
110000000000000000000000111000000000000101000000000000000001100100000010000000011000001000101100000000011010001101100000000000000000111100000000011001
100100000000000000000000000000000000000110000000101000000001110000000010000000000010000000110000000000001100001001000000000000000000000100000000110101
100101100000000000000000000000000000000000000001001000000101100000000010001110000010000000000000011000000000001011000000000000000010000010000001011001
101100100001000000000000000000000111000000000011011000000100000000000000011110010100000000000001101000000000000010000000000000000100000100000001011000
000101100001100000000000100000000110100000000011010000000010000000000000101010101000000000000001101100000000000000000001100000000011000000000000111000
000010000010010000000001011000000000000000000000000000000000000000000001100000000100000000000001101100000000000000001000000000001000000000000000011100
111100000000000000000111110000010100000000000100100000010000000000000010000000110100000000000000001010000000000000110100000000000001001100000000011000
101000000000000000000110111000011000000000001000010000000011000000000001110001001100000000001100100011000000000010000000000011100001011110000000000000
000100000000000000000000110000000001000000000000110110000101100000000000000000000000000000000010111101000000001001100000000100000100010001000000000001
100100000000000000000000000000000010100000010000000000000001100000000000011110100000000000000000001000000110100011011000000000000010010110000000000000
100100000000010000000000000000000100100000001010001111100001100000000001000101100000000000000000000000000100000000000000000001100101000100000000000001
000000000000111000000000000000000011000000000100000010111101000000000010000100000000000000000000000000000011000100000000000001100110111000000010100000
111000000001010100000000100000000000000000000000011101011111000000000001000000000000000000000000000000000001101100000001111000000111000000000010000010
110100000011101110000001111000000000000000000000010011111111000100000011000100000000000000000000000000000000000000001100000000011100000000000100111110
000010000001010100000001001000000000000000000000000111000111011010000000111000000000000000000000000100000000000000000000000000001000000000000111001110
