000000000000000000000110000000000000000000000000000000000000000000000000000000000000000000000000000000000000000000000000000001000000110000000000000000
000000000000000000001001000000000000000000000000000000000000000000000000110000000000000000000000000000000000000000000000000000000001000000000000000000
000000000000000000000110000000000000000000000000000000000000000000000000110000000000000000000000011100000000000000000000000011000010001100000000000000
000000000001100000000000000000000000000000000000000000000000000000000000000000000001100000000000000000000000000000000000000011010000001100000000000000
000000000001110000000000000000000000000000000001000000000000000000000000000000000001100000000000000000000000000000000000000011010110001110010000000000
000000001010100000000000000000000000000000000001000000100000000000000000000000000000000000000000000000000000000000000000000000000101001110101000000000
000000011110000000000000000000000000000000000001000000100000000001100000000000000000000000000000000000000001100000000000000000000000001100011000000000
000000101100000000000000000000000000110000000000000000100000000001100000110000000000000000000000000000000001100000000000000000000010101100011000000000
000001100000001010000000000000000000110000000000000000000000000000000000110000000000000000000000000000000000000000000000000000000001101000000000000000
000000111000110001000000000000000000000000000000000000000000000000000000000000000000000000000000000000000000000000000000000000000000000000100000000011
000000110111000000000000000000000000000000000000000000000000000000000000000000000000000000000000000000000000000000000000000000000000111000110000000011
000000001100000101000000000000000000000000000000000000000000000000000000000000000000000000000000000000000000000000000000000000000000010000000000000000
000000000010101110000000000000000000000000000000000000000000000000000000110000000000000000000000110000000000000000000000000000000000000000000000000000
000000000110101000000000000000000000000000000000000000000000000000000000110000000000000000000000110000000000000011000000000000000000000000000000000000
000000000011000100000000000000000000000000000000000000000000000000000000000000000000000000000000000000000000000111000000000000000000000000000000000000
000000000001101000000000000000000000000000000000000000000000000000000000000000000000000000000000000000100000000111000000000000000000000000000000000000
110000000000010000000000000000000000000000000000000000000000000000000000000000000000000000000000000001010000011100000000000000000000000000000000000000
110000000000000000000000000000000000000000000000000000000000000000000001000000000000000000000000000010010000001101100000000000000000000000000000000000
000000000000000000000000000000000000000000000000000000000011000000000010100000000000000000000000000001001000010001100000000000000000000000000000000000
000000000000000000000000000000000000000000000000000000000011000000000001000000000000000000000000000000011100111110000000000000000000000000000000000000
000000000101000000000000000000000000000000000000000000000000000000000000000000000000000000000000000000000001101001000000000000000011000000000000000000
000000000011000000000000000000000000000000000000000000000000000000000000000000000000000000000000000000011100000000000000000000000101000000111000000000
000000000011000000000000000000000000000000001100000000000000000000000000000000000001110000000000000000000000011010000000000000000010000000000000000010
000000000000000000000000000000000000000000001100000000000000000000000000000000000000000000000000000000000000010001100000000000000000000001001000000111
100000000000000000000000000000000000000000000000000000000000000000000100000000000000000000000000000000000000000000100000000000000000000001110000001101
110000000001000110000000000000000000000000000000000000000000000000001110000000000000000000000000000000000000000001000011100000000000000000000000001100
100000000011011001000000000000000000000000000000000000000000000000011111000000000000000000000000000000000000001110000100010000000000000000100000000000
000000000101011000000000000000000000000000110000000000000000000000100000100000000000000000000000000000000000100000000100010000000000000001001000000000
000000001110000111100000000000000000000000101000000000000000000001100000110000000000000000000000000000000000100000000100010010000000000000001000000000
000000000110000000010000000000000000000001001000000000000000000011000000011000000000000000000000000000000000100110000011100010000000001101001011000000
000000000000000000110000000000011000000101110000000000000000000001010001010000000000000000000000000000000001000111000000000010000000001100101101000000
000000000000000010000000000000011000001000000000000000000000000000110001100000000000000000000000000000000110100100000000000000001010011000001110000000
000000000000000111100000000000000000000000110000000000000000000000000000000000000000000000000000000000000001101000000000000000001010100000000100000000
000000000001011111000000000000000000000100111100000000000000000000000000000000000000000011000000000000000010000001000000000000000010100001000000000000
000000111000110000000000000000000000000100101000000000000000000000000000010000000000000011000000000000000011000110000000000000000010100001000000000000
000001000100000000000000000000000000000011010000000000000000000000000000101000000000000000000000000000000011000110000000000011000001010000000000000000
000000000100000000000000000000000000000011000000000000000000000000000001001000000000000000000000000000000000000000000000000010100000111000011000000000
000100000000000000000000000000000000000111001000000000000000000000000000110000000000000000000000000000000001110000000000000001000000000100011000000000
110000000011000000000000000000000000000111010000000000000000000000000000000011100000000000000000000000000000000000000000000000000000000000000000000001
000001011011000000000000000000000000000111000000000000000000000000000000000000000000000000000000000000000000000000000000000000000000010100000000000001
101000101000000000000000000000000000000000000000000000000000000000000000000000000000000000000000000000000000000000000000000000000011000000000000000000
110111000000000000000000000000000000000000000000000000000000000000000011100000000000000000000000000000000000000000000000000000000100000000000000000001
100000000110000000000000000000000000000000000000000000000000000000000000000000000000000000000000000000000000000000000000000000000011000000000000001101
010000000000000000000000000000000000000000000000000000000000000000000000000000000000000010000000000000000000000010000000000000000000000000000000001100
100000000000000000000000000000000000000000000000000000000000000000000000000000000000000101000000000000000000111010000000000000000000000000000000110000
000000000000000000000000000000000000000000000000000000000000000000000000000000000000000011000000000000000000111000000000000000000000000000000001000110
000000000000000000000000000000000000000110000000000000000000000000000000000000000000000000000000000000000000100000000000000000000000000000000001000000
100000000000000000000000000000000000000110000000000000000000000000000000000000000000000000000110000000000000011000000000000000000000000000000001011000
000000000000000000000000000000000000000000000000000000000000000000000000000000000000000000000110000000000000000000000000000000000000000000000000001000
000000000000011100000000000000000000000000000000000000000000000000000000000000000000000000000000000001000000000000010000000000000000000000000000000101
000000000000000000000000000000000000000000000000000000000000000000000000000000000000000000000000000011100000000011101000000000000000000000000000000000
000000000000000000000000000000000000000000000000000000000000000000000010000000000000000000000000000111110000000101001000000000000000000000000000000000
000000000000000000000000000000000000000000000000000000000000001110001101100000000000000000000000001100011000001000000000000000000000000000000000000000
000000000000000000000000000000000000000000000000001100000000000000010000100011000000000000000000000111110000000110000000000000000000000000000000000000
000000000000000000000000000000000000000000000000001100000000000000010011100000100000000000000000000011100000000000000000000000000000000000000000000000
000000000000000000000000000000000000000000000000000000000000000000001000001001100000000000000000000001000000000000000000000010000000000000000000000000
000110000000000000000000000000000000000000000000000000000000000001100100000100000000000000000000000000000000000000000000000111000000000000000000000000
001001000000000000000000000000010000000000000000000000000000000001110000001001000000000000000000000000000000000000000000000100100000000000000000000000
000110000000000000100000100000101000000001100000000000000000000000000001111001000000000000000000000000000000000000000000000000000000000000000000000000
000000000001100010000001000000100100000010010000000000000000000000000111000100000000000000000000000000000000000000000000000000101100000000000000000000
000000000010101000000001100000011000000001100000000000000000000000000110001000000000000000000000000000000000000000000000011100100010000000000000000000
000000000110001000010001100000000000000000000000000000000000000000000000010000000000000000000000000000000000000000000000000000100001000000000000000000
000000000011110000010000000000000000000000000000000000000011000000110000000000001100000010000000000000000000000000000000100001100010000000000000000000
000000000000100000000000111000000000000000000000000000000011000001001000000000010100000101000000000000000000000000000001000010010000000000000000000000
000000000000000000110000011000000000000000000000000000000000000000110000000000111000000101000000000000000000000000000011000100000000000000000000000000
000000000000000100010001000000000000001000000000000000000000000000000000000000110000000010000000000000000000000000000001000010010000000000000000000000
000000000000000001110001000100000000010100000110000000000000000000000000000001110011000000000001000000000000000000000000100001100010000000000000000000
000010000000000000000000000000000000010100000011000000000000000000000000000010100101000000000011100000000000000000000000000000100001000000000000000000
000010000000011000000000100001001100001000000100000000000000000000000000000010000001100000000100010000000000000000000000011100100010000000000000000000
000010000000011000100000111000000010000000000000000011000000000000001010000011100011000000001000001000000000000000000000000000101100000000000000000000
000000000000000001010001011010001100000000000000000011000000001100001010000000000000011000000100010000000000000000000000000000000000000000000000000000
111000111000000010010001100011000000000000000000000000000000010010000100000000000000001101000111001000000000001000000000000100100000000000000000000000
000000000000000110100000010000000000000000000000000000011000001100000000000000000001100110100001100100000000001000000000000111000000000000000000000000
000010000000000010100111100000000000000000000000000000011000000000000000000000000001001000100000000111000000001000000000000010000000000000000000000000
000010000000000010110111000000000000000000000000000000000000000000000000000001000001000001000001100001100000000000000000000000000000000000000000000000
000010000100000000000110000000000110000000000000000000000000000000000000000010100000100010000000001111110000000000000000000000000000000000000000000000
000000001100010000111110000000000000000000000000000000000000000000000000000110110000011100001010000111100000000000000000000000000000000000000000001100
000000011001001000110110000000000000000110000000000000000000000000000000000100100000000000010000001111000000000000000000000000000000000000000000001100
000000001001100000000110000000000000000110000000000000000000000000000000001101100000000000010000111000000000000000000000000000000000000000000000000000
111000000101100000001000000000000000000000000000000000000000000000000000000101000011000000011000001000000000000000000000000000000000000000000000000000
000100000010000000000000000000000000000000000000000000000000000000000000000010000010100000000101100000000000000000000000000000000000000000000000000001
000100000000000000000000000000000000000000000000000000000000000000000000000000000001000000000010000000000000000000000000000000000000000000000000000010
000000000000000000000000000000000000000000000000000000000000000000000000000000011000000000000000000000000000000000010000000000000011000000000000000010
001100000000000000000000000000000000000000000000000000000000000000000000000000011000000000000000000000000000000000101000000000000011000000000110000010
000010000000011100000000000000001000000000000000000000000000000000000000000000000000000000000011000000000000000000110000000000000000000000001010000000
111010000001110010000000000000011000000000000000000000000000000000000000000000000100000010000011000000000000000000000000000000000000000000000100000000
001100000010000001000000000000010100000000000000000000000000000010000000000000001110000001000101000000000000000000000000000000000000000000000000000000
000000000100001001000000000000000000000000000000000000000000000010000000000000011001100101101100000000000000000000000000000000000000000000000000000000
000000001110001011000000000000000000000000000000000000000000000010000000000000001111100100101101000000000000000000000000000000000011100000000000000000
000000001111111100000000000000010000000000000000000000000000000000000000000000000111111010110010000000000000000000000000000000000000000000000000000000
000000000010000000000000000000100100000000000000000000000000111000000000000000000011111100110000000100000000000000000000000000000000000000001100000000
000000000000000000000000000001000100000000000000000000000000000000000000000000011000010000000000001110000000000000000000000000000000000000001100000000
000000000000000000000000000001000010000000000000000000000000000010000011000000100000100000000000010111000000001110000000000000000000000000000000000000
000000000000000000000000000001000010000000000000000000000000000010000011000000000000100000000000000000100000000000000000000000000000000000000000000000
000000000000000000000000000000100000000000000000000000000000000010000000000000100001000000000000011000110000000000000000000000000000110000000000000000
010000000000000000000000000000011100000000000000000000000000000000000000000000000011000000000000001000111000000000000000000000000000110000000000000000
101000000000000000000000000000000000000000000000000000000000000000110000000000000010000000000000001000100000000000000000000000000000000000000000000000
101000000000000000000000000000001000000000000000000000000000000000110000000000000000000000000000001000000000000000000000000000000000000000000000000000
010000000000000000000000000000011100000000000000000000000000000000000000000000000010000001101100000110000000000000000000000000000000000000000000000000
000000000000000000000011100000101001000000000010000000000110110000000000000000011010000010100010000100000000000000000000000000000000000000000000000000
000000000000011111000000000001110001000000000111000000000110110000000000000000000011000110110100000000000000000000000000000000000000000000000000000000
000000111000010000100000000001100000000000001101100000000000000000000000000000000000000011001000000000000000000000000000000000000000000000000000000000
000000000000011000100000011000000000000011000111000000000000000000011000000000000000000000000000000000000000000000001000000000000000000000000000000000
000000000000000111000000001100000000000100100010000000000000000000100100000000000000000000000000000000000000000000010100000000000000000000000000000000
000000000000000000000000001000110000000011000000000000000000000000011000000000000000000000000000000000000000000000100100000000000000000000000000000000
000000000000000000000000000001110000000000000000000011000000000000000000000000000000000000000000000000000000000000011000000000000000001100000000000000
000000000000000000000000000000001000000001000000000101000000000000000000000000000000000000000000000000000000000000000000000000000000010100000000000000
000000000000000000000000000001001100000011100000001000000000000000000000000000000000000000000000000000000000000000000000000000000000001000000000000000
000000000000000000001000000001000000000111110000000000000000000000000000000000111110110000000000000000000000000000000000000000000000000000000000000000
000000000000000000011000000000101000001100011000001010000000000000000000000001101010110000000000000000000000000000000000000000000000000000000000000000
000000000000000000110000000000010000011000001100000000000000001000000000000011011000010000000000000000000000000000000000000000000000000000000000000000
000000000000000000110000000000000000001100011000000000000000011100000000000001100000010000000000000000000000000000000000000000000000000010000000000000
000000000000000000000000000000000000000100010000000001110001100010000000000000110000010000000000000000000000000000000000000000000000000010000000001100
000000000000000011001000000000000000000000000000110000000000101100000000000000011111010000000000000000000000000000000000000000000000000010000000001100
000000000000000001110000000000000000000000000000101000000101101100000000000000000000000000000000000000000000000000000000000000000000000000000000000000
000000000000000000000000000000000000000000000000101000001000010000000000000000000000000000000000000000000000000000000000000000000000000000000000000000
000000000000000000000000000000000000000000000000000000010100000000000000000000000000000000000000000000000000000000000000000000000000000000000000001100
000000000000000010000000000000000000000000000000000000110110000000000000000000000000000000000000000000000000000000000000000000000000000000000000001100
000000000000000111000000000000000000000000000000000000110100000000000000000000000000000000000000000000000000000000000000000000000000000000000000000000
000000000000000110100000000000000000000000000000000000100000000000000000000000000000000000000000000000000000000000000000000000000000000000000000000000
000000000000000000001000000000000000000000000000000000000010000000000000000000000000100000000000000000000000000000000000000000000000000000000000000000
000000000000000000000000000000000000000000000000000000010010000011000011100000000001010000000000000000000000000000000000000000000000000110000000000000
000000000011000001001000000000000000000000000000000000001110000011000000000000000001010000000000000000000000000000000000000000000000000110000000000000
000000000011000001100000000000000000110000000000000000000000000000000000000000000000100000000000000000000000000000000000000000000000000000000000000000
000000000000000000000000000000000001010000000000000000000000000000000000000000000000000000000000000000000000000000000000000000000000000000000000000000
000000000000001000000000000000000000010000000000000000000000000000000000000000000000000000000000000000000000010000000000000000000000000000000000000000
000100000000000100000000000000000000000000000000000000000000000000110101000000000000000000000000000000000000101000000000000000000000000000000000000000
000100011000000000000000000000000000000000000000000000000000011100000001000000000000000000000000000000000001001000000000000000000000000000001100000000
000100100011000000000000000000000000000000000000000000000000001001100000001000011000000000000000000000000000110000000000011000000000000000010010000000
000000100000010000000000000000000000000000000000000000000000000011101100100100000000000000000000000000000000000000000000011000000000000000010100000000
000000110000000000000000000000000000000000000000000000000000000010001110100011111000000000000000000000000000000000000000000000000000000000001000000000
000000010000010000000000000000000000000000000000000000000000000010001000011010011000000000000000000000000000000000000000000000000000000000000000000000
000000011001000000000000000000000000000000000000000000000000000110000010000111001110000000000000000000000000000000000000000000000000000000000000000000
001101110000000000000000000000000000000000000000000000000000001010000101000001100100000000000000000000000000000000000000000000000000000000000000000000
000100000000000000000000000000000000001100000000011000000000001010000100000001010100000000000000000000000000000000000000000000000000000000000000000000
000100100000000000001100000000000000001100000000011000000000000100001000100000111000000000000000000000000000000000000000000000000000000000000000000000
000000110000000000001100000000000000000000000000000000011000000000001110010000010000000000000000000000000000000000000000000000011000000011000000001010
000000000000000000000000000000000000000000000000000000100100000000001110000000000000000000000000000000000000000000000000000000100100000100100000010010
000000000000000000000000000000000000000000000000000000011000000000000000000000000000000000000000000000000000000000000000000000011000000011000000010001
000000000000000000000000000000000000000000000000000000000000000000000000000000000000000000000000000000000000000000000000000000000000000000000000111011
000000000000000000000000000000000000000000000000000000000000000000000000000000000000000000000000000000000000000000000000000000000000100000000000001110
000000000000000000000000000000000000000000000000000000000000000000000000000000000000000000000000110000000000000000000000000000000001010000000000000000
000000000000000000000000000000000000000000000000000000000000000000000000000000000000000000000000110000000000000000000000000000000001010000000000000110
000000000000000000000000000000000000000000000000000000000000000000000011000000000000000000000000000000000000000000000000000000000000100000000000000110
000000000000000000001100011000000000000000000000000000000000000000000001010000000000000000000000000000000000000000000000000000000000000000000000000111
000000000000000000010010011000000000000000000000000000000000000000000001110000000000000000000000000000000000000000000000000000000000000000000000000000
000000000000000000010100000000000000000000000000100000000000000000000000000000000000000000000000000000000000000000000000000000000000000000000000000000
000000000000000000001000000000000000000000000001010000000000000000000000000000000000000000000000000000000000000000000000000000000000000000000000000000
000000000000000000000000000000000000000000000001010000000000000000000000000000000000000000000000000000000000000000000000000000100000000000000000000000
000000000000000000000000000000000000000000000000100000000000000000000000000000000000000000000000000000000000000000000000000000010000100000000000000000
