000000000000000000000110000000000000000000000000000000000000000000000000000000011100000000000000000000000000000000000000000000000000000000010000000000
000000000000000000001001000000000000000000000000000000000000000000000000000000011000000000000000000000000000000000000000000000000000011100000000000000
000000000000000000000110000000000000000000000000000000000000000000000000000000100000000000000000011100000000000000000000000000000000000000000000000000
000000000000000000000000000000000000000000000000000000000000000000000000000011001000000000000000000000000000000000000011000000000000000000000000000000
000000000000000000000000000000000000000000000000000000000000000000000000000001000100000000000000000000000000000000000100100000111000000000000000000000
000000000000000000000000000000000000000000000000000000000000000000000000000001001000000000000000000000000000000000000010100000000000000000000000000000
000000000110000000000000000000000000000000000000000000000000000001100000000000111000000000000000000000000000000000000001000000000000000000000000000000
000000001001000000000000000000000000000000000000000000000000000001100000000000000000000000000000000000000000000000000000000000000000000000000000000000
000000001001000000000000000000000000000000000000000000000000000000000000000000000000000000000000000000000000000000000000000000000000000000000000000000
000000000110000000000000000000000000000000000000000000000000000000000000000000000000000000000000000000000000000000000000000000000000000000000000000000
000000000000000000000000000000000000000000000000000000000000000000000000000000000000000000000000000000000000000000000000000000000000000000000000000000
000000000000000000000000000000000000000000000000000000000000000000000000000000000110000000000000000000000000000000000000000000000000000000000000000000
000000000000000000000000000000000000000000000000000000111000000000000000000000000110000000000000000000000000000000000000000000000000000000000000000000
000000000000000000000000000000000000000000000000000000000000000000000000000000000000000000000001000000000000000000000000000000000000000000000000000000
000000000000000000000000000000000000000000000000000000000000000000000000000000000000000000000010100000000000000000000000000000000000000001100000000000
000000000110000000000000000000000001100000000000000000000000000000000000000000000000000000000010100000000000000000100000000000000000000010010000000000
000000000110000000000000000000000001100000000000000000000000000000000000000000000000000000000001000000000000000001010000000000000000000001100000000000
000000000000000000000000000000000000000000000000000000000000000000000000000000000000000000000000000000000000000000100000000000000000000000000000000000
000000000000000000000000000000000000000000000000000000000000000000000000000000000000000000110000000000000000000000000000000000000000000000000000000000
000000000000000000000000000000000000000000000000000000000000000000001000000000000000000001001000000000000000000000000000000000000000000000000000000000
000000000010000000000000000000000000000000000000000000000000000000010100000000000000000000110000000000000000000000000000000000000000000000000000000000
000001100101000011000000000000000000000000000000000000000000000000001000000000000000000000000000000000000000000000000000000000000000000000000000000000
000001100101000011000000000000000000000000000000000000000000000000000000000000000000000000000001000000000000000000000000000011000000000000000000000000
000000000010000000000000000000011100000000000000000000000000000000000000000001000000000000000010100000000000000000000000000011000000000000000000000000
000000000000000000000000000000000000000000000000000000000010000000000000000010100000000000000010100000000000000000111000000000000000000000000000000000
000000000000000000000000000000000000000000000000000000000101000000000000000010010000000000000001000000000000000000000000000000000000000000000000000000
000000000000000000000000000000000000000000000000000000000100100000000000000001100000000000000000000000000000000000000000000000000000000000000000000000
000000000000000000000000000000000000000000000000000000000011000000000000000000000000000000000000000000000000000000000000000000000000000000000000000000
000000001100000000000000000000000000000000000000000000000000000000000000000000000000000000000000000000000000000000000000000000000000000000000000000000
000100000000000000000000000000000000000000000000000000000000000000000000000000000000000000000000000000000000000000111000000000000000000000000000000000
001100000000000000000000000000000000000000000000001000000000000000000000000000000000000000000000000000000000000000101000000000000000000000000000001100
000000000000000000000000000000000010000000000000010100000000000000000000000000000000000000000000000000000000000000100100000000000000000000000000010011
000000000000110000000000000000000010000000000000001100000000000000000000000000000000000000000000000000000000000000010010000000000000000000000000100011
000010100000110000000010000000000010000000000000000000000000000000000000000000000000000011000000000000000000000000001100000000000000000000000000010000
000100001000000000000101000000000000000000000000000000000000000000000000000000000000000011000000000000001100000000000000011000000000000000000000001111
001101001110000000000101000000000000000000000000000000000000000000000000000000000000000000000000000000001100000000000000000100000000000000000000000111
001110010011000000000010000000000000011000000000000000000000000000000000000000000000000000000000000000000000000000110000011000000000000000000000000000
001110001110010000000000000000000000011000000000010000000000000000000000000000000000000000000000000000000000000001000000000000000000000000000000000000
000101111110010000000000000000000000000000000000010100000000000000000000000000000000000000000000000000000000000000101000000000000000000000000000000000
000100001001010000000000011000000000000000000000000011000000000000000000000000000000000000000000000000000000000000010000000000000000000000000000000000
000000100000000000000000101100000000000000000000000100000000000000110000000000000000000000000000000000000000000000000000000000000000000000000000000000
000001101000000000000000100100000000000000000000000000000000000001001000000000000000000000000000000000000000000000000000000000000000000000000000000000
000000011000000000000000110110111000000000000000000000000001000000101000000011100000000000000000000000000000000000000000000000000000000000000000000000
000000000000000000000000010011001000000000000000000000000110110000010000000000000000000010000000000000000000000000000000000000000000000000000000000000
000000000000000000000000001000001000000000000000010000000110110000000000001000001000000101000000000000000000000000000000000000100000000000000000000000
000000000000000000000000000100110000000000000000110000000000110000000000001000001000000011000000000000000000000000000000000011100000000000000000000000
000000000000000000000000000011000000000000000000011000000011000000000000001000001000000000000000000001000000000000000000001101000000000000000000000000
000000000000000000000000000000000011100011000000000000000000000000000000000000000000000000000110000010100000000000000000001111000000000000000000000000
000000000000000000000000000000000010000011000000000000000000000000000000000011100000000000000110000010100000000000000000100010100000000000000000000000
000000000000011100000000000000000011011110110000000000000000000000000000000000000000000000000000000001000000000000000000101001110000000000000000000000
000000000000000000000000000000000001000010110000000000000000000000000000000000000000000000000000000000000000000000000001101010010000000000000000000000
000000000000000000000000000000000000100000110000000000000000000000000000000000000000000000000000110000000000000000000000000011010000000000000000000000
000000000000000000000000000000000000000111000000000000000000000000000000000000000000000000000001001000000000000000000000010001100000000000000000000000
000000000000000000000000000000000000000000000000001100000000000000000000000000000000000000000000110000000000000000000001101000000000000000000000000000
000000000000000000000000000000000000000000000000001100000000000000000000000000000000000000000000000000000000000000000001101000000000000000000000000000
110000010000000000000000000000000000000000000000000000000000000000000000000000000000000000000000000001000000000000000000110000000000000000000000000000
110000101000000000000000000000000000000000000000000000000000000000001000000000000000000000000000000010100000000000000000000000000000000000000000000000
000000011000000000000000000000000000000000000000000000000000000000001000000001100000000000000000000010100000000000000000011000000000000000000000000100
000000000000000000000000000000000000000000000000000000000000000000001000000010010000000000000000000001000000000000000000110000000000001100000000001010
000000000000000000000000000000000000000000000000000000000000000000000000000001010000000000000000000000000000000000000000000000000000001100000000001001
000000001100000000000000000000000000000000000000000000000000000000000000000000100000000000000000000000000000000000000000000000000000000000000000000110
000000001010000000000000000000000000000000000000000000000000000000000000000000000000000000000000000000000110000000000000000000000000000000000000000000
000000000100000000000000000000000000000000000000000000000011000000000000000000000000000000000000000000000110000000000000000000000000000000000000000000
000000000000000000000000000000000000000000000000000000000011000000000000000000000000000000000000000000000000000000000000000000000000000000000000000000
000000000000000000000000000000000000000000000000000000000000000000000000000000000000000000000000000000000000000000000000000000000000000000000000000000
000000000000000000000000000000000000000000000000000000000000000000000000000000000000000000000000000000000110000000000000000000000000000000000000000000
000000000000000000000000000000000000000001100000000000000000000000000000000000000000000100000000000000000110000000000000000000000000000000000000000000
000000000000000000000000000000000000000001100000000000000000000000000000000000000000001010000000001000000000000000000000000000000000000000000000000000
000000000010000000000000000000000000000000000000000000000000000000000000000000000000000100000000010100000000000000000000000000000000000000000000000000
000000000101000000000000000000000000000000000000000011000000000000000000000000000000000000000000010010000000000000000000000000000000000000000000000000
000000000101000000000000000000000000000000000000000011000000000000000000000000000000000000000000001100000000000000000000000000000000000000000000000000
000000000010000000000000000000000000000000000000000000000000000000110000001100000000000000000000000000000000000000000000000000000000110000000000000000
000000000000000000000000000000000000100000000000000000011000000000110000001010000000000000000000000000000111000000000000000000000001001000000000000000
000000000000000000000000000000000001110000000000000000011000000000000000000110000000000000000000000000000000000000000000000000000001001000000000000000
000000000000000000000000000000000010011000000000000000000000000000000000000000000000000000000000000000000000000000000000000000000000110000000000001100
000000000000000000000000000000000011011000000000000000000000000000000000000000000000000000000000000000000000000000000000010000000000000000000000010010
000000000000000000000000000000000111000000000000000000000000000010000000000000000000000000000000000000000000000000000000101000000000000000000000001100
000000000000000000000000000000000011010000000000000000000000000111000000000000000000000000000000000000000000000000000000101000001100000000000000000000
000000000000000000000000000000000001001000000000000000000000000101100000000000000000000000000000000000000110000000000000010000010100000000000000000000
000000000000000000000000010000000001000000000000000000000000010100111000000000000000000000000000000000000110000000000000000000001000000000000000000000
000000000000000000000001100100000000101000000000000000000000100001000000000000000000001100000000000000000000000000000000000000000000000000000000000000
000000000000011100000001111000111000010000000000000000000000010011100100000000000000001100000000000000000000000000000000000000000000000000000000000000
000010000000011000000000001000100100000000000000000000000000001110111100000000000000000000000000000000000000000000000000000000000000000000000000000000
000010000000110100000000000011000100000000000000000000000000000000000000011000000000000000000000000000000000000000000000000000000000000000000000000000
000010000001001000000000000011000000000000000000000000000000000000000000011000000000000000000000000000000000000000000000000000000000000000000000000000
000000000000000000000000000011000100000000000000000000000000000000000000000000000000000000000000000000000000000000000000000000000000000000000000000000
000000000001110100000001110000111111000000000000000000000000000010000000000000000000000000000000000000000000000000000000000000000000000000000000000000
000000000000010010000001111000000011000000000000000000000000000010000000000001100000110000000000000000000000000000000000000000000000000000000000000000
001110000000001101000000000100000000000000000000000000000000000010000000000001100001001000000000000000000000000000000000000000000011100000000000000000
010001000000000001000000111000000000000000000000000000000000000000000000000000000000110000000000000000000000000000000000000000000000000000000000000000
100010000000000110000000111000000000000000000000000000000000000000000000000000000000000000000000000000000000000000000000000000000000000000001100000000
100010000000000010000000000000000000000000000000000000000000000000000000000000000000000000000000000000000000000000000000000000000000000000001100000000
101000000000000000000000000000000000000000000000000111000000000000000010000000000000000000000000000000000000000000000000000000000000000000000000000000
010000000000110011100000000000000000000000000000000111000000000000000111000000000000000000000000000001100000000000000000000000000000000000000000000000
010000000000000011100000000110000000000000000000000000000000000000001110100000000000000000000000000001100000000000000000000000000000110000000000000000
000000000000000011000000001011000010000000000000000000000000000000010000110000000000000000000000000000000000000000000000000000000000110000000000000000
000100000000000110000000001000101101000000000001100000001100000000110000100000000000000000000000000000000000000000000000000000000000000000000000000000
101110000000000100000000000101111101000000000001100000001100000000010110100000000000000000000000000000000000000000000000000000000000000000000000000000
000001000000000000000000000111000010000100000001100000001100000000000000100000000000000000000000000000000000000000000000000000000000000000000000000001
000010000000000000000011000100000000000100000000000000000000000000000111000000000000000000000000000000000000000000000000000000000000000000000000000000
100100000000100000000101001100000000000100000000000000000000000000000010000000000000000000000000000000000000000000000000000000000000000000000000000000
011100000001110000001100000000000000000000000000000111000000000000000000000000000000000000000000000000000000000000000000000000000000000000000000000000
000000011000010000000110011000000000000000011000000111000000000000000000000000000000000000000000000000000000000000001000000000000000000000000000000000
000000011101101000000011001000000000000001111100000001000000000000000000000000000000000000000000000000000000000000010100000000000000000000000000000000
000100000010001100000001100000000000000001101010000011000000000000001100000000000000000000000000000000000000000000100100000000000000000000000000000000
000011100110111000000000100000000000000010100010000100000000000000010000000000000000000000000000000000000000000000011000000000000000001100000000000000
000010000110110000000000000000000000000011000100000010100000000000000000000000000100000000000000000000000000000000000000000000000000010100000000000000
000011001011000000000000000000000000000010100000000001000000000000000010010000001010000000000000000000000000000000000000000000000000001000000000000000
000101110011000000000000000000000000000001100000000000000001110001110000011000001010000000000000000000000000000000000000000000000000000000000000000000
000001000010000010000000000000000000000010010000000000000000000010000100010000001110000000000000000000000000000000000000000000000000000000000000000000
001000010010000101001100000000000000000001100000000000000100000010000000000000000000000000000000000000000000000000000000000000000000000000000000000000
001100010100001001001100000001110000000000000000000000000100000101110000000000000000000000000000000000000000000000000000000000000000000010000000000000
000011000000000110000000000000000000000000000000000000000100000000000000010011000000000000000000000000000000000000000000000000000000000010000000001100
000011000000000000000000000000000000000000000000000000000000000000000000000000100001000000000000000000000000000000000000000000000000000010000000001100
000000000000000000000000000000000000000000000000000000000001110000000000000000100001000000000000000000000000000000000000000000000000000000000000000000
000000000000000000000000000001100000000000000000000000000000000000000000010000000001000000000000000000000000000000000000000000000000000000000000000000
000000000000000000000000000001001100000000000000000000000000000000000000010011000000000000000000000000000000000000000000000000000000000000000000001100
000000000000000000000000000000111000000000000000000000000000000000000000111010000000000000000000000000000000000000000000000000000000000000000000001100
000000000000000000000000000000000010001100000000000000000000000000000000001011100000000000000000000000000000000000000000000000000000000000000000000000
000000000000000000000000000000011100001100000000000000000000000000000000001100100000000000000000000000000000000000000000000000000000000000000000000000
000000000000000000000000000000000000000000011000000000000000000000000000000111000000100000000000000000000000000000000000000000000000000000000000000000
000000000000000000000000000000111100000000011000000000000000000000000000000010000001010000000000000000000000000000000000000000000000000110000000000000
000000000011000001100000000001000010000000000000000000000000000000000000000000000001010000000000000000000000000000000000000000000000000110000000000000
000000000011000001100000000000100100000111000000000000000000000000000000000000000000100000000000000000000000000000000000000000000000000000000000000000
000000000000000000000000000000100100000000000000000000000000000000000000000000000000000000000000000000000000000000000000000000000000000000000000000000
000000000000000000000000000000000000000000000000000000000000000010000000000000000000000000000000000000000000010000000000000000000000000000000000000000
000000000000000000000000000000000000000000000000000000000000000010000000000000000000000000000000000000000000101000000000000000000000000000000000000000
000000000000000000000000000000000001100000000000000000000000000010000000000000000000000000000000000000000001001000000000000000000000000000001100000000
000000000000000000000000000000000001100000000000000000000000000000000000000000000000000000000000000000000000110000000000011000000000000000010010000000
000000000000000000000000000000000000000000000000000000000000000000000000000000000000000000000000000000000000000000000000011000000000000000010100000000
000000000000000000000000000000000000000000000000000000001000000000000000000000000000000000000000000000000000000000000000000000000000000000001000000000
000000000000000000000000000000000011000000000000000000010100000000000000000000000000000000000000000000000000000000000000000000000000000000000000000000
000000000000000000000000000000000011000000000000000000010100000000000000000000000000000000000000000000000000000000000000000000000000000000000000000000
000000000000000000000000000000000000000000000000000000001000000000000000100000000000000000000000000000000000000000000000000000000000000000000000000000
000000000000000000000000000000000000000000000000000000000000000000000001010000000000000000000000000000000000000000000000000000000000000000000000000000
000000000000000000001100000000000000000000000000000000000000000000000001010000000000000000000000000000000000000000000000000000000000000000000000000000
000000000000000000001100000000000000000000000000000000000000000000000000100000000000000000000000000000000000000000000000000000011000000011000000000000
000000000000000000000000000000000000000000000000000000000000000000000000000000000000000000000000000000000000000000000000000000100100000100100000000000
000000000000000000000000000000000000000000000000000000000000000000000000000000000000000000000000000000000000000000000000000000011000000011000000000000
000000000000000000000000000000000000000000000000000000000000000000000000000000000000000000000000000000000000000000000000000000000000000000000000000000
000000000000000000000000000000000000000000000000000000000000000000000000000000011010000000000000000000000000000000000000000000000000100000000000000000
000000000000000000000000000000000000000000000000000000000000000000000000000110000001000000000000110000000000000000000000000000000001010000000000000000
000000000000000000000000000000000000000000000000000000000000000000001100001000000001000000000000110000000000000000000000000000000001010000000000000000
000000000000000000000000000000000011100000000000000000000000000000001100010000000110000000000000000000000000000000000000000000000000100000000000000000
000000000000000000001100011000000010000000000000000000000000000000000000010000010000000000000000000000000000000000000000000000000000000000000000000000
000000000000000000010010011000000001000000000000000000000000000000000000011011000000000000000000000000000000000000000000000000000000000000000000000000
000000000000000000010100000000000000000000000000100000000000000000000000000110000000000000000000000000000000000000000000000000000000000000000000000000
000000000000000000001000000000000000000000000001010000000000000000000000000000000000000000000000000000000000000000000000000000000000000000010000000000
000000000000000000000000000000000000000000000001010000000000000000000000000000000000000000000000000000000000000000000000000000000000000000101000000000
000000000000000000000000000000000000000000000000100000000000000000000000000000011100000000000000000000000000000000000000000000000000000000101000000000
