000000000000000000000000010000000000000000000000000000000000000000000000000000000000000000000000000000000000000000000000000000000000001000010000000000
000000000000000000000000000000000000000000000110000000000000000000000000000000000000000000000000001000000000000000000000000000000000001000000000000000
000000000000000000000000000000000000000000000110000000000000000000000000000000000000000000000000001000000000000000000000000000000000001000000000000000
000000000000000000000000000000000000000000000000000000000000000000000000000000000000000000000000001000000000000000000011000000010000000000000000000000
000000000000000000000000000000000000000000000000000000000000000000000000000000000000000000000000000000000000000000000100100000010000000000000000000000
000000000000000000000000000000000000000000000000000000000000000000000000000000000000000000000000000000000000000000000010100000010000000000000000000000
000000000110000000000000000000000000000000000000000000000000000001100000000000000000000000000000000000000000000000000001000000000000000000000000000000
000000001001000000000000000000110000000000000000000000000000000001100000000000000000000000000000000000000000000000000000000000000000000000000000000000
000000001001000000000000000000110000000000000000000000000000000000000000000000000000000000000000000000000000000000000000000000000000000000000000000000
000000000110000000000000000000000000110000000000000000000000000000000000000000000000000000000000000000000000000000000000000000000000000000000000000000
000000000000000000000000000000000000110000000000011000000000000000000000000000000000000000000000000000000000000000000000000000000000000000000000000000
000000000000000000000000000000000000000000000000011000000000000000000000000000000000000000000000000000000010000000000000000000100000000000000000000000
000000000000000000000000000000000000000000000000000000000000000000000000000000000000000000000000000000000111000000000000000000100000000000000000000000
000000000000000000000000000000000000000000000000000000000000000000000000000000000000000000000001000000000100100000000000000000100000000000000000000000
000000000000000000000000000000000000000100000000000000000000000000000000000000000000000000000010100000000001100001100000000000000000000000000000000000
000000000000000000000000000000000000001010000000000000000000000000000000000000000000000000000010100000000001000001100000000000000000000000000000000000
000000000000000000000000000000000000001010000000000000000000000000000000000000000000000000000001000000001100000000000000000000000000000000000000000000
000000000000000000000000000000000000000100000000000000000000000000000000000000000000000000000000000000001111000000000000000000000000000000000000000000
000000000000000000000000000000000000000000000000000000000000000000000000000000000000000000110000000000000100100000000000000000000000000000000000000000
000000000000000000000000000000000011000000011000000000000000000000001000000000000000000001001000000000000010000000000000000000000000000000000000000000
000000000000000000000000000000000100100000100100000000000000000000010100000000000000000000110000000000000000000000000000000000000000000000000000000000
000000000000000011000000000000000011000000011000000000000000000000001000000000000000000000000000000000000101000000000011100000000000000000000000000000
000000000000000011000000000000000000000000000000000000000000000000000000000000000000000000000000000000000110000000000000000000000000000000000000000000
000000000000000000000000000000000000000100000000000000000000000000000000000001000000000000000000000000000000000000000000000000000110000000000000000000
000000000000000000000000000000000000001010000000000000000000000000000000000010100000000000000000000000000000000000000000000000001001000000000000000000
000000000000000000000000000000000000001010000000000000000000000000000000000010010000000000000000000000000000000000000000000000001010000001000000000000
000000000000000000000000000000000000000100000000000000000000000000000000000001100000000000000000000000000000000000000000000000000100000001000000000000
000000000000000000000000000000000000000000000000000000000000000000000000000000000000000000000000000000000000000000000000000000000000000001000000000000
000000000000000000000000000000000000000000000000000000000000000011000000000000000000000000000000000000000000000000000000000110000000111000000000000000
000010000000000000000000000000000000000000000000000000000000000011000000000000000000000000000000000000000000000000000000000110000001001000011100001010
000101000000000000000000000000000000000000000000000000000000000000000000000000000000000000000000000000000000000001100000000000000010001000000000000110
000100100000000000000000000000000000000000000000000100000000000000000000000000000000000000000000000000000000000101001000000000000001011000000000000101
000011000000000000000000000000000111000000000000000100000000000000000000000000000000000000000000000000000000000101101110000000000000100001100000000001
100000000000000000000000000000000000000000000000000100000000000000000000000000000000000000000000000000000000000000001010000000000000000001100000100010
000000000000000000000000000000000000000000000000000000011000000000000000000000000000000000000000000000000001100000000000000000000010000000000001111111
000000000000000000000000000000000000000000000000000000100100000000000000000000000000000000000000000000000001110000000010100000000000001000000010001110
000000000000000000000000000000000000011000000000000000011000000000000000000000000000000000000000000000011100110000001000010000000000111000000001111000
000000000000000000000000000000000000011000000000000000000000000000000000000000000000000000000000000000000000110000011111010000000001000000000000100000
000000000000000000000000000000000000000000000000000000000000000000000000000000001000000000000000000000000000011000111011110000000010010000000001100000
000000000110000000000000000000000000000000000000000000000000000000000000000000010010000000000000000000000000000000101000000000000010110000000001100000
110000001001000000000000000000000000000000000000000000000000000000000000000000010010000000000000000000001000000000111000000000000110011000000001100001
010000000110000000000000000000000000000000000000000000000000000000000000000000000100000000000000000000010100000000011000000000000011011000000000000010
001000000000000000000000000000000000000000000000000110000000000000000000000000000000000000000000000000100100000000010000000000000011011000000000000010
101000000000000000000000000000000000000000000000001001000000000000000000000000000000000000111000000000011000000000001100000000000000001100000000000110
101000000000000000000000000000000000000000000000001010000000000000000000000000000000000001000010000000000000000000011100000101000000001100000000000000
110000000000000000000000000000000000000000000000000100000000000000000000000000000000000000000110000000000000000000000011111100100000000000100000000001
010000000000000000000000000000000000000000000000000000000000000000000000000000000000000001000100000000000000001110000011111101000000000000100000000001
011101000000000000000000000000000000000001100000000000000000000000000000000001000000000001000000000000000000000000000001000110000000000001111000000001
010001000000000000000000000000000000000001100000000000000000000000000000000001000000000001100000000000000000000000000000011000000000000000000100000011
000101000000000000000000000000000000000000000000000000000000000000000000000001000000000000100000000000000000000000000000011000000000000100000010001000
010000000000000000000000000000000001110000000000000000000000000000000000000000000000000000000000000000000000000000000000000000000000010000000100010011
011000000000110000000000000000000000000000000000000000000000000000000000000000000000000000000110000000000001100000000000000000000000110000101001010000
110000000000110000000000000000000000000000000000000000000000000001100000000000000000000000000110000000000001100000000001101100000001100001101000000000
000000000000000000000000000000000000000000000000000000000000000001100110000000000000000000000000000000000000000000000000101000000000100111001000000100
100000001110000000000000000000000000000000000000000000000000011000000110000000000000000000000000000000000000000000000000010000100000011010001100011100
100000000000000000000000000000000000000000000000000000000000011000000000000000000000000000000000000000000001000110000000000001010000001100000100011101
100000000000000000000000000011000000000000000000000000000000000000000000000000000000000000000000000000000111000110000001010001100000000000000000000100
000000000000000000000000000100100000000000000000000000000000000000000000000001100000000000000000000000001111000100100011001000000000000000000000000001
000000000000000110000000000011000000000000000000000000000000000000000000000010010000000001111000000000000000000001111011010000000000000000000000000000
000000000000000110000000000000000000000000000000000000000000000000000000000001010000000010001100000000011100000000000000000000000000000000000000000000
000000000000000000000000000000000000000000000000000000000000000000000000000000100000000100101110000000000001000101101000000000011100000000000000000000
000000000000000000000000000000000000000000000000000000000000000000000000000000000000000101000011110000001001000111111000000000000010000000000000000000
000000000000000000000000000000000000000000000000000000000000000000000000000000000000000110001100000000001100001011110000000000100001001100000000000000
000000000000000000000000000000000000000000000000000000000000000000000000000000000000000000001000001000000000011011100000000000100001001100000000000000
000000000000001000000000000000000000000000000000000000000000000000000000000000000111000000001011010000000000001110000000000000010001000000000000000000
000000000000010100000000000000000000000000000000000000000000000000000000000000000000000000000000000000000000000100000000000000010010000000000000000000
000000000000010100000000000000000000000000000000000000000000000000000000000000000000000000000000000000000000000000000000000000000100000000000000011000
000000000000001000000000000000000000000000000000000000000000000000000000000000000000010100000000000000000000000000000000000000000000000000000000011000
000000000000000000000000000000000000000000000000000000000000100000000000000000000000100100000000010000010000000000000000000000000000000000000000000000
000000000000000000000000000000000000000000000000000000000001010000000000000000000000010010000100010000111000000000000000000001100000000000000000000000
000000000000000001100000000000000000000000000000000000000001100000000000000000000000010011001110000000110110000000000000000001100000000000000000001100
000000000111000010010000000000000000000000000000000000000000000000000000000000000001100001010111100000000110000000000000000000000000000000000000010110
000000001001000001100000000000000000000000000000000000000000000000011000000000000010001111000001110110001100000000000000000000000000000100000000000101
000000000011000000000000000000000000110000000000000000000000000000011000000000000001111111000010000000000000000000000000000000000000001010000000000011
100000000100000000000000000000000000110000000000000000000000000000000000000000000000111000100011100011111000000000000000000000000000011100000000000010
000000000000000000000000000000000000000000000000000000000000000000000000000000000000000001001100010001110000000000000000000000000000011000000000000001
000000001010000000000000000011000010000000000000000000000000000000000000000000000000000010001000000000010000000000000000000000000000111000000000000001
000000001100000000000000000000001010000000000000000000000000000000000000000000000000000001000000000000000000000000000000000000000000010000000000000000
000000000000000000000000000111001100000000000000000000000000000000000000000000000000000000000000000000000000000000000000000000000000000000000000000000
000000000000000000000000000001000000000000000000000000000000000000000000000000000000000000000000000000000000000000111000000000000000000000000000000000
000000000000000000000000000110000000010000000000000000000000000000000000000000000000000000001000000000000000001001010100000000000000000000000000000000
000000000000000000000000001001000110001000000000000000000000000000000000000000000100000000001010011000000000010110100001000000000000000000000000000000
000000000000000000000000000110001111001000000001000000000000011100000000000000000100000000001100100100000000010101010001000000000000001100000000000000
000000000000000000000000000000010100000000000001000000110000000000000000000000000100000000000000011000110110001001000010000000000000001100000000000000
000000000000000000000000000000110101100000000001000001001000000001000000000000000000000000000000000000100010000001000100000110000000000000000000000000
000000000000000000000000111000110101100000000000000000110000000001000000000000000000000000000000000000100010000000111000000101000000000000000000000000
000000000000000000000001000100010000000110000000000000000000000001000000000000000000000000000000000000010100000000000000000010000000000011000000000000
001100000000000000000011100010001101110001000000000000000000000000000000000000000000000000000000001100001000000000111000000000000000000011000000000000
001010000000000000000001000100000100010001000000000000000000011100000000000000000000000000000000010010000000000000111000000000000000000000000000000000
000101000000000000000000001000000011111110000000000000000000000000000000000000000000000000000000110110000000000000011000000000000000000000000000000000
000010000000000000000000000000000000000000000000000000000000000000000000000000000000000000000000001000000000000000000100000000000000000000000001100000
000000000000000000000000000000000000000000000000000000000000000000000000000000000000000000000000000000000000000000010011000000000000000000000010010000
000000000000000000000000000000000000000000011000000000000000000000000000000000000000000000000110000000000000000000100010000000000000000000000010100000
000000000010000000000000000000000000000000011000000000000000000000000000000000000000000000000110000000000000000000010010000000000000000000000001000000
000000000010000000000000000000000000000000000000000000000000000000000000000000000000000000000000000000000000000000011100000000000000000000000000000000
000000000010000000000000000000000000000000000000000000000000000000000000000000000000000000000000000000000000000000000000000000000000000000000000000010
000000000000000000000000000000000000000000000000000000000000100000000000000000000000000000000000000000000000000000000000000000000000000000000000000101
000000000000000000000000000000000000000000000000000000000001010000000000000000000000000000000000000000000000000000000000000000000000000000000000000101
000000000000000000000000000000001110000000000000000000000001010000000000000000000000000000000100000000000000000000000000000000000000000000000000000010
000000000000000000000000000000000000000000000000000000000000100000000000000000000000000000001010000000000000000000000000000000000000000000000000000000
001100000010000000000000000000000000100000000000000000000000000000000000000000000000000000000001000011100000000000000000000000000000000000000001100000
010010000101000000000000000000000000100000000000000000000000000000000000000000000000000000000000000000000000000000000000000000000000000001000010010000
001100000100100000000110000000000000100000000000000000000000000000000000000000000000000000110000000000010000000000000000000000000000000010100001100000
000000000011000000000110000110000000000000000000000000000000000000000000000000000000000001000000000010010000000000000000000000000000000001100000000000
000000000000000000000000000110000000000000000001000000000000000000000000110000000000000001000000000000010000000000000000000000000000000000000000000010
000000000000000000000000000000000000000000000101000000000000000000000001010000000000000001000100010110010000000000000000000000000000001100000000000101
000000000000000000000000000000000000000000000011000000000000000000000001100000000000000000111000000011100001100000000000000000000000010100000000000101
000000000000000000000000000000000000000000000000000000000000000000000000000000000000000000000000000001010001100000000000000000000000001000000000000010
000000000000000000000000000000000000000000000000000000000000000000100000000000000000000000000000000000100000000000000000000000000000000000000000000000
000000000100000000000000000000000000000000000000000000000000000000100000000000000000000000000001100001100000000000000000000000000000000000000000000000
000000001010000000000000000000000000000000000000000000000000000000000000000000000000000000000001100001110000000000000000000000000000000000000000000000
000000001010000000000000000000000000000000000000000000000000000000000000000000000000000000000000000010010000000000000000000000000000000000000000000000
000000000100000000000000001100000000000000000000000000000000000000000000000000000000000000000000000110110000000000000000000000000000000111000000000000
000000000000000000000000001100000000000000000000000000000000000000000000000000000000000000000000000010000000000000000000000000000000000000000000000000
000000000000000000000000000000000000000000000000000000000000000000000000000000000000000000000000000000100000000000000000000000000000000000000000000000
000000000000000000000000000000000000000000000000000000110000000000010010000000000000000000000000000010100000000000000000000000000000000000000000000000
000000000001000000000000000000000011100000000000000000110000001110100010000000000000000000010100001010001000000000000000000000000000000000000000001100
000000000001000000000000000000000000000000000000000000000000001100000100000000000000000000100100011000000100000000000000000000000000000000000000001100
000000000001000000000000000000000000001000000000000000000000001110000000000000000000000000010101100010011100000000000000000000000000000000000000000000
000000000000000000000000000000011000001000000000000000000000000000000000000000000000000110000001100100000000000000000000000000000000000000000000000000
000000000000000110000000000000011000001000000000000000000000000000000000000000000000001001000001110000000000000000000000000000000000000000000000000000
000000000000001001000000000000000000000000000000000000000000000100000000000000000000000110000000000000000000000000000000000000000000000110000000000000
000000000000000110000000000000000011100000110000000000000000001010000000000000000000000000010000000000000000000000000000000000000000000110000000000000
000000000000000000000001100110000000000000110000000000000000001010000000000000000000000000101000000000000000000000000000000000000000000000000000000000
000000000000000000000001100110011000000000000000000000000000000100000000000000000000000001010000000000000000000000000000000000000000000000000000000000
000000000011000000000000000000011000001100000000000000000000000000000000000000000000000001100000000000000000010000000000000000000000000000000000000000
000000000101000000000000000000000000010010000000000000000000000000000000000000000000000000000000000000000000101000000000000000000000000000000000000000
000110000010000000000000000000000000001100000000000000000000000000000001100000000000000000000000000000000001001000000000000000000000000000001100000000
000110000000000000000000000000000000000000000000000000000000000000000010010000000000000000000000011000000000110000000000011000000000000000010010000000
000000000000000000000000000000000000000000000000000000000000000000000001100000000000000000000000100100000000000000000000011000000000000000010100000000
000000000000000000000000000000000000000000000000000000000100000000000000000000000000000000000000011000000000000000000000000000000000000000001000000000
000000000000000000000000000000000000000000000000000000001010000000000000000000000000000000000000000000000000000000000000000000000000000000000000000000
000000000000000000000000001100000000000000000000000000001010000000000000000000000000000000000000000000000000000000000000000000000000000000000000000000
000000000000000000000000001100000000000000000000000000000100000000000000000000000000000000000000000000000000000000000000000000000000000000000000000000
000000000000000000000111000000000000000000000000000000000000000000000000000000000000000000000000000000000000000000000000000000000000000000000000000000
000000000000000000000000000000000000000000000000000011000000011000000000000000000000000000000000000000000000000000000000000000000000000000000000000000
000000000000000000010000010000000000000000000000000100100000100100000000000000000000000000000000000000000000000000000000000000011000000011000000000000
000000000000000000010000010000000000000000000000000011000000011000000000000000000000000000000000000000000000000000000000000000100100000100100000000000
000000000000000000010000010000000000000000000000000000000000000000000000000000000000000000000000000000000000000000000000000000011000000011000000000000
000000000000000000000000000000000000000000000000000000000100000000000000000000000000000000000000000000000000000000000000000000000000000000000000000000
000000000000000000000000000000000000000000000000000000001010000000000000000000000000000000000000000000000000000000000000000000000000100000000000000000
000000000000000000000000000000000000000000000000000000001010000000000000000000000000000000000000110000000000000000000000000000000001010000000000000000
000000000000011100000000000000000000000000000000000000000100000000000000000000000000000000000000110000000000000000000000000000000001010000000000000000
000000000000000000000000000000000000000000000000000000000000000000000000000000000000000000000000000000000000000000000000000000000000100000000000000000
000000000001000001000000000000000000000001000000000000000000000000000000000000000000000000000000000000000000000000000000000000000000000000000000000000
000000000010100010100000000000000000000010100000000000000000000000000000000000000000000000000000000000000000000000000000000000000000000000000000000000
000000000010100010100000000000000000000010100000000000000000000000000000000000001100000000000000000000000000000000000000000000000000000000000000000000
000000000001000001000000000000000000000001000000000000000000000000000000000000001100000000000000000000000000000000000000000000000000000000010000000000
000000000000000000000000010000000000000000000000000000000000000000000000000000000000000000000000000000000000000000000000000000000000000000101000000000
000000000000000000000000010000000000000000000000000000000000000000000000000000000000000000000000000000000000000000000000000000000000000000101000000000
