111111110000000000100100010000000110000000000000000000000000000000000000000000000000000000000000000000000000000000000000000000000000000000000000000000
000010000000000000111000010000000000000000000000000000000000000000000000110000000000000000000000000000000000000000000000000000000000000000000000000000
000000000000000000010000010000000000000000000000000000000000000000000000110000000110000000000000011100000000000000000000000000000000000000000000000000
000000000000000000000000000000000000000000000000000000000000000000000000000000001000000000000000000000000000000000000000000000000000000000000000000110
001100000000000000000000000000000000000000000001000000000000000000000000000000000001000000000000000000000000000000000000000000000000000000000000001010
010010000000000000000000000000000000000000000001000000100000000000000000000000000110000000000000000000000000000000000000000000001110000000000000001001
001001000000000000000000000000000000000000000001000000100000000001100000000000000000000000000000000000000001100000000000000000000000000001100000001001
000000100000000000000000000000000000110000000000000000100000000001100000110000000000000000000000000000000001100000000000000000000000000010010000001001
000000100000000000000000000000000000110000000000000000000000000000000000110000000000000000000000000000000000000000000000000000000000000000000000000111
000010100000000000000000000000000000000000000000000000000000000000000000000000000000000000000000000000000000000000000000000000000000000000000000000001
000011000000000000000000011000000000000000000000000000000000000000000000000000000000000000000000000000000000000000000000000000000011110000000000000000
000000000000000000000000010100000000000000000000000000000000000000000000000000000000000000000000000000000000000000000000000000111110111001110000000000
000000110000000000000000001000000000000000000000000000000000000000000000110000000000000000000000110000000000000000000000000001000010000010100000000000
000001001000000000000000000000000000000000000000000000000000000000000000110000000000000000000000110000000000000000000000000001011010001110100000000000
000000110000000000000000000000000000000000000000000000000000000000000000000000000000000000000000000000000000000000000000000000101100100001100000000000
000000000000000000000000000000000000000000000000000000000000000000000000000000000000000000000000000000000000000000000000000000000001000001100000000000
001000000000000000000000000000000000000000000000000000000000000000000000000000000000000000000000000000000000000000000000000000001000100001011000000000
010100000000000000000000000000000000000000000000000000000000000000000001000000000000000000000000000000000000000000000000000000000000011011010000000000
010100000000000000000000000000000000000000000000000000000011000000000010100000000000000000000000000000000000000000000000000011111000100100010001100000
001000000000000000000000000000000000000000000000000000000011000000000001000000000000000000000000000000000000000000000000000010000010000000000001010000
000000000000000000000000000000000000000000000000000000000000000000000000000000000000000000000000000000000000000000000000000000000011011000010000100000
000000000000000000000000000000000000000000000000000000000000000000000000000000000000000000001100000000000000000000000000000001001111000100001000000000
000000000000000000000000000000000000000000001100000000000000000000000000000000000000000000010010000000000000000000000000000000010000000001110000000000
000000000000000000000000000000000000000000001100000000000000000000000000000000000000011000001010000000000000000000000000000000010010000000000000000011
100000000000000000000000000000000000000000000000000000000000000000000000000000000000100100000100000000000000000000000000000000000100000000000000000100
000000000000000000000000000000000000000000000000000000000000000000000000000000000000011000000000000000000000000000000000000000000100000000000000000011
000000000000000000000000000000000000000000000000000000000000000000000000000000000000000000000000000001100000000000000000000000000000000000000000000000
000000000000000000000000000000000000000000000000000000000000000000000000000000000000000000000000000010010000000000110000000000000000000000000000000000
000000000000000000000000000000000000000000000000000000000000000000000000000000000000000000000000000001100000000000110000000100000000000000000000100000
000000000000000000000000000000000000000000011000000000000000000000000000000000000000000000000000000000000000000000000000001011000000000000000001010000
000111000000000000000000000000011000000000011000000000000000000000000000000000000000000000000000000000000000000000000000001011000000000000000001100000
001001000000000000000000000000011000000000000000000000000000000000000000000000000000000000000000000000000000000000000000000100111000000000000000000000
001101000000000000000000000000000000000000000000000000000000000000000000000000000000000000000000000000000000000000000000000000001000000000000000000000
000000000000000000000000000000000000000000000000000000000000000000000000010000000000000000000000000000000000000000000000000000101000000000000000000000
000000000000000000000000000000000000000000000000000000000000000000000000101000000000000000000000000000000000000000000000000000110000000000000000000000
011000000000000000000000000000000000000000000000000000000000000000000000100100000000000000000000000000000000000000000000000000000000000000000000000000
100100000000000000000000000000000000000000000011000000000000000000000000011000000000000010000000000000000000010000000000000000000000000000000000000000
101000000000000000000000000000000000000000000100100000000000000010000000000000000000000101000000000000000000101000011000000000000000000100000000001100
010000000000000000000000000000000000000000000011000000000000000010000000000000000000000101000000000000000000101000011000000000000000001010000000010010
000000000000000000000000000000000000000000000000000000000000000010000000000000000000000010000000000000000000011000000000000000000000001010000000001100
000000000000000000000000000000000000000000000000001100000000000000000000000000000110000000000000000000000000101000000000000000000000000100000000000000
000000000000000000000000000000000000000000000000010010000000111000111000000000000110000000000000000000000101010000000000000000000000000000000000000000
000000000000000000000000000000000000000000000000001100000000000000000000000000000000000000000000001000010100101000000000000000000011000000011000000000
000000000000000000000000000000000000000000000000000000000000000010000000000000000000000000000000010000000000101000000000000000000100100000100100000000
100000000000000000000000000000000000000000000000000000000000000010000000000000000000000000000000110110001110110100000000000000000011000000011000000001
010000000000000000000000000000000000000000000000000000000000000010000000000000000000000000000000101010001000000100000000000000000000000000000000000001
110000000000000000000000000000000000000110000000000000000000000000000000000000000000000010000001001011001001001000000000000000000000000100000000000000
000000000000000000000000000010000000000110000000000000000000000000000000000000000000000001000000111011011001001111000000000000000000001010000000000000
000000000000000000000000000010000000000000000000000000000000000000000010000011100000110001000001101101000001110101000000000000000000001010000000000000
000000000000000000000000000010000000110000000000000000000000000000000101000000010000100001001001100000001110100000000000000000000000000100000000000000
000000000011000000000001100000000001001000000000000000000000000000000110011000110000100110110100000001001100000000000000000000000000000000000000000000
000000000011000000000000010000111000110000000000000000000000000000000000010000001000001101000000000001000000000000000000000000000000000000000000000000
000000000000000000000000000000000000000010000000000000000000000000000000010001111000000010000100000111000000000000000000000000000000000000000000000000
000000000000000000000000000010000000000010000000001100000000000000000000001101101000000000100110111010000000000000000000000000000000000000000000000000
000000000000000000000000000010000000000010000000001100000000000000000000000000010000000001000101111110000000000000000000000000000000000000000000000000
000000000000000000000000000010000000000000000000000000000000000000000001000000001111100000000010000100000000000000000000000000000000000000000000000000
000110000000000000100000000000000000110000000000000000000000000000000001100000011000100000000010011000000000000000000000000000000000000000000000000000
001001000000000011011000000000000000110000000000000000000000000000000000110000000110011000000001010000000000000000000000000000000000000000000000000000
000110000000000001011000000000000000000000000000000000000000000000000000111000000010011000000000100000000000000000000000000000000000000000000000000000
000000000000000000101000000000010000000000000000000000000000000000000000001000000000111000000000000000000000000110000110000000110000000000000000000000
000000000111000001001100000000101000000000000000000000000000000000000000001000000110000000000000000000000000000110000110000000110000000000000000000000
000000000000000011010110000000100100000000000000000000000000000000000000000000000111100000000000000000000000000000000000000000000000000000000000000000
000000000000000000110000000000011000000000000000000000000000000000000000000000000000000000000000000000000000000000000000000000000110000000000000000000
000000000000000000000101000000000000000000000000000000000000000000000000000000000000110000000000000000000000000000000000000000001111010000000000000001
100000000000000000001000100000000000000000000000000001000000000000000001000000000000110000000000000000000000000000000000000000110001011000000000000010
000000000000000000000101000000000000000000000000000001000000000000000010100000000001100000000000000000000000000000000000000000110110010000000011000100
011000000000000000000010000000000000000000000000000001000000000000000010100000000001100000000000000000000000000000000000000000011111100000000011000010
111111000000000000000000000000000000000000000000000000000000000000000001000000000001000000000000000000000000000000000000000000000001000000000000000001
001000000000000000000000000000000000000000000000011100011100000000000000000000000000000000000000000000000000000000000000000000000000000000000000000000
001000100000000000000000000000000000000000000000000000000000000000000000000000000000000000000000000000000000100000000000000000000000000000000010000000
000000000000000000000000000000000000000000000000000001000000000000000001100000000000000000000000000000000001010000000000000000000000000000101101100000
100100100011000000000000000000000000000000000000000001000000000000000001100000000000000011100000000001000000110000000000000000000000000001101101000000
100001010001000000000000000000000000000000000000000000100000000000000000000000000000000011100000000001000000000000000000000000000000000000000110000000
000001010001000000000000000000000000000000000000000000110000000000000000000000000000000110011000000001000010000000000000000000000000000000000000000000
001001100010000000000000000000000000110000000000000001000000000000000000000000000000011000100100000000000101000011000000001110000000000000000000000000
000110000000000000000000000000000000110000000000000000110000000000000000000000000000011000000100000000000000000100100000010010000000000000000000011000
000000000000000000000000000000000000000000000000000000000000000000000000000000000000011000000100000000000000000011000000010000000000000000001100011000
000000000000000000000000000000000000000000000000000000000000000000000000000000000000000111110000000000010100000000000000001110000000000000001000011100
000000000000000000000000000000000000000000000000000000000000000000000000000000000000000010110000000000010100111000000000000000000000000000000111001000
000000000000000000000000000000000000000000000000000000000000000000000000000000000000000000000000000011000110001000000000000000100000000000000111010000
000110000100000000000000000000000000000000000000000000000000000000000000000000000000000000000000000010100111111000000000000000110000000000011100000000
000110000100000000000000000000000000000000000000000000000000000000000000000000000000000000000000000000100110100000000000000000111100000000101111000000
000000000100000000000000000000000000000000000000000000000000000000000000000000000000000000110001100100100001000000000000000000010110000011111000000000
000000000000000000000000000000000000000000000000000000000000000000000000000000000000000011010010001001000000000000000000000001101100000000101000001000
000000000000000000000000000000000000000000000000000000000000000000000011100000000000000011000001000010000000000000000000000000101000000100000000001000
000000110000000000000000000000000000000000000000000000000000000000000000000000000000000011010000111100000000000000000110000000010000000010111110010000
000000110000000000000000000000000000000000000000000000000000000010000000001000000000000000110000000000000000000000000110000000000000000000110000000000
000000000011000000000000000000000000000000000000000000000000000010000000001110000000000000000000000000000000000000000000000000000000000000000000000000
000000000100100000000000000000000000000000000000000000000000000010000000000110000000000000000000000000000000000000000000000000000000000001000000000000
000000000010100000000000000000000000000000000000000000000000000000000000000000000000000000000000000000000000000000000000000000000000000011110000000000
000000000001000000000000000000000000000000000000000000000000111000000000000000000000001000000000000000000000000000000000000000000000000011011000000000
000000000000000000000000000000000000000011000000000000000000000000000000011000010000100100000000000011000000000000000000000000000000000000110000000000
000100000000000000000000000001100000000011000000000000000000000010000000001100001000111000000000000011000000000000000000000000000000001000000000000000
001010000000000000000000000001100000000000000000000000000000000010000000000100000000111000000000000000000000000000000000000000000000001100000000000000
001100000000000000000000000000000000000000000000000000000000000010000000000000001000000000000010000000000000000000000000000000000000000100000000000000
000000000000000000000000000000000000000000000000000000000000000000000111000000000100000000000101000000000000000000000000000000000000000000000000111000
000000000000000000000000000000000000000000000000000000000000000000011011000000000100000000000101000000000000000000000000000000000000000000000000111000
000011000000000000000000000000000000000000000000000000000000000000000001100000000000000000000000000000000000000000000000000000000000000000000000000000
000011000000000000000000000000000000000000000000000000000000000000000001100000000000000000011101000000000000000000000000000000000000000000000000000000
100000000000000000000000000011100000000000000000000000000000000000010001000000000000000000011000100000000000000000000000000000000000000000001100000001
100000001100000000000000000000000000000000000000000000000000000000000101100000100000000000000000100001100000000000000000000000000000000000001000000001
100000110110000000000000000000000000000000000011000000000000011100000000000100010000000000000100000001100000000000000000000000000000000000000100000001
100000110110000000000000000000000000000000000011000000000000000000000000000100001000000000000000000000000000000000001000000000000000000000010000000001
000000000110000000000000000000000000000000000000000000000001000000000000000001000100000000000000000000000000000000010100000000000000000000010001000011
000000100001000000111000011100000000110000000000000000000001000011110000000000000100000100011000000000000000000000100100000000000000000000010001000010
000000010011000000011000100001000000110000000000000000000001000100000000000000011100001110100100000000000000000000011000000000000000000000001111100000
000000011111100000011000100001000000000000000000000000000000000100101000001110000000011011011100000000000000000000000000000000000000000000001111000000
000000000000110000000000000000100000000000000000000000000000000100101100001110000000000001000000000000000000000000000000000000000000000000000000000000
000011000000110000000000110011000000000000000000000000000000000000001010000000000000000000000000000000000000000000000000000000000000000000000000001110
000111000000111000000101001011000000000000000000000000000000000010001110000000000000000000000011100000000000000000000000000000000000000000000000001010
000010010000000000000110010000000001110000000000000000000000000000111000000000000000000111000010010000000000000000000000000000000000000000011100000110
110101010000100000000011100000000001100000000000000000000000000000000000001110001000001110000001010000000000000000000000000000000000000000011001100001
100010100000000000000000000000000000000100000000010000000000000000000000101000010100001000000000100000000000000000000000000000000000000000011011000001
000011000011000110000000000000000010000010000000010000000000000000000000100101100110001100000010000000000000000000000000000000000000000000000100000000
000111000000000000000110001100001110010010000000010000000000000000000000000011110010000000000110000000000000000000000000000000000000000000000000000000
000000000011100000001001011010110010010110000000000000000000000000000000000000111010000000000110000000000000000000000000000000000000000000000000000000
000000000011010000001010000011000100010000000000000000000000000000000000000000000010000000000100000000000000000000000000000000000000000000000000000000
000000000111010000010110001010110100110000000000000000000000000000000000000011111111100000000000000000000000000000000000000000000000000000000000100000
000000000000011001100100000100011100111000000000000000000000000000000000000010000000100000000000000000000000000000000000000000000000000000000000100000
000000010000000001100100000000001010000000000000000000000000000000000000000010000001000000000000000000000000000000000000000000000000000000000000100000
000000010001000001101001000000000110000000000000000000000000000000000000000010000001000000000000000000000000000000000000000000000000000000000000000000
000000001001000100101010110000000010000000000000000000000000000000000000000000111100000000000011000000000000000000000000000000000000000000000000000000
000000000001000010011000001000000000000000000000000000000000000000000000000000000000000000000000100000000000000000000000000000000000000000000000000000
000000000000000110000000110000000000000000000000000000000000000000000000000000000000000000001100100000000000000000000000000000000000000000000000000000
000000000000111000000000000000111000000000000000000000000000000000000000000000000000000000010000100000000000000000000000000000000000000000000000000000
000000000000000000000000000001000000000000000000000000000000100000000000000000000000000000010101100000000000000000000000000000000000000010000000000000
000000000000000000000000000001001000000000000000000000000000100000000000000000000000000000011001000000000000000000000000000000000000000010000000000000
000000000000000000001100000011110000000000000000000000000000100000000000000000000100000000001011000000000000000000000000000000000000000010000000011000
000000000000000000001100000000010000000001100000000000000000000000000000000000000100000000000110000000000000011000000000000000000000000000000000100100
000000000000000000000000000110010000000001010000000000000000000000000000000000000100000000000000000000000000011000000000000001110000000000000000100100
000000000000000000000000000110010000000000100000000000000111100000000000000000000000000000000000000000000000000000000000000011010000000000000000011000
000000000000000000000000000011100000000000000000000000001000000000000000000000000000000000000000000000000000000000000000000100010000000000000000000000
000000000000000000000000000001000000000000100000000000000001100000000000000000000000000000000000000000000000000000000000000001000000000000000000000000
000000000000000000000000000000000111000000100000000000000000100000000000000000000000000000000000110000000000000000000000000001000000001110000000000000
000000000000000001100000011100000000000001010000000000001100100000000000000000000000000000000000110000000000000000000000001001000000001110000000000000
000000000000000001010000100100000011000000100000000001010101010000000000000000000000000000000000000000000000000000000000001011110000000000000000000000
000000000000000000100000100010000010100001010000000010001000100000000000000000000000000000000110000000000000000000000000001011001000000000000000000000
000000000000000000000001101010000100100000000110000100000111000000000000000000000000000000001001000000000000000000000000000000011000000000000001000000
000000000000000000000001101100000101000000000000000100011000000000000000000000000000000000000101000000000000000000000000000000000000000000000011100000
000000000000000000000000111000000110001111110000000100010000000000000000000000110000111000000010000000000000000000000000000000000000000000000110100000
000000000000000001100000000000000000000000110000000010100000000000000000000000110000000000000000000000000000000000000000000000000000011100000000000000
000000000000000011010000000000000000000110110000000111000000000000000000000000000000000000000000000000000000000000000000000000000000010100011010000000
010000000000000001001000000010000000000000000000001100000000000000000000000000000111000000000000000000000000000000000000000000000000011100001010110000
101100000000000000000000000101000000000000000000001100000000000000000000000110000000000000000000000000000000000000000000000000000000000000000110101010
101100000000000000000000000101000000000000000000000000000000000000000001000110000000000000000000000000000000000000000000000000000000000000000000000000
101100000000000000111000000010000000000000000000000000000000000000000010100000000000000000000000000000000000000000000000000000000000000000000001000001
010011000000000000011000000000000000000000000000100000000000000000000001000000000000000000000000000000000000000000000000000000000000000000000010000010
010001100000000000000000000000000000000000000001010000000000000000000000000000000000000000000000000000000000000000000000000000000000000000000110000110
110000011000000000001100000000000000000000000001010000000000000000000000000000000000000000000000000000000000000000000000000000000000000000001000110000
000100011000000000001100000000000110000000000000100000000000000000000000000000000000000000000000000000000000000000000000000000000000000000000111000001
