000000000000000000000110000000000000000000000000000000000000000000000000000000000000000000000000000000000000000000000000000000000000000000000001000000
000000000000000000001001000000000000000000000000000000000000000000000000110000000000000000000000001000000000000000000000000000000000000000101100010000
000000000000000000000110000000000000000000000000000000000000000000000000110000000000000000000000001000000000000000000000000000000000000000000100011100
000000000000000000000000000000000000000000000000000000000000000000000000000000000001100000000000001000000000000000000000000000000000000000101101101100
000000000000000000000000000000000000000000000000000000000000000000000000000000000001100000000000000000000000000000000000000000000000000000010010100010
000000000000000000000000000000000000000000000011100000000000000000000000000000000000000000000000000000000000000000000000000000000000000000001000101100
000000000110000000000000000000000000000000000000000001110000000001100000000000000000000000000000000000000001100000000000000000000000000000010000001100
000000001001000000000000000000000000110000000000000000000000000001100000110000000000000000000000000000000001110100000000000000000000000000001000110000
000000001001000000000000000000000000110000000000000000000000000000000000110000000000000000000000000000000000111110000000000000000000000000000001100000
000000000110000000000000000000000000000000000000000000000000000000000000000000000000000000000000000000000000010101000000000000000000000000000000000011
000000000000000000000000000000000000000000000000000000000000000000000000000000000000000000000000000000000000010001000000000000000010100000000000000011
000000000000000000000000000000000000000000000000000000000000000000000000000000000000000000000000000000000001100000110000000000000101010000000000000000
000000000000000000000000000000000000000000000000000000000000000000000000110000000000000000000000110000000010000100001000000000001000010110000000000000
000000000000000000000000000000000000000000000000000000000000000000000000110000000000000000000000110000000111001010011100000000011111010010000000000000
000000000000000000000000000000000000000000000000000000000000000000000000000000000000000000000000000000000010000100001000000000111000001010001110000000
000000000000000000000000000000000000000000000000000000000000000000000000000000000000000000000000000000000001100000110000000000000000010100000110000000
110000000000000000000000000000000000000000000000000000000000000000000000000000000000000000000000000000000000010001000000000000000010101000010110000000
110000000000000000000000000000000000000000000000000000000000000000000000000000000000000000000000000000000000001001000000000000000010000001011000000000
000000000000000000000000000000000000000000000000000000000011000000000000000000000000000000000000000000000000111010000000000000000010000001010000000000
000000000000000000000000000000000000000000000000000000000011000000000000000000000000000000000000000000000000100000000000000000000000000001000000000001
110000000001000000000000000000000000000000000000000000000000000000000000000000000000000000000000000000000001000000000000000000000000000110110000000010
110000000001000000000000000000000000000000000000000000000000000000110000000000000000100000000000000000000001100000000000000000000000000110110000000110
010000000000011000000000000000000000000000000000000000000000000001010000000000000000100000000000000000000110100000000000000000000000000100110000000110
001100000001000100000000000000000000000000000110000000000000011011000000000000000000100000000000000000001011000000000000000000000000000011000001100111
011100000011000100000000000000000000000000000101000000000000101001010000010100011000000000000000000000000101000000000000000000000000000000000001100111
111000000001000100000000000000000000000000000001100000000000100111110000010010010100000000000000000000000000101000000000000000000000000000000001100011
100000000001111001100000000000000000000000000101000000000000000111100000010100010010000000000000000000000001101100001110000000000000000000000000000000
000000000100110001100000000000000000011100000110000000010110001100000000000000010010000000000000000000000000110000001111100000000000000000000000000000
000000000000110001100000000000000000000000000000000000011100001100000000000001000010000000000000000000000000000000000001100000000000000000000110000000
000000001000001000000000000000000010110100000000000000001000011100000000000001001100000000000000000000000000000101110100010000000000000000000001000000
000001100001000000001110000000000111101000011100000000000000011110000000000000110000000000000000000000000000000001111000001000000000111000000110000000
000001101100011000000000000000001101000000000100000000000010110100000011100000000000000000000000000000000000001011000000001000000001000100000000000000
000000000000000001100000000000011001100000001000000000000001100000000010010000000000000000000000000000000000000111011000110000000000000010000000000000
000000000000000001100000000000001111000111000000000000000000000000000011010011000000000011000000000000000000000011101000000000000010000010000000000000
000000000000000001100000000000000111000111000000000000000000000000000000100011000000000011000000000000000110000100001000000010000010110010000000000000
000000000000000000000000000000000000000000000000000000000000000000000000000000000000000000000000000000000101000010110000000010001011111000000000000000
000000000000011000000000000000000000000000000000000000000000000000000000000000000000000000000000000000000010000000110000000010000000000000000000000000
000000000000011000000000000000000000000000000000000000000000000000000000000000000000000000000000000000000000000000000000000000011000000000000000000000
000000000000000000000000000000000000000000000000000000000000000000000000000000000000000000000000000000000000000000000000000000010000000000001100000000
000000010000000000000000000000000000000000000000000000000000000000000000000000000000000000000000000000000000000000000000000000000000000000010010011000
000000010000000000000000000000000000000000000000000000000000000000000001000000000000000000000000000000000000000000000000000000000000000000001100101000
000000010000000000000000000000000000000000000000000000000000000000000001000000000000000000000000000000000000000000000000000000000000110000000000100100
000000000000000000000000000000000000000000000000000000000000000000000001000000000000000000000000000000000000000000000000000000000000010100000001011000
000000000000000000000000000000000000000000000000000000000000000000000000000000000000000010000000000000000000000000000000000000000000001000000000100000
000000000000000000000000000000000000000000000000000000000000000000000000000000000000000101000000000000000000000000000000000000000000000000000001100000
000000000000000000000000000000000000000000000000000000000000000000000000000000000000000011000000000000000000000000000000000000000000000000000000000000
000000000000000000000000000000000000000110000000000000000000000000000000000000000000000000000000000001000000000000000000000000000000000000000000000000
000000000000000000000000000000000000000110000000000000000000000000000000000000000000000000000110000010100000000011110000000000000000000000000000000000
000000000000001000000000000000000000000000000000000000000000000000000000000000000000000000000110000010100000000101110000000000001000000000000000000000
000000000000001000000000000000000000000000000000000000000000000000000000000000000000000000000000000001000000000001100000000000010100000000000000000000
000000000000001000000000000000000000000000000000000000000000000000011000000000000000000000000000000000000000000000000000000000111000000000000000000000
000000000000000000000000000000000000000000000000000000000000001110100100000001000000000000000000110000000000000000000000000000100100000000000000000000
000000000000000000000000000000000000000000000000000000000000000001100100000001000000000000000001001000000000000000000000000000011100000000000000000000
000000000000000000000000000000000000000000000000001100000000001010011000000000000000000000000000110000000000000000000000001100000100000000000000000000
000000000000000000000000000000000000000000000000001100000000000100000001110000000000000000000000000000000000000000000000010010000000000000000000000000
000000000000000000000000000000000000000000000000000000000000000000000000001000000000000000000000000001000000000000000000011100000000000000000000000000
000110000000000000000000000000000000000000000000000000000000000000000010001100000000000000000000000010100000000000001110000000100000000000000000000000
001001000000000000000000000000010000000000000000000000000000000000000110001000000000000000000000000010100000000000001100000000011000000000000000000000
000110000000000000001010000000101000000001100000000000000000000000000110101000000000000000000000000001000000000000010101100000000000000000000000000000
000000000000000000000001010001100100000010010000000011000000000000000110000000000000000000000000000000000000000000100000000000000100000000000000000000
000000000000000000001000100001011000000001100000000101000000000000000110000000000000000000000000000000000000000000100000000000101100000000000000000000
000000000000000000001111101011000000000000000000000001000000000000000011000000000000000000000000000000000000000001100100000000100000000000000000000000
000011100000000000000010010010000000000000000000000000000011000000000001000000000000000011000000000000000000000011111000000000000000000000000000000000
000100100111000011001101010010000000000000000000000000000011000000000000000000000000001100010000000000000000001100000000000000000000000000000000000000
000110100111000011011011100100000000000000000000000000000000000000000000000000001010000001010000000000000000001110000000111000000000000000000000000000
001100001000110000110011010000000000001000000000000000000000000000000000000001101000010001001000000000000000001100000000000000000000000000000000000000
000000000001000000101010001000010000010100000000000000000000000000000000000010000000001010011000010000000000000011111000000000000000000000000000000000
111000000001000000011011010000101000010100000000000000000000000000000000000001011100001010000000010000000000000001100100000000100000000000000000000000
000000001000101000000010001001001000001000000000000000000000000000000000000000010000000010000000001000000000000000100000000000101100000000000000000000
000100011100010000100100000000100000000000000000000011000000000000000000000100100000000010000000000000000000000000100000000000000100000000000000000010
000100010100000001000000000110000000000000000000000011000000001100000000000100100000000011100000000000000000000000010101100000000000000000000000000010
011100000000000010000000110110000000000000000000000000000000010010000000000000100000000000001000000000000000000000001100000000011000000000000000000000
000100000000000000000000010000100000000000000000000000011000001100000000000000000000000000111100011000001100011100001110000000100000000000000000000000
000101100000001001011000000011110000000000000000000000011000000000000000000000000000000000001111011001000100000000000000011100000000000000000000000000
000001100000001001000100000011011000000000000000000000000000000000000000000000000000000000000010010001111000000000000000010010000000000000000000000000
000110111000001100000000000000011100000000000000000000000000000000000000000000000000000000000000001111011000000000000000001100000100000000000000000000
000000000100000100000010000000011000000000000000000000000000000000000000000000000000000011000001111110000000000000000000000000011100000000000000000000
000000011100000011110000000000010000000110000000000000000000000000000000011000000001100111000000011000000000000000000000000000100100000000000000000000
000000001000000000000110000000000000000110000000000000000000000000000000011000000000101110000000000000000000000000000000000000111000000000000000011010
100000000000000000000000000000000000000000000000000000000000000000000000000000000000011100000000000000000000000000000000000000010100000000000000100000
100000000000000001010000000000000000000000000000000000000000000000000000000000000000000000000011000000000000000000000000000000001000000000000000100000
010000000000001000010000000000000000000000000000000000000000000000000000000000000000000000000100000000000000000000000000000000000000000000000000100010
110000000000010110000110000000000000000000000000000000000000000000000000000000000000000000000010000000000000000000010000000000000011000000000000011000
000000000000000001110110000000000000000000000000000000000000000000000000000000000000000000000011100000000000000000101000000000000011000000000110000000
000000000000000000011100000000000000000000000000000000000000000000000000000000000000000000111010010000000000000000110000000000000000000000001010000000
000000000000000000000000000000000000000000000000000000000000000000000000000000000001100000000000000000000000000000000000000000000000000000000100000000
001100000001010000000000000000000000000000000000000000000000000000000000000000000100100000000010010000000000000000000000000000000000000000000000000000
001100000000100000000000000000000000000000000000000000000000000111000000000000011000110000000000100000000000000000000000000000000001000000000000000000
000000000000000000000000000000000000000000000000000000000000000000000000000000100000100000000001000000100000000000000000000000000001000000000000000000
000000000000000000000000000001001100000000000000000000000000010000000000000000111100100000000000000000100000000000000000000000000001000000000000000000
000000000000000000000000000001001000000000000000000000000000010000000000000000011101000000000000000001000000000000000000000000000000000000001100000000
000000000000000000000000000000101000011000000000000000000000010000000000000000000000000000000000000000111000000100000000000000000000000000001100000000
000000000000000000000000011100000000001100000000000000000000000000000011000000000000000000000000000000111000000100000000000000000000000000000000000000
000000000000000000000000100100000000011000000000000000000000000111000011000000000000000000000000000000110110000100000000000000000000000000000000000000
000000000000000000000000110100000010100000000000000000000000000000000000000000000000000000000000000000000000000000000000000000000000110000000000000000
010000000000000000000000000000000111100000000000000000000000000000000000000000000000000000000000000000101000000000000000000000000000110000000000000000
101000000000000000000000000000001111000000000000000000000000000000110000000000000000000000000000000000010000000000000000000000000000000000000000000000
101000000000000000000000000000010100000000000000000000000000000000110000000000000000000000000000000000000000000000000000000000000000000000000000000000
010000000000000000000000000101001000000000000001110000000000000000000000000000000000000000000000000000000000000000000000000000000000000000000000000000
000000000000010000000100001101000000000000000000000000000110110000000000000000000000000000000000000000000000000000000000000000000000000000000000000000
000000010000101000001100001001000000000001110000000000000110110000000000000000000000000000000000000000000000000000000000000000000000000000000000000000
000000010001001000001100011000000000000010101100000000000000000000000000000000000000000000000000000000000000000000000000000000000000000000000000000000
000000010000110000001100100000000000000010110000000000000000000000011000000000000000000000000000000000000000000000001000000000000000000000000000000000
000000000000000000000000000000000000000000000001010000000000000000100100000000000000000000000000000000000000000000010100000000000000000000000000000000
000000000000000000001001000000000000000000000000010000000000000000011000000000000000000000000000000000000000000000100100000000000000000000000000000000
000000000000000000001000100000000000000000000010000011000000000000000000000000000000000000000000000000000000000000011000000000000000001100000000000000
000000000000000000000100000000000000000100000011010011000000000000000000000000000000000000000000000000000000000000000000000000000000010100000000000000
000000000000000000000011100000000000001011111100010000000000000000000000000000000000000000000000000000000000000000000000000000000000001000000000000000
000000000000000000000000000000000000001000000011100000000000000000000000000000000000000000000000000000000000000000000000000000000000000000000000000000
000000000000000010000000000000000000000110001101000000000000000000000000000000000000000000000000000000000000000000000000000000000000000000000000000000
000000000000000101000000000000000000000010000000000000000000000000000000000010000000000000000000000000000000000000000000000000000000000000000000000000
000000000000001001000000000000000000000000111000000010000000000000000000000010000000100000000000000000000000000000000000000000000000000000000000000000
000000000000000110000000000000000000000000110000000111000000000000000000000000000001010000000000000000000000000000000000000000000000000111000000001100
000000000000000000000000000000000000000000000000001010100000000000000000000000000010010000000000000000000000000000000000000000000000000000000000001100
000000000000000000000000000000000000000000000000001000100000000000000000000000000001100000000000000000000000000000000000000000000000000000000000000000
000000000000000000000000000000000000000000000000110000011000000000000000000000000000000000000000000000000000000000000000000000000000000000000000000000
000000000000000000000000000000000000000000010001000010001000000000000000000000000000000000000000000000000000000000000000000000000000000000000000001100
000000000000000000000000000000000000000000011011100101000000000000000000000000000000000000000000000000000000000000000000000000000000000000000000001100
000000000000000000000000000000000000000000101001001110000000000010000000000000000000000000000000000000000000000000000000000000000000000000000000000000
000000000000000000000000000000000000000000000000110110001100000101000000000000000000000000000000000000000000000000000000000000000000000000000000000000
000000000000000000000000000000000000000000000000000010001000000000000000000000000000100000000000000000000000000000000000000000000000000000000000000000
000000000000000000000000000000000000000000000000001100010000001000010000000000000001010000000000000000000000000000000000000000000000000110000000000000
000000000011000001100000000000000000000000000000000000000111000000001000000000000001010000000000000000000000000000000000000000000000000110000000000000
000000000011000001100000000000000000000000000000000000010111000000000000000000000000100000000000000000000000000000000000000000000000000000000000000000
000000000000000000000000000000000000000000000000000000000100100010000100000000000000000000000000000000000000000000000000000000000000000000000000000000
000000000000000000000000000000000000000000000000000000000000000010001000001000000000000000000000000000000000010000000000000000000000000000000000000000
000000000000000000000000000000000000000000000000000000000010000010001000010100000000000000000000000000000000101000000000000000000000000000000000000000
000000000000000000000000000000000000000000000000000000000000000000010000000010000000000000000000000000000001001000000000000000000000000000001100000000
000000000000000000000000000000000000000000000000000000001100010000000001100100000000000000000000000000000000110000000000011000000000000000010010000000
000000100000000000000000000000000000000000000000000000001101100001100110000000000000000000000000000000000000000000000000011000000000000000010100000000
000001111000000000000000000000000000000000000000000000001101000000101111000000000000000000000000000000000000000000000000000000000000000000001000000000
000010011000000000000000000000000000000000000000000000001101100000000100000000000000000000000000000000000000000000000000000000000000000000000000000000
000010000100000000000000000000000000000000000000000000000101000011000000000000000000000000000000000000000000000000000000000000000000000000000000000000
000001010110000000000000000000000000000000000000000000000010000100000011000000000000000000000000000000000000000000000000000000000000000000000000000000
000001000100000000000000000000000000001100000000011000000000000100000010111000000000000000000000000000000000000000000000000000000000000000000000000000
000000011000000000001100000000000000001100000000011000000000000100100010101000000000000000000000000000000000000000000000000000000000000000000000000000
000000000000000000001100000000000000000000000000000000011000000011110000001000000000000000000000000000000000000000000000000000011000000011000000000000
000110000000000000000000000000000000000000000000000000100100000000000110001000000000000000000000000000000000000000000000000000100100000100100000000100
001001000000000000000000000000000000000000000000000000011000000000000100001000001000000000000000000000000000000000000000000000011000000011000000001010
000110000000000000000000000000000000000000000000000000000000000000000010100000000100000000000000000000000000000000000000000000000000000000000000001010
000000000000000000000000000000000000000000000000000000000000000000000110000000100000000000000000000000000000000000000000000000000000100000000000000100
000000000000000000000000000000000000000000000000000000000000000000000000000000100000000000000000110000000000000000000000000000000001010000000000000000
000000000000000000000000000000000000000000000000000000000000000000000000000001101000000000000000110000000000000000000000000000000001010000000000000000
000000000000000000000000000000000000000000000000000000000000000000000000000001101010000000000000000000000000000000000000000000000000100000000000000000
000000000000000000001100011000000000000000000000000000000000000000000000000000011011000000000000000000000000000000000000000000000000000000000000000000
000000000000000000010010011000000000000000000000000000000000000000000000000011100110000000000000000000000000000000000000000000000000000000000000000000
000000000000000000010100000000000000000000000000100000000000000000000000000010100100000000000000000000000000000000000000000000000000000000000000000000
000000000000000000001000000000000000000000000001010000000000000000000000000010011000000000000000000000000000000000000000000000000000000000000000000000
000000000000000000000000000000000000000000000001010000000000000000000000000001110000000000000000000000000000000000000000000000000000000000000000000000
000000000000000000000000000000000000000000000000100000000000000000000000000000100000000000000000000000000000000000000000000000000000000000000001000000
