000000000000000000000000000000000000000000011010000000000000000000000000000000000000000000000000000000000000000000000000000000000000000000010000000000
000000000000000000000000000000000000000000000000000000000000000000000000000000000000000000000000000000000000000000000000000000000000011100000000000000
000000000000000000000000000000000000000000000100000000000000000000000000000000000000000000000000011100000000000000000000000000000000000000000000000000
000000000000000000000000000000000000000000011000001000000000000000000000000000000000000000000000000000000000000000000011000000000000000000000000000000
000000000000000000000000000000000000000000000000001000000000000000000000000000000000000000000000000000000000000000000100100000111000000000000000000000
000000000000000000000000000000000000000000000000001000000000000000000000000000000000000000000000000000000000000000000010100000000000000000000000000000
000000000110000000000000000000000000000000000000000000000000000001100000000000000000000000000000000000000000000000000001000000000000000000000000000000
000000001001000000000000000000110000000000000011100011100000000001100000000000000000000000000000000000000000000000000000000000000000000000000000000000
000000001001000000000000000000110000000000000000000000000000000000000000000000000000000000000000000000000000000000000000000000000000000000000000000000
000000000110000000000000000000000000110000000000001000000000000000000000000000000000000000000000000000000000000000000000000000000000000000000000000000
000000000000000000000000000000000000110000000000001000000000000000000000000000000000000000000000000000000000000000000000000000000000000000000000000000
000000000000000000010000000000000000000000000000001000000000000000000000000000000000000000000000000000000000000000000000000000000000000000000000000000
000000000000000001100000000000000000000000000000000000000000000000000000000000000000000000000000000000000000000000000000000001110000000000000000000000
000000000000000000110000000000000000000000000000000000000000000000000000000000000000000000000001000000000000000000000000000000000000000000000000000000
000000000000000000000000000000000000000000000000000000000000000000000000000000000000000000000010100000000000000001100000000000000000000000000000000000
000000000110000000000000000000000000000000000000000000000000000000000000000000000000000000000010100000000000000001100000000000000000000000000000000000
000000000110000000000000000000000000000000000000000000000000000000000000000000000000000000000001000000000000000000000000000000000000000000000000000000
000000000000000000000000000000000000000100000000000000000000000000000000000000000000000000000000000000000000000000000000000000000000000000000000000000
000000000000000000000000000000000000001010000000000000000000000000000000000000000000000000110000000000000000000000000000000010000000000000000000000000
000000000000000000000000000000000000010001000000000000000000000000001000000000000000000001001000000000000000000000000000000010000000000000000000000000
000000000010000000000000000000000000010001000000000000000000000000010100000000000000000000110000000000000000000110000000000010000000000000000000000000
000000000101000011000000000000000000010001000000000000000000000000001000000000000000000000000000000000000000000110000000000000000000000000000000000000
000000000101000011000000000000000000001010000000000000000000000000000000000000000000000000000001000000000000000000000000000000000000000000000000000000
000000000010000000000000000000000000000100000000000000000000000000000000000001000000000000000010100000000000000000000000000000000001100000000000000000
000000000000000000000000000000000000000000000000000000000000000000000000000010100000000000000010100000000000000001000000000000000001100000000000000000
000000000000000000000000000000000000000000000000000000000000000000000000000010010000000000000001000000000000000001000000000000000000000000000000000000
000000000000000000000000000000000000000000000000000000000000000000000000000001100000000000000000000000000000000001000000000000000000001110000000000000
000000000000000000000000000000000000000000000000000000000000000000000000000000000000000000000000000000000000000000000000000111000000000000000000000000
000000000000000000000000000000000000000000000000000000000000000011000000000000000000000000000000000000000000000000000000001000100001100000000000000000
000000000000000000000000000000000000000000000000000000000000000011000000000000000000000000000000000000000000000000000000010000010010010000000000000000
000000000000000000000000000000000000000000000000000000000000000000000000000000000000000000000000000000000000000000000000100010001001010000000000000000
000000110000000000000000000000000010000000000000000000000000000000000000000000000000000000000000000000000000000000000000100101001000100000000000000000
000000110000000000000000000000000010000000000000001110000000000000000000000000000000000000000000000000000000000000110000100010001000000000000000000000
000000000000000000000000000000000010000000000000000000000000000000000000000000000000000011000000000000000011000001001000010000010000000000000000000000
000000000000000000000000000000000000000000000000000000011000000000000000000000000000000011000000000000000101000000101000001000100000000000000000000011
000000000000000000000000000000000000000000000000000000100100000000000000000000000000000000000000000000000010000000010000000111000000000000000000000011
000000000000000000000000000000000000011000000000000000011000000000000000000000000000000000000000000000000000000000000000000000000010000000000000000000
000000000000100000000000000000000000011000000000000000000000000000000000000000000000000000000000000000000000000000000000000000000101000000000000000000
000000000001010000000000000000000000000000000000000000000000000000000000000000000000000000000000000000000000000000000000000000000110000000000000000000
000000000001010000000000000000000000000000000000000000000000000000000000000000011100000000000000000000000000000000000000000000000000000000000000000000
000000000000100000000000000000000000000000000000000000000000000000000000000000001110000000000000000000000000000000000000000000000000000000000000000000
000000000000000000000000000000000000000000000000000000000000000000000000000000000000000000000000000000000000000000001110000000000000000000000000000000
000000000000000000000000000000000000000000000000000110000000000000000000000000000000000000000000000000000000000000010001000000000000000000000000000000
000000000000000000000000000000000000000000000000001001000000000000000000000000000000000010000000000000000000000000010001000000000000000000000000000000
000000000000000000000000000000000000000000000000001010000000000000000000000000000000000101000000000000000000000001100000110000000000000000000000000000
000000000000000100000001100000000000000000000000000100000000000000000000000000000000000011000000000000000000000010000100001000000000000000000000000000
110000000000001110000010010000000000000000000000000000000000000000000000000000000000000000000000000001000000000010001010001000000000000000000000000111
000000000000011111000001100000000000000001100000000000000000000000000000000000000000000000000110000010100000000010000100001000001100000000000000001010
001011000000100000100000000000000000000001100000000000000000000000000000000011100000000000000110000010100000000001100000110000001100000000000000000100
001011000001100000110000000000000000000000000000000000000000000000000000000000000000000000000000000001000000000000010001000000000000000000000000000011
000110000011000000011000000000000000000000000000000000000000000000000000000000000000000000000000000000000000000000010001000000000000000000000000000000
000000000001010001010000000000000000000000000000000000000000000000000000000000000000000000000000110000000000000000001110000000000000000000000000000000
000000000000110001100000000000000000000000000000000000000000000001100000000000000000000000000001001000000000000000000000000000000000000000000000000000
000000000000000000000001100000000000000000000000000000000000000001100110000000000000000000000000110000000000000000000000000000000000000000000000000000
000000000000000000000010110000100000000000000000000000000000011000000110000000000000000000000000000000000000000000000000000000000000000000000000000000
000000000000000000000011100000100000000000000000000000000000011000000000000000000000000000000000000000000000000000000000000000000000000000000000000000
000000000000000000000000000001010000000000000000000000000000000000000000000000000000000000000000000000000000000000000000000000000000000000000000000000
000000000000000000000000000000100000000000000000000000000000000000000000000001100000000000000000000000000000000000000000000000000000000000000000001001
000000000000001100000000000000100000000000000000000000000000000000000000000010010000000000000000000000000100000000000000000000000000000000000000001001
000000000000001110000000000000000000000000000000000000000000000000000000000001010000000000000000000000001010000000000000000000000000000000000000001100
000000000000000000000000000000000000000000000000000000000000000000000000000000100000000000000000000010100010000000000000000000000000000000000000000000
000000000000110000000000000000000000000000000000000000000000011000000000000000000000000000000000000100001100000000000000000000000000000000000000000000
000000000000000000000000000000000000000000000000000000000000011000000000000000000000000000000000000010000100001000000100000000000000000000000000000000
000000000000000000000000000000000000000010000000000000000000000000000000000000000000000000000000000000001000011100001010000000000000000000000000001000
000000000000000000000000000000000000000111101000000000000000000000000000000000000000000000000000000000101000001000000100000000000000000000000000100100
000000000000000000000000000000000000011000001000000000000000000000000000000000000000000000000000000000000000111000000000000000000000000000000011100010
000000000000000000000000000000000000100110000100000000000000000000000000110000000000000100000000000000000000001000000000000000000000000000000011000011
000000000000000000000000011000000000100000001000000000000000000000000000110000000000001010000000000000000000001000000011000000000000000000000111101001
000000000000000000000000000100000000011110010000000000011000000000000000000000000000000100000000000000000001000000001000000000000000000000001100000011
000000000000000000000001000000000000000100000000000000100100000000000000000000000000000000000000000000000000110110000001000000000000000000000110011100
000000000000000000000010011000000000001100000000000001101000000000000000000000000000000000000000000000000000001001000000000000001110000000000011110000
000000000000000000000111111000000000000100100000000001101000000000000000000000000000000000000000000011000000000111010000000000000000000000000100000000
000000000000000000000010011000000111000010110000000001100001100000000000000000000000000000000000000111010000000000010001000000000000000000000110000000
000000000000000000000001000000000000000001100000000001100001001000000000000000000000000000000000001000001100000010000111000000000000000000000110000000
000000000000000000000000000100000000000000000000000001100001000000000000000000000000000000000000000110010100000101001100000000000000000000000101000100
000000000000000000000000010100000000000000000000000001111010010000000000000000000000000000000000000011000100000100011000000000000000000000000010001110
000000000000000000000000000000000000000000000010000001000000011000000000000000000000000000000000000000101000000100011000000000000000000000000010001110
000000000000000000000000000000001110000000000111000000110000011000000000000011000000000000000000000000010000000000000000000000000000000000000000000000
000000000000000000000000000000000010000000000100100000011100111000000000000010110000000000000000000000000000000000011000000000000000000000000000000000
000000000000000000000000000000001010000000001111100000000000010000000000000100000000000000000000000000000000000000100100000000000000000000000000000000
000000000000000000000000000000000110000000000001000000000000001110000000000001110000000000000000000000000000000001000000110000000000000000000000000000
000000000000000000000000000000000011000000000101100001000001111110000000000010000000000000000000000000000000000000100010000000000000000000000010000000
000000000000000000000000000000000011000000000000100010000111100101000000000100111000000000000000000000000000000000011000011110000000000001110100000000
000000000000001000000000000000000000000000000011000010110100011000000000000000111000000000000000000000000000000000000011000001000000000001000000000000
000000000000010100000000000000000000000001110000000001110001111000100001100111000000000000000000000000000000000000000100000010000000000000111011000000
000000000000100100000000000000000000000010010000000001110001001000110011000011000000000000000000000000000000000000000010000010000000000000011011000000
000000000000011000000000000000000000000010001100000000000000000110110011000001110111000000000000000000000000000000001001000000000000000000000000000000
000000000000000000000000000000000000000011000100000000000000000000000000000000000100000000000000000000000000000000001000100000000000000000000000001100
000000000000000000000000000000000000000000100100000000000000000000000001110000010000000000000000000000000000000000110000000000000000000000000000000010
000000000000000011000000000000000000000000111000000000000000000000000001100000010000000000000000000000000000000000100000000000000000000000100000000000
000000000000000100100000000000000000000000000000000000000000000000000000100100000000000000000000000000000000000000011000000000000000000000100000001101
100000000000000011000000000000000000000000000000000000000000000001100000111001100000000000000000000000000000000000000000000000000000000001110000000001
000000000000000000000110001000001000000000000000000000000000000001100000000000000000000000000000000000000000000000000000000000000000000010000000001101
000000000000000000000110001000001000000000000000000000000000000000000000000000000000001000000000000001100000000000000000000000000000000011000000000110
000000000111000000000000001000001000000000000000000010000000000000000000000000000000010100000000000001100000000000000000000000000000001101000001000100
000000000000000000000000000000000000000000000000000101000000000000000000000000000000010100000000000000000000000000000000000000000000000110000010000110
000000000000000000000000000011100000000000000000000101000000000000000000000000000000001000000000000000000000000000000000000000000001101001000011000111
100000000000000000000000000000000000000000000000000010000000000000000101000000000000000000000000000000000000000000000000000000000000000001011001111000
000000000000000000000000000000000000000000000000000000000000000000001101000000000000000000000000000000000000000000000000000000000000001000011101111111
000000000000000000000000000000000000001100000000000000000000000000001100100000000000000000000000000000000000000000000000000000000000000011011001001110
000000000010000000000000000000000000001100000000000000000000000000010101100001011000000000000000000000000000000000000000000000000000000010110000000000
000000000101000000000000000000000000000000000000000000000000000001101100110011011000000000000000000000000000000000000000000000000000000001100000000000
000000000100100000000110000000000000000000000000000000000000000010010010100001000000000000000000000000000000000000001000000000000000000000000000000000
000000000011000000000110000110000000000000000000000000000000000011001000000000000000000000000000000000000000000000010100000000000000000000000000000000
000000000000000000000000000110000000000000000000000000000000000000111000110000000000000000000000000000000000000000100100000000000000000000000000000000
000000000000000000000000000000000000000000000000000000000000000000000000000000010000000000000000000000000000000000011000000000000000001100000000000000
000000000000000000000000000000000000000000000000000000000000000000000000000000101000000000000000000000000000000000000000000000000000010100000000000000
000000000000000000000000000000000000000000000000000000000000000000000000000001110000000000000000000000000000000000000000000000000000001000000000000000
000000000000000000000000000000000000000000000000000000000000000000000000000010010000000000000000000000000000000000000000000000000000000000000000000000
000000000100000000000000000000000000000000000000000000000000000000000011110010000000000000000000000000000000000000000000000000000000000000000000000000
000000001010000000000000000000000000000000000000000000001110000000000100110000000000000000000000000000000000000000000000000000000000000000000000000000
000000001010000000000000000000000000001100000000000000010010000000001000101000010000000000011000000000000000000000000000000000000000000010000000000000
000000000100000000000000001100000000001100000000000000010010000000000111001100010000000000100100000000000000000000000000000000000000000010000000000000
000000000000000000000000001100000000000000000000000000000110000000000110111100000000000000011000000000000000000000000000000000000000000010000000000000
000000000000000000000000000000000000000000000000000000001100000000001100100011100000000000000000000000000000000000000000000000000000000000000000000000
000000000000000000000000000000000001000000000000000000000100110000011000010000000000000000000000000000000000000000000000000000000000000000000000000000
000000000000000000000000000000000001000000000000000000001110110000011000100000011100000000000000000000000000000000000000000000000000000000000000001100
000000000011100000000000000000000001000000000000000000001000000000001000100000000100000000000000000000000000000000000000000000000000000000000000001100
000000000000000000000000000000000000000000000000000000000000111000001001000000011100000000000000000000000000000000000000000000000000000000000000000000
000000000000000000000000000000011000011100000000000000000011001000000110000000000000000000000000000000000000000000000000000000000000000000000000000000
000000000000000110000000000000011000000000000000000000000100011000000111000000000000000000000000000000000000000000000000000000000000000000000000000000
000000000000001001000000000000000001000000000000000000000100100000000000000000000000000000000000000000000000000000000000000000000000000110000000000000
000000000000000110000000000000000001000000110000000000000011100000000000000000000000000000000000000000000000000000000000000000000000000110000000000000
000000000000000000000001100110000001000000110000000000000000000000000000000000000000000000000000000000000000000000000000000000000000000000000000000000
000000000000000000000001100110011000000000000000000000000000000000000000000000000000000000000000000000000000000000000000000000000000000000000000000000
000000000011000000000000000000011000001100000000000000000000000000000000000000000000000000000000000000000000010000000000000000000000000000000000000000
000000000101000000000000000000000000010010000000000000000000000001000000000001100000000000000000000000000000101000000000000000000000000000000000000000
000110000010000000000000000000000000001100000000000000000000000001000011000001100000000000000000000000000001001000000000000000000000000000001100000000
000110000000000000000000000000000000000000000000000000000000000001000100100000000000000000000000000000000000110000000000011000000000000000010010000000
000000000000000000000000000000000000000000000000000000000000000000000011000000000000000000000000000000000000000000000000011000000000000000010100000000
000000000000000000000000000000000000000000000000000000000000000000000000000000000000000000000000000000000000000000000000000000000000000000001000000000
000000000000000000000000000000000000000000000000000000000000000000000000000000000000000000000000000000000000000000000000000000000000000000000000000000
000000000000000000000000001100000000000000000000000000000000000000000000000000000000000000000000000000000000000000000000000000000000000000000000000000
000000000000000000000010001100000000000000000000000000000000001000000000000000000000000000000000000000000000000000000000000000000000000000000000000000
000000000000000000000010000000000000000000000000000000000000010100000000000000000000000000000000000000000000000000000000000000000000000000000000000000
000000000000000000000010000000000000000000000000000000000000010100000000000000000000000000000000000000000000000000000000000000000000000000000000000000
000000000000000000000000000000000000000000000000000000000000001000000000000000000000000000000000000000000000000000000000000000011000000011000000000000
000000000000000000111000111000000000000000000000000000000000000000000000000000000000000000000000000000000000000000000000000000100100000100100000000000
000000000000000000000000000000000000000000000000000000000000000000000000000000000000000000000000000000000000000000000000000000011000000011000000000000
000000000000000000000000000000000000000000000000000000000000000000000000000000000000000000000000000000000000000000000000000000000000000000000000000000
000000000000000000000000000000000000000000000000000000000000000000000000000000000000000000000000000000000000000000000000000000000000100000000000000000
000000000000001000000000000000000000000000000000000000000000000000000000000000000000000000000000110000000000000000000000000000000001010000000000000000
000000000000001000000000000000000000000000000000000000000000000000000000000000000000000000000000110000000000000000000000000000000001010000000000000000
000000000000001000000000000000000000000000110000000000000000000000000000000000000000000000000000000000000000000000000000000000000000100000000000000000
000000000001000001000000000000000000000001001100000000000000000000000000000000000000000000000000000000000000000000000000000000000000000000000000000000
000000000010100010100000000000000000000001101000000000000000000000000000000000000000000000000000000000000000000000000000000000000000000000000000000000
000000000010100010100000000000000000000000011011000000000000000000000000000000001100000000000000000000000000000000000000000000000000000000000000000000
000000000001000001000000000000000000000000000111000000000000000000000000000000001100000000000000000000000000000000000000000000000000000000010000000000
000000000000000000000000000000000000000000000001000000000000000000000000000000000000000000000000000000000000000000000000000000000000000000101000000000
000000000000000000000000111000000000000000010011000000000000000000000000000000000000000000000000000000000000000000000000000000000000000000101000000000
