000000000000000000000000000000000110000000000000000000000000000000000000000000000000000000000000000000000000000000000000000000000000000000000000000000
000000000000000000000000000000000000000000000000000000000000000000000000110000000000000000000000000000000000000000000000000000000000000000000000000000
000000000000001000000000000000000000000000000000000000000000000000000000110000000110000000000000011100000000000000000000000000000000000000000000000000
000000000000010100000000000000000000000000000000000000000000000000000000000000001000000000000000000000000000000000000000000000000000000000000000000000
000000000000100100000000000000000000000000000001000000000000000000000000000000000001000000000000000000000000000000000000000000000000000000000000000000
000000000100011000000000000000000000000000000001000000100000000000000000000000000110000000000000000000000000000000000000000000000000000000000000000000
000000000010000000000000000000000000000000000001000000100000000001100000000000000000000000000000000000000001100000000000000000000000000000000000000000
000000001110000000000000000000000000110000000000000000100000000001100000110000000000000000000000000000000001100000000000000000000000000000000000000000
000000000000000000000000000000000000110000000000000000000000000000000000110000000000000000000000000000000000000000000000000000000000000000000000000000
000000000000000000000000000000000000000000000000000000000000000000000000000000000000000000000000000000000000000000000000000000000000000000000000001000
000000000000001000000000011000000000000000000000000000000000000000000000000000000000000000000000000000000000000000000000000000000000000000000000001110
000000000000001000000000010100000000000000000000000000000000000000000000000000000000000000000000000000000000000000000000000000000000000000000000100110
000000000000001000000000001000000000000000000000000000000000000000000000110000000000000000000000110000000000000000000000000000000000000000000000110110
000000000000000000000000000000000000000000000000000000000000000000000000110000000000000000000000110000000000000000000000000000000110100000001000100100
000000000000000000000000000000000000000000000000000000000000000000000000000000000000000000000000000000000000000000000000000000001010010000100100000010
000000000000000000000000000000000000000000000000000000000000000000000000000000000000000000000000000000000000000000000000000000001000100000111000010100
000000000000000000000000000000000000000000000000000000000000000000000000000000000000000000000000000000000000000000000000000000001101000000010000001000
000000000000000000000000000000000000000000000000000000000000000000000001000000000000000000000000000000000000000000000000000000000000000000000000000000
011100000000000000000000000000000000000000000000000000000011000000000010100000000000000000000000000000000000000000000000000000000000000000000000011100
000111000001100000000000000000000000000000000000000000000011000000000001000000000000000000000000000000000000000000000000000000000000000000000000011100
001101100010010000000000000000000000000000000000000000000000000000000000000000000000000000000000000000000000000000000000000000000000000000000000011011
001101000001100000000000000000000000000000000000000000000000000000000000000000000000000000001100000000000000000000000000000000000000000000000000000111
000110000000000000000000000000000000000000001100000000000000000000000000000000000000000000010010000000000000000000000000000000000000000000000000011110
000011000000000000000000000000000000000000001100000000000000000000000000000000000000011000001010000000000000000000000000000000000000000000000000001000
000001100000000000000000000000000000000000000000000000000000000000000000000000000000100100000100000000000000000000000000000000000000000000000000000000
000010010000000000000000000000000000000000000000000000000000000000000000000000000000011000000000000000000000000000000000000000011000000000010000000000
001100001000000000000000000000000000000000000000000000000000000000000000000000000000000000000000000001100000000000000000000000100100000000111000000000
001101000110000000000000000000000000000000000000000000000000000000000000000000000000000000000000000010010000000000110000000000000000000011000001000000
000000000010000000000000000000000000000000000000000000000000000000000000000000000000000000000000000001100000000000110000000000110100000000011101000000
000100000110000000000000000000000000000000011000000000000000000000000000000000000000000000000000000000000000000000000000000000000000000000010000000000
000100000000000000000000000000011000000000011000000000000000000000000000000000000000000000000000000000000000000000000000000000000000000011111010000000
000001000010000000000000000000011000000000000000000000000000000000000000000000000000000000000000000000000000000000000000000000000000000000011000000000
000001100000000000000000000000000000000000000000000000000000000000000000000000000000000000000000000000000000000000000000000000000000000000000000000000
000000001010000000000000000000000000000000000000000000000000000000000000010000000000000000000000000000000000000000000000000000000000000000000000000000
000000000000000000000000000000000000000000000000000000000000000000000000101000000000000000000000000000000000000000000000000000000000000110000000000000
000000000110000000000000000000000000000000000000000000000000000000000000100100000000000000000000000000000000000000000011000000000000000011000000000000
000000000110000000000000000000000000000000000011000000000000001100000000011000000000000010000000000000000000000000000111011000000000110110000000110000
000000000000000000000000000000000000000000000100100000000000001100000000000000000000000101000000000000000000000000000100010100000000101110000001001000
000000000000000000000000000000000000000000000011000000000000000000000000000000000000000101000000000000000000000000000000000011000000011010000000110000
000000000000000000000000000000000000000000000000000000000000000000000000000000000000000010000000000000000000000000000001100100000000001110000000000000
000000000000000000000000000000000000000000000000001100000000000000000000000000000110000000000000000000000000000000000000000000000000000000000000000000
000000000000000000000000000000000000000000000000010010000000000000000000000010000110000000000010000001110000000010000011000000000000000000000000000000
000000000000000000000000000000000000000000000000001100000000000000000000000010000000000000000101000001001000000010000111010000000000011000000000000000
000000000000000000000000000000000000000000000000000000000000110000000000000010000000000000000011000001011000000010000010000010000000100100000000000000
100000000000000000000000000000000000000000000000000000000000100000000000000000000000000000000000000000000000000000000001000010000000011000000000000001
010000000000000000000000000000000000000000000000000000000000010000000000000000111000000000000000000000000000000000000000000010000000000000000000000001
110000000000000000000000000000000000000110000000000000000000000000000000000000000000000000000000000000000001100000000000010100000000000000000000000000
000000000000000000000000000000000000000110000000000000001000011000000000000010000000000000000110000110000000110000000000011100000000001100000000000000
000000000000000000000000000110000000000000000000000000010000000000000000000010000000000000000110001000000011100000000000000000000000010010000000000000
000000000000000000000000001000000000110000000000000000011100000100000000000010000000000000000000000110000101000000000000000000000000001100000000000000
000000000011000000000000010000111100001000000000000000000111001010000000000000000000000000000000000000000011111000010001110000000000000000000000000000
000000000011000000000000010000111101110000000000000000000010100000011000000000000000000000000000000000000000111100101000000000000000000000000000000000
000000000000000000000000011000100000100010000000000000000000000010011000000000000000000000000000000010001010000101101100000000000000000000000000000000
000000000000000000000000111010001010000010000000001100000001101100000000000000000000000000000000000000010010011100001100000000000000000000000000000000
000000000000000000000000001100101110000010000000001100000000010000000000000000000000010000000000000010010011001000001111000000000000000000000000000000
000000000000000000000001000111001100000000000000000000000000000000000000000110000000101000000000000000000000110000000110100000000000000000000000000000
000110000000001000000000101100000000000000000000000000000000000000011000000110000000100100000000000000000000000000011000100000000000000000000000000000
001001000000010100000000001000000100000000000000000000000000000000010110000000000000011000000000000000000000000000001010000000000000000000000000000000
000110000000100010000000000000000111000000000000000000000000010000001101000000000000000000000000000000000000000001001000010000000000000000000000000000
000000000001100011000000000000000111100000000000000000000000100000001100000100000000000011000000000000000000000101000111010000000000000000000000000000
000000000111100111000110000000000000011000000000000000000001100000001011000100000000000011000000000000000000000101000000100000000000000000000000000000
000000000100011100011010000000001000101000000000000000000001000001100011100010000000000000000000000000000000000000000000000000000000000000000000000000
000000000110110011000100000000000011001000000000000000000011100100100000110100100000000000000000000000000000000000000000000000000000100000000000000000
000000000001110001000100000000011000000000000000000000000010000000100001000001100000000000000000000000000000000000000000000000000001010000000000000000
000000000000000000111000000000100000000000000000000001000001001000010001011111000000000000000000000000000000000000000000000000000001010000000000000000
000000000000000000000000000011010001000000000000000001000000001100001010000000000000000000000000000000000000000000000000000000000000100000000000000000
000000000000000000000000000011000001000000000000000001000000101011000100000000000000000000000000000000000000000000000000000000000000000000000000000000
000000000000000000000000000000000001000000000000000000000000100001000000000000000000000000000000000000000000000000000000000000000000000000000000000000
000000000000001110000000000000010100000000000000011100011100001001000000000000000000000000000000000000000000000000000000000000000000000000000000000000
000000000000000000011000000000011100000000000000000000000000001110000000000000000000000000000000000000000000000000000000000000000000000000000000000000
000000000000000000100000000000000000000000000000000000000000000000000000000000000000000000000000000000000000000000000000000000000000000000000000000000
000000000000000001101000000000000000000000000000000000000000000000000000000000000000000000000000000000000000001000000000000000000000000000000000000000
000000000000000010000000000000000000000000000000000000000000000000000000000000000000001100000000000000000000001000000000000000000000000000000000000000
000000000000000000000000000000000000000000000000000000000000000000000000000000000000010010000000000000000000001000000000000000000000000000000000000000
000001110000000100000000111000100000110000000000000000000000000000000000000000000000011100000000000000000000000000000000110000000000000000000000000000
000000000000000010000100000101100000110000000000000000000000000000000000000000000000000000000000000000000000000000000000100100000000000000000000000000
000100000100000000000000000000100000000000000000000000000000000000000000000000000000100100000000000000011000000001000000100100000000000000000000001100
000100000100000001100000000000000000000000000000000000000000000000000000000000000001000100000000000000011000000010010110110100000000000000000000001100
000100000100001100001000000000000000000000000000000000000000000000000000000000000001000010000000000000000000000001100010000000000000000000000000000000
000000000000010010000010001010000000000000000000000000000000000000000000000000000001000010000000000000000000000001101110000000000000000000000000000000
000001110000100100000000000100000000000000000000000000000000000000000000000000000001101000000000000000000000000000011000000000000000000000000000000000
000000000000011000000000000000000000000000000000000000000000000000000000000000000000000000000000000000000000000000000000000000000000000000000000000000
000000000000000000000000000000000000000000000000000000000000000000000000000000000000000000000000000000000000000000000000000000000011000000000000000000
000000000000000000000000000000000000000000000000000000000000000000000000000000000000000000000000000000000000000000000000000000000011000000000110000000
000000000000000000000000000000000000000000000000000000000000000000000011100000000000000000000000000000000000000000000000000000000000000000001010000000
000000110000000000000000000000000000000000000000000000000000000000000000000000000000000000000000000000000000000000000000000000000000000000000100000000
000000110000000000000000000000000000000000000000000000000000000010000000000000000000000000000000000000000000000000000000000000000000000000000000000000
000000000011000000000000000000000000000000000000000000000000000010000000000000000000000000000000000000000000000000000000000000000000000000000000000000
000000000100100000000000000000000000000000000000000000000000000010000000000000000000000000000000000000000000000000000000000000000011100000000000000000
000000000010100000000000000000000000000000000000000000000000000000000000000000000000000000000000000000000000000000000000000000000000000000000000000000
000000000001000000000000000000000000000000000000000000000000111000000000000000000000000000000000000000000000000000000000000000000000000000001100000000
000000000000000000000000000000000000000011000000000000000000000000000000000000000100000000000000110000000000000000000000000000000000000000001100000000
000000000000000000000000000001100000000011000000000000000000000010000001000000001000111000000000101000000000000000000000000000000000000000000000000000
000000000000000000000000000001100000000000000000000000000000000010000010100000000000001000000000111000000000000000000000000000000000000000000000000000
000000000000000000000000000000000001110000000000000000000000000010000110100000000000000000000000001000000000000000000000000000000000110000000000000000
010000000000000000000000000000000001000000000000000000000000000000001011011000000000010000000000000000000000000000000000000000000000110000000000000000
101000000000000000000000000000000000100000000000000000000000000000011100100100001000000000000000000000010000000000000000000000000000000000000000000000
101000000000000000000000000000000000000000000000000000000000000000100100111000011001000000000000000000001000000000000000000000000000000000000000000000
010000000000000000000000000011000000000000000000000000000000000000011011010000010001000000000000000001001100000000000000000000000000000000000000000000
000000000000000000000000000011000000000000000000000000000110110000000101100001101000100000000000000100011000000000000000000000000000000000000000000000
000000000000000000000000000000000000000000000000000000000110110000000101000001111000100000000000000000010000000000000000000000000000000000000000000000
000000111000000000000000010001000000000000000000000000000000000000000010000001100111000000000000000011000000000000000000000000000000000000000000000000
000000000000000000000000010001000000000000000000000000000000000000000000000001000000000000000000000000000000000000001000000000000000000000000000000000
000000000000000000000000110001000000000000000000000000000000000000000000000111000000001000001110000000000000000000010100000000000000000000000000000111
000000000000000000000000110110000000000000000000000000000000000000000000001110100000011000011001000000000000000000100100000000000000000000000000000000
000000000000000000000000011100000000000000000000000000000000000000000000010001000000001000110100100000000000000000011000000000000000000000000000000000
000000000000000000000000000000000000000000000000000000000000000000000000001100000000011000011001000000000000000000000000000000000000000000000000000000
000000000000000000000000000000000000000000000000000000000000000000000000000100000000111000001110000000000000000000000000000000000000000000000000000000
000000000000000000000000011000000000000000000000000000000000000000000000000000000000110111000000000000000000000000000000000000000000000111000000000000
000000000000000000000000011000000000000000000000000000000000000000000000000000001000101111101000000000000000000000000000000000000000000000000000100000
000000000000000000000000000000000000000000000000001100000000000000000000000000011100001000000110000000000000000000000000000000000000000000000011010000
000000000000000000000000000000000000000000000011101100000000000000000000000000100000000110000000000000000000000000000000000000000000000000000100001000
000000000000000000000000000000000000000000000001100100000010000000000000000001111110000001000101000000000000000000000000000000000000000000001110011000
000000000000000000000000000000000000000000000011100110000111000000000000000001111110000000010000100000000000000000000000000000000000000000000000010000
000000000000000000000000000000000000000000000010100110001101100000000000000000000010000000000000100000000000000000000000000000000000000000000000110110
000000000000000000000000000000000000000000000110100000011101110000000000010001000100000000000000000000000000000000000000000000000000000000000000010110
000000000000000000000000000000000000000000000000000000001101100000000001100110000100000000000000000000000000000000000000000000000000000000000000001100
000000000000000000000000000000000000000000001000100000000111000000000000010111100000000000000000000000000000000000000000000000000000000000000000000000
100000000010000110000000001100000000000000000000100000000010000000000000000000000000000000000000000000000000000000000000000000000000000000000000000000
100000000111000110000000101000000000000000001001000000000000000000000000000000000000000000000000000000000000000000000000000000000000000000000000000000
000000001101100000000001001000000000000000000100000000000000000000000000000000000000000000000000000000000000000000000000000000000000000000000000000000
000000011101110000000000000000000000000000000000000000000000000000000000000000000000000000000000000000000000000000000000000000000000000110000000000000
000000001101100000000001100010000000000000000000000001000000000000000000000000000000000000000000000000000000000000000000000000000000000110000000000000
000000000111000000000000000001000001000000000000000010100000000000000000000000000000000000000000000000000000000000000000000000000000000000000000000000
000000000010000000001100010010000010100000000000000010100000000000000000000000000000000000000000000000000000000000000000000000000000000000000011000010
000000000000000000001000110110000010100000000000000001000000000000000000000000000000000000000000000000000000000000000000000000000000000000000101000101
100000000000000000000000010100000001000000000000000000000000000000000000000000000000000000000000000000000000000000000011000000000000000000000111111000
000000000000000000000000001000000000000000000000101000000000000000000000000000000100000000000000000000000000000000001111000000000010100000000000011001
000000000000000000000000000000000000000000000000000100000000000000000000000000000100000000000000000000000000011000010000100000000000100000000000010000
000000000000000000000000000000000000000000000001000010000000000000000000000000000100000000000000000000000000011000110011011000000011100000000000001110
000000000000000000110000000000000000000000000000100010000000000000000000000000000000000000000000000000000000000000011101001000000000100000000011101111
100000000000000000110000000000000000000000000000001100000000000000110000000000000000000000000000000000000000000000001000111000000000100000000011100000
010000000000000000000000000000000000000000000000000000000000111001001000000000000000000000000000000000000000000000000000000000000001000000000000000000
100000000000000000000000000000000000000000000000000000000011001000110000000000000000000000000000110000000000000000000000000000000000100000000000000001
000000000000000000000000000000000000001100000000011000000000011000000000000000000000000000000000110000000000000000000000000000000000000000000000000000
000000000000000000000000000000000000001100000000011000000100000000000000000000000000000000000000000000000000000000000000000000000000000000000000110100
000000000000000000000000000000000000000000000000000000000100100011000000000000000000000000000110000000000000000000000000000000000000000000000000010100
000000000000000000000000000000000000000000000000000000000110000111100000000000000000000000001001000000000000000000000000000000000000000000000000001000
000000000000000000000000000000000000000000000000000000000000000101110000000000001111110000000101000000000000000000000000000000000000000000000000000000
000000000000000000000000000000000000000000000000000000000000000000100000000000011111010000000010000000000000000000000000000000000000000000000001100000
000000000000000000000000000000000000000000000000000000000000010000000000000000100000000000000000000000000000000000000000000000000000000000000010100000
000000000000000000000000000000000000000000000000000000000000010000000000000000100011100000000000000000000000000000000000000000000000000000000110100000
000000000000000000000000000000000000000000000000000000000000000000000000000000100000100000000000000000000000000000000000000000000000000000000011111100
000000000000000000000000000000000000000000000000000000000000000000000000000000010010000000000000000000000000000000000000000000000000000000000001000010
000000000000000000000000000000000000000000000000000000000000000000000000000000001110000000000000000000000000000000000000000000000000000000000000010010
000000000000000000000000000000000000000000000000000000000000000000000000000000000000000000000000000000000000000000000000000000000000000000000000001100
000000000000000000000000000000000000000000000000100000000000000000000000000000000000000000000000000000000000000000000000000000000100000000000000000000
000000001100000000000000000000000000000000000001010000000000000000000000000000000000000000000000000000000000000000000000000000001001000000000000000000
000000001100000000000000000000000000000000000001010000000000000000000000000000000000000000000000000000000000000000000000000000001001000000000000000000
000000000000000000000000000000000110000000000000100000000000000000000000000000000000000000000000000000000000000000000000000000000010000000000000000000
