000000000000000000000000010000100011000000000011100000000000000000000000000000000000000000000000000000000000000000000000000000000000000000010000000000
000000000000000000000000010010010001000000000010000000000000000000000000000000000000000000000000000000000000000000000000000000000000011100000000000000
000000000000000000000111001111000101000000001000000000000000000000000000000000000000000000000000011100000000000000000000000000000000000000000000000000
000000000000000000000000000011000110000000011000001000000000000000000000000000000000000000000000000000000000000000000011000000000000000000000000000000
000000000000000000000000000000000000000000100000110100000000000000000000000000000000000000000000000000000000000000000100100000111000000000000000000000
000000000000000000000000000000000000000000000000000100000000000000000000000000000000000000000000000000000000000000000010100000000000000000000000000000
000000000110000000000000000000000000000000010000001000000000000001100000000000000000000000000000000000000000000000000001000000000000000000000000000000
000000001001000000000000000000000000000000001000000000000000000001100000000000000000000000000000000000000000000000000000000000000000000000000000000000
000000001001000000000000000000000000000000000010100000000000000000000000000000000000000000000000000000000000000000000000000000000000000000000000000000
000000000110000000000000000000000000000000000001100001100000000000000000000000000000000000000000000000000000000000000000000000000000000000000000000000
000000000000000000000000000000000000000000000001100100000000000000000000000000000000000000000000000000000000000000000000000000000000000000000000000000
000000000000000000000000000000000000000000000011011000000000000000000000000000000000000000000000000000000000000000000000000000000000000000000000000000
000000000000000000000000000000000000000000000000010000000000000000000000000000000000000000000000000000000000000000000000000001110000000000000000000000
000000000000000000000000000000000000000000000010110000000000000000000000000000000000000000000001000000000000000000000000000000000000000000000000000000
000000000000000000000000000000000000000000000001000000000000000000000000000000000000000000000010100000000000000000000000000000000000000000000000000000
000000000110000000000000000000000001100000000000000000000000000000000000000000000000000000000010100000000000000000100000000000000000000000000000000000
000000000110000000000000000000000001100000000000000000000000000000000000000000000000000000000001000000000000000001010000000000000000000000000000000000
000000000000000000000000000000000000000000000000000000000000000000000000000000000000000000000000000000000000000000100000000000000000000000000000000000
000000000000000000000000000000000000000000000000000000000000000000000000000000000000000000110000000000000000000000000000000010000000000000000000000000
000000000000000000000000000000000000000000000000000000000000000000001000000000000000000001001000000000000000001110000000000010000000000000000000000000
000000000010000000000000000000000000000000000000000000000000000000010100000000000000000000110000000000000000001000000000000010000000000000000000000000
000000000101000011000000000000000000000000000000000000000000000000001000000000000000000000000000000000000000001110000000000000000000000000000000000000
000000000101000011000000000000000000000000000000000000000000000000000000000000000000000000000001000000000000000001100000000000000000000000000000000000
000000000010000000000000000000011100000000000000000000000000000000000000000001000000000000000010100000000000000001100010000000000001100000000000000000
000000000000000000000000000000000000000000000000000000000000000000000000000010100000000000000010100000000000000001100101000000000001100000000000000000
000000000000000000000000000000000000000000000000000000000000000000000000000010010000000000000001000000000000000011110001100000000000000000000000000000
000000000000000000000000000000000000000000000000000000000000000000000000000001100000000000000000000000000000000000111100000000000000001110000000000000
000000000000000000000000000000000000000000000000000000000000000000000000000000000000000000000000000000000000000010100100000000000000000000000000000000
000000000000000000000000000000000000000000000000000000000000000011000000000000000000000000000000000000000000001000011000000000000001100000000000000000
000000000000000000000000000000000000000000000000000000000000000011000000000000000000000000000000000000000000000000011000010000000010010000000000000000
000000000000000000000000000000000000000000000000000000000000000000000000000000000000000000000000000000000000110000000000001100000001010000000000000000
000000110000000000000000000000000010000000000000000000000000000000000000000000000000000000000000000000000001101100000000000011000000100000000000000000
000000110000000000000000000000000010000000000000001110000000000000000000000000000000000000000000000000000000110110000000000111000000000000000000000000
000000000000000000000000000000000010000000000000000000000000000000000000000000000000000011000000000000000000110110000011000011000000000000000000000000
000000000000000000000000000000000000000000000000000000011000000000000000000000000000000011000000000000000000001000000010100000000001100000000000000011
000000000000000000000000000000000000000000000000000000100100000000000000000000000000000000000000000000000000000000000010100000000001100000000000000011
000000000000000000000000000000000000011000000000000000011000000000000000000000000000000000000000000000000000000001100001100000000110000000000000000000
000000000000000000000000000000000000011000000000000000000000000000000000000000000000000000000000000000000000000001100000000000000110000000000000000000
000000000000000000000000000000000000000000000000000000000000000000000000000000000000000000000000000000000000000000000000000000000000000000000000000000
000000000000000000000000000000000000000000000000000000000000000000000000000000011100000000000000000000000000000000000000000000000000000000000000000000
000000000000000000000000000000000000000000000000000000000000000000000000000000001110000000000000000000000000000000000000000000000000000000000000000000
000000000000000000000000000000000000000000000000000000000000000000000000000000000000000000000000000000000000000000000000000000000000000000000000000000
000000000000000000000000000000000000000000000000000110000000000000000000000000000000000000000000000000000000000000000000110000000000000000000000000000
000000000000000000000000000000000000000000000000001001000000000000000000000000000000000010000000000000000000000000000000101000000000000000000000000000
000000000010100000000000000000000000000000000000001010000000000000000000000000000000000101000000000000000000000000000000001100000000000000000000000000
011000000100100000000001100000000000000000000000000100000000000000000000000000000000000011000000000000000000000000000000011000000000000000000000000000
011000110100010000000010010000000000000000000000000000000000000000000000000000000000000000000000000001000000000000000000000000000000000000000000000000
000000011000100000000001100000000000000001100000000000000000000000000000000000000000000000000110000010100000000000000000000000000000000000000000000000
000100001100100000000000000000000000000001100000000000000000000000000000000011100000000000000110000010100000000000000000000000000000000000000001000000
000000000100001100000000000000000000000000000000000000000000000000000000000000000000000000000000000001000000000000000000000100000000000000000010100000
001000000000001100000000000000000000000000000000000000000000000000000000000000000000000000000000000000000000000000000000000110000000000000000001110000
001001000000000000000000000000000000000000000000000000000000000000000000000000000000000000000000110000000000000000000000001010000000000000000001110000
000101000000000000000000000000000000000000000000000000000000001100110000000000000000000000000001001000000000000000000000001000000000000000000110100000
000000000000000001000000000000000000000000000000000000000000001000011000000000000000000000000000110000000000000000000000001001000000000000000111000010
000000000000000110100000110000000000000000000000000000000000001100001000000000000000000000000000000000000000000000000000000000000000000000001000000010
000000000000000110110000110000000000000000000000000000000000000010000100000000000000000000000000000001000000000000000000000011000000000000001100000000
000000100001100000000000000000000000000000000000000000000000000110000000000000000000000000000000000010100000000000000000111110000000000000000100000000
001111100110100100001000011111100000011000000000000000000000000100000110000001100000000000000000000010100000000100000000000100000000000000000000000010
001111100110001100000000100011010000110000000000000000000000000000000000000010010000000000000000000001000000001010000110100000000000000000000000001101
011100000110000010111000100000110000110110000000000000000000000000000000000001010000000000000000000000000000000001000100000000000000000000000001010000
000000000010111000000000010100110000110000000000000010000000000000000000000000100000000000000000000000000000001000000101011000000000000000000001100110
100000000100100000000000000011100110110000000000000101000000011000000000000000000000000000000000000000000110001000000000010000000000000000000000000010
100000000100100000000000000001000001000000000100000010000000001000010000000000000000000000000000000000000110000101000001100000000000000000000000000001
111000001001000000000000000000000000000000010010000001100000000000011000000000000000000000000000000000000000000010000001100000000000000000000000000001
000110100000000000000000000000000000000000010010000000000000000000000100000000000000000000000000000000000000000000001000000000000000000000000000000010
000001100000000000000000000000000000000000010100000000100000000010001000000000000000000000000000000000000000000000000111100000000000000000000000000100
101111000000000000000000000000000000110001100000000000000000000010010000000000000000000100000000000000000000000000000000100000000000000000000000000011
000011100000000000000000000000000000110000000000000000000000000000100000000000000000001010000000001000000000000000011111000000000000000000000000000000
000000000000000000000000000000000000111000000000000000010100000000000000000000000000000100000000010100000000000000011000000000000000000000000000000000
000110000000000000000000000000000000001000000000000000010010000000000000000000000000000000000000010010000000000110000011000000000000000000000000000000
000111000000000000000000000000000000011000000000000000010010000000000000000000000000000000000000001100000000000110001111000000001110000000000000000000
000000000000000000000000000000000000011000000000000000000100000000000000001100000000000000000000000000000000000011101101000000000000000000000000000000
000000000000000000000000000000000000011000000000000000000000000000000000001010000000000000000000000000000111000001100000000000000000000000000000000000
000000000000000000000000000000000000000000010000000000000000000000000000000110000000000000000000000000000000000000000001000000000000000000000000000000
000000000000000000000000000010000000000000001000000000000000000000000000000000000000000000000000000000000000000000000001000000000000000000000000000000
000000000000000000000000000010000000000100001000000000000000000000000000000000000000000000000000000000000000000000000000000000000000000000000000000000
000000000000000000000000000010000000000001010100000000000000000000000000000000000000000000000000000000000000000000010000000011100000000000000000000000
000000000000000000000000000000000000000111100100000001110000000000000000000000000000000000000000000000000000000000100000000100000000000000000000000000
000000000000000000000000000000000011000100011000000000000000000000000000000000000000000000000000000000000110001000111001100100001000000000000000000000
000000000000000000000000000000000000000100010000000000001000000000000000000000000000000000000000000000000111011100000001111011101000000000000000000000
000000000000000000000000000000000000000010000000000100001000000000000010000000000000000000000000000000000001100100000000101001000000000000000000001100
000000000000000000000000000000000000000000011000000100000000110000000101000000000000000000000000000000000001101001000000000000010100000000000000001110
000000000000000000000000000000000000000000111100000100001001001100000101000000000000000000000000000000000000101000000000000001000000000000000000000110
000000000000000000000000000000000000000011001001010010001011100010000110000000000000000000000000000000000000001011000000011011101000000000000010000000
000010001100000000000000000000000000111111111001010001110010000000000110000000010000000000000000000000000000000100000000000100001000000000000110000000
000000110100000000000000000000000001011110001001110000000001101101101100000000111000000000000000000000000000000000000000000100000000000000001100000000
000100101000000000000000000001100000000100111000000000000001110001010110000000100100000000000000000000000000000000000000000011100000000000000110000000
101000000000000000000000000001100010011000011000000000000000000000111100000000001100000000000000000000000000000000000000000000000000000000000010000000
010000000000000000000000000000000001011000011000000000000000000000010000000001111000000000000000000000000000000000000000000000000011100000000000000010
000000000000000011000000000000000000100000100000000000000000000000000000000111100000000000000000000000000000000000000000000000000000000000000000000011
100000000000000100100000000000000000000000000000000000000000000000000000000110000000000000000000000000000000000000000000000000000000000000000000000011
100000000000000011000000000000000000000000000000000000000000000000000000000110000000000000000000000000000000000000000000000000000000000000000000000001
000000000000000000000110001000001000000000000000000000000000000000000000000000000000000000000000000000000000000000000000000000000000000000000000000000
000000000000000000000110001000001000000000000000000000000000000000000000000011000000000000000000000001100000000000000000000000000000000000000000000000
000000000111000000000000001000001000000000000000000010000000000000000000000011100000000000000000000001100000000000000000000000000000110000000000000000
000000000000000000000000000000000000000000000000000101000000000000000000000000100000000000000000000000000000000000000000000000000000110000000000000000
000000000000000000000000000011100000000000000000000101000000000010000000000100000000000000000000000000000000000000000000000000000000000000000000000000
000000000000000000000000000000000000000000000000000010000000000101000000101000000000000000000000000000000000000000000000000000000000000000000000000000
000000000000000000000000000000000000000000000000000000000000000100000011000000000000000000000000000000000000000000000000000000000000000000000000000000
000000000000000000000000000000000000001100000000000000000000000000000011000100000000000000000000000000000000000000000000000000000000000000000000000000
000000000010000000000000000000000000001100000000000000000000000000001100000000000000000000000000000000000000000000000000000000000000000000000000000000
000000000101000000000000000000000000000000000000000000000000000000000011011000000000000000000000000000000000000000000000000000000000000000000000000000
000000000100100000000110000000000000000000000000000000000000000000000011011100000000000000000000000000000000000000001000000000000000000000000000000000
000000000011000000000110000110000000000000000000000000000000000000000000011101000000000000000000000000000000000000010100000000000000000000000000000000
000000000000000000000000000110000000000000000000000000000000001110000000001000100000000000000000000000000000000000100100000000000000000000000000000000
000000000000000000000000000000000000000000000000000000000000000111000000111100000000000000000000000000000000000000011000000000000000001100000000000000
000000000000000000000000000000000000000000000000000000000000000000011000111000000000000000000000000000000000000000000000000000000000010100000000000000
000000000000000000000000000000000000000000000000000000000000000011110001001000000000000000000000000000000000000000000000000000000000001000000000000000
000000000000000000000000000000000000000000000000000000000000000001100001000000010001100000000000000000000000000000000000000000000000000000000000000000
000000000100000000000000000000000000000000000000000000000000000000000001000000001001000000000000000000000000000000000000000000000000000000000000000000
000000001010000000000000000000000000000000000000000000000000000000000000100000111101010000000000000000000000000000000000000000000000000000000000000000
000000001010000000000000000000000000001100000000000000000000000000000000000010111100010000011000000000000000000000000000000000000000000010000000000000
000000000100000000000000001100000000001100000000000000000000000000000000000011100011100000100100000000000000000000000000000000000000000010000000000000
000000000000000000000000001100000000000000000000000000000000000000000000000000000011100000011000000000000000000000000000000000000000000010000000000000
000000000000000000000000000000000000000000000000000000000000011100000000000000000000000000000000000000000000000000000000000000000000000000000000000000
000000000000000000000000000000000001000000000000000000000000100100000000000000000000000000000000000000000000000000000000000000000000000000000000000000
000000000000000000000000000000000001000000000000000000000000100010000000000110000000000000000000000000000000000000000000000000000000000000000000001100
000000000011100000000000000000000001000000000000000000000000000010100000000110000000000000000000000000000000000000000000000000000000000000000000001100
000000000000000000000000000000000000000000000000000000000000000011000000000000000000000000000000000000000000000000000000000000000000000000000000000000
000000000000000000000000000000011000011100000000000000000000000010000000000000000000000000000000000000000000000000000000000000000000000000000000000000
000000000000000110000000000000011000000000000000000000000000000010000000000000000000000000000000000000000000000000000000000000000000000000000000000000
000000000000001001000000000000000001000000000000000000000000011001010000000000000000000000000000000000000000000000000000000000000000000110000000000000
000000000000000110000000000000000001000000110000000000110100000100101000000000000000000000000000000000000000000000000000000000000000000110000000000000
000000000000000000000001100110000001000000110000000000101111010000000000000000000000000000000000000000000000000000000000000000000000000000000000000000
000000000000000000000001100110011000000000000000000000100011010000000000000000000000000000000000000000000000000000000000000000000000000000000000000000
000000000011000000000000000000011000001100000000000000000100010000000000000000000000000000000000000000000000010000000000000000000000000000000000000000
000000000101000000000000000000000000010010000000000000000000000000000000000000000000000000000000000000000000101000000000000000000000000000000000000000
000110000010000000000000000000000000001100000000000000000000000000000011000000000000000000000000000000000001001000000000000000000000000000001100000000
000110000000000000000000000000000000000000000000000000000000000000000100100000000000000000000000000000000000110000000000011000000000000000010010000000
000000000000000000000000000000000000000000000000000000000000000000000011000000000000000000000000000000000000000000000000011000000000000000010100000000
000000000000000000000000000000000000000000000000000000000000000000000000000000000000000000000000000000000000000000000000000000000000000000001000000000
000000000000000000000000000000000000000000000000000000000000000000000000000000000000000000000000000000000000000000000000000000000000000000000000000000
000000000000000000000000001100000000000000000000000000000000000000000000000000000000000000000000000000000000000000000000000000000000000000000000000000
000000000000000000000010001100000000000000000000000000000000001000000000000000000000000000000000000000000000000000000000000000000000000000000000000000
000000000000000000000010000000000000000000000000000000000000010100000000000000000000000000000000000000000000000000000000000000000000000000000000000000
000000000000000000000010000000000000000000000000000000000000010100000000000000000000000000000000000000000000000000000000000000000000000000000000000000
000000000000000000000000000000000000000000000000000000000000001000000000000000000000000000000000000000000000000000000000000000011000000011000000000000
000000000000000000111000111000000000000000000000000000000000000000000000000000000000000000000000000000000000000000000000000000100100000100100000000000
000000000000000000000000000000000000000000000000000000000000000000000000000000000000000000000000000000000000000000000000000000011000000011000000000000
000000000000000000000000000000000000000000000000000000000000000000000000000000000000000000000000000000000000000000000000000000000000000000000000000000
000000000000000000000000000000000000000000000000000000000000000000000000000000000000000000000000000000000000000000000000000000000000100000000000000000
000000000000001000000000000000000000000000000000000000000000000000000000000000000000000000000000110000000000000000000000000000000001010000000000000000
000000000000001000000000000000000000000000011000000000000000000000000000000000000000000000000000110000000000000000000000000000000001010000000000000000
000000000000001000000000000000000000000000100100000000000000000000000000000000000000000000000000000000000000000000000000000000000000100000000000000000
000000000001000001000000000000000000000000011000000000000000000000000000000000000000000000000000000000000000000000000000000000000000000000000000000000
000000000010100010100000000000000000000000000000000000000000000000000000000000000000000000000000000000000000000000000000000000000000000000000000000000
000000000010100010100000000000000000000000000000000000000000000000000000000000001100000000000000000000000000000000000000000000000000000000000000000000
000000000001000001000000000000000000000000000000000000000000000000000000000000001100000000000000000000000000000000000000000000000000000000010000000000
000000000000000000000000000000010000000000000000000000000000000000000000000000000000000000000000000000000000000000000000000000000000000000101000000000
000000000000000000000000001000100000000000000011100000000000000000000000000000000000000000000000000000000000000000000000000000000000000000101000000000
