000000000000000000000000000000000000000000000000000000000000000000000000000000000000000000000000000000000000000000000000000000000000000000010000000000
000000000000000000000000000000000000000000000110000000000000000000000000000000000000000000000000000000000000000000000000000000000000011100000000000000
000000000000000000000000000000000000000000000110000000000000000000000000000000000000000000000000011100000000000000000000000000000000000000000000000000
000000000000000000000000000000000000000000000000000000000000000000000000000000000000000000000000000000000000000000000011000000000000000000000000000000
000000000000000000000000000000000000000000000000000000000000000000000000000000000000000000000000000000000000000000000100100000111000000000000000000000
000000000000000000000000000000000000000000000000000000000000000000000000000000000000000000000000000000000000000000000010100000000000000000000000000000
000000000110000000000000000000000000000000000000000000000000000001100000000000000000000000000000000000000000000000000001000000000000000000000000000000
000000001001000000000000000000110000000000000000000000000000000001100000000000000000000000000000000000000000000000000000000000000000000000000000000000
000000001001000000000000000000110000000000000000000000000000000000000000000000000000000000000000000000000000000000000000000000000000000000000000000000
000000000110000000000000000000000000110000000000000000000000000000000000000000000000000000000000000000000000000000000000000000000000000000000000000000
000000000000000000000000000000000000110000000000011000000000000000000000000000000000000000000000000000000000000000000000000000000000000000000000000000
000000000000000000000000000000000000000000000000011000000000000000000000000000000000000000000000000000000000000000000000000000000000000000000000000000
000000000000000000000000000000000000000000000000000000000000000000000000000000000000000000000000000000000000000000000000000001110000000000000000000000
000000000000000000000000000000000000000000000000000000000000000000000000000000000000000000000001000000000000000000000000000000000000000000000000000000
000000000000000000000000000000000000000100000000000000000000000000000000000000000000000000000010100000000000000001100000000000000000000000000000000000
000000000000000000000000000000000000001010000000000000000000000000000000000000000000000000000010100000000000000001100000000000000000000000000000000000
000000000000000000000000000000000000001010000000000000000000000000000000000000000000000000000001000000000000000000000000000000000000000000000000000000
000000000000000000000000000000000000000100000000000000000000000000000000000000000000000000000000000000000000000000000000000000000000000000000000000000
000000000000000000000000000000000000000000000000000000000000000000000000000000000000000000110000000000000000000000000000000000000000000000000000000000
000000000000000000000000000000000011000000011000000000000000000000001000000000000000000001001000000000000110000000000000000000000000000000000000000000
000000000000000000000000000000000100100000100100000000000000000000010100000000000000000000110000000000000101000000000000000000000000000000000000000000
000000000000000011000000000000000011000000011000000000000000000000001000000000000000000000000000000000000011000000000000000000000000000000000000000000
000000000000000011000000000000000000000000000000000000000000000000000000000000000000000000000001000000000000110000000000000000000011000000000000000000
000000000000000000000000000000000000000100000000000000000000000000000000000001000000000000000010100001100000101000000000001110000011000000000000000000
000000000000000000000000000000000000001010000000000000000000000000000000000010100000000000000010100001010000010000000000010010000000000000000000000000
000000000000000000000000000000000000001010000000000000000000000000000000000010010000000000000001000000110000000000000000100010000000000000000000000000
000000000000000000000000000000000000000100000000000000000000000000000000000001100000000000000000000000001100000000000000111000000000000011100000000000
000000000000000000000000000000000000000000000000000000000000000000000000000000000000000000000000000000001010000000000000010000110000000000000000000000
000000000000000000000000000000000000000000000000000000000000000011000000000000000000000000000000000000000110000000000000100001001000001000001000000000
000010000000000000000000000000000000000000000000000000000000000011000000000000000000000000000000000000000000000000000011011000001000001000001000000000
000101000000000000000000000000000000000000000000000000000000000000000000000000000000000000000000000000000000000000000001101100001000001000001000000000
000100100000000000000000000000000010000000000000000000000000000000000000000000000000000000000000000001000000000000000000010000101000000000000000000000
000011000000000000000000000000000010000000000000001110000000000000000000000000000000000000000000011001100000000000000000000000110000000011100000000000
000000000000000000000000000000000010000000000000000000000000000000000000000000000000000010100000011010100000000000000000000000000000000000000000000000
000000000000000000000000000000000000000000000000000000011000000000000000000000000000000010001100000000000000000000000000000000000000000000000000000010
000000000000000000000000000000000000000000000000000000100100000000000000000000000000000000000010000000000000000000000000000000000000000000000000000101
000000000000000000000000000000000000011000000000000000011000000000000000000000000000000000000111000000000000000000000000000000000000000000000000000101
000000000000000000000000000000000000011000000000000000000000000000000000000000000000000000100001000000000000000000111000000000000000000000000000000010
000000000000000000000000000000000000000000000000000000000000000000000000000000000000000000011111000000001100000000000000000000000000000000000000000000
000000000110000000000000000000000000000000000000000000000000000000000000000000011100000000000110000000011100000000000000000000000000000000000000011110
000000001001000000000000000000000000000000000000000000000000000000000000000000001110000000000000000000010011000000000000010100000000000000000001000010
010000000110000000000000000000000000000000000000000000000000000000000000000000000000000000000000000000100000000000000000010100000000000000000000000000
010000000000000000000000000000000000000000000000000110000000000000000000000000000000000000000000000000000001000000101000100110000000001100000001000111
110000000000000000000000000000000000000000000000001001000000000000000000000000000000000010000000000000011100000001100100001010000000100001000000000010
000000000000000000000000000000000000000000000000001010000000000000000000000000000000000101000000000000000000000010000101111010100000000011110010000000
000000000000000000000000000000000000000000000000000100000000000000000000000000000000000011000000000000000000000110100110110000111000000000000001100000
000000000000000000000000000000000000000000000000000000000000000000000000000000000000000000000000000000000000000010100110110000110000100000000000100000
000000000000000000000000000000000000000001100000000000000000000000000000000000000000000000000000000000000000000001000000110000100000011000000101100000
000000000000000000000000000000000000000001100000000000000000000000000000000011100000000000000000000000000000000000000000001111000000001000001110000000
000000000000000000000000000000000000100000000000000000000000000000000000000000000000000000000000000000000000000000000001000110000000010000010000000000
000000000000000000000000000000000000100000000000000000000000000000000000000000000000000000000000000000000000000000000000110100000000110000100000000000
000000000000110000000000000000000000100000000000000000000000000000000000000000000000000000000110000000000001100000010000100000000000100000100000000000
000000000000110000000000000000000000000000000000000000000000000001100000000000000000000000000110000000000001100000001101000000000000100011000000000000
000000000100000000000000000000000000000000000000000000000000000001100110000000000000000000000000000000000000000000001000000000000000011110000000000000
000000000100000000000000000000000000000000000000000000000000011000000110000000000000000000000000000000000000000000000000000000000000000100000000000000
000000000100000000000000000000000000000000000000000000000000011000000000000000000000000000000000000000000000000000000000000000000000000000011100000000
000000000000000000000000000011000000000000000000000000000000000000000000000000000000000000000000000000000000000000000000000000000000000000010010000000
000000000000000000000000000100100000000000000000000000000000000000000000000001100000000000000000000000000000000000000000000000000000000001100010000000
000000000000000110000000000011000000000000000000000000000000000000000000000010010000000000000000000000000000000111000000000000000000000001100011000000
000000000000000110000000000000000000000000000000000000000000000000000000000001010000000000000000000000000000000101000000100000000000000010000110000000
000000000000000000000000000000000000000000000000000000000000000000000000000000100000000000000000000000000000000100100000011000000000000000000100000000
000000000000000000000000000000000000000000000000000000000000000000000000000000000000000000000010000000000001110001100001010000000000000000001000000000
000000000000000000000000000000000000000000000000000000000000000000000000000000000000000000000011000000000001010000000000110000000000000000000000000000
000000000000000000000000000000000000000000000000000000000000000000000000000000000000010000000100100000000001001000000000101000000000000110100000000000
000000000000000000000000000000000000000000000000000000000000000000000000000000000000010001110000100000000000100100000000010010000000000100011001010000
000000000000000000000000000000000000000000000000000000000000000000000000000000000000010000010000010000000000101100000000010010000000000000011001001000
000000000000000000000000011100000000000000000000000000000000000000000000000000000000000010100000001000000000101000000000000000000000000001011000001000
000000000000000000000000011100000000000000000000000000000000000000000000000000000000000010010010000100000000010000000000000000000000000011000000110000
000000000000000000000000001000000000000000000000000000000000100000000000000000000000000001110010000110000000000000000000000000000000000011100000000010
000000001000000100000000000000000000000000000000000000000001010000000000000000000000000001110011010000000000001000000000000001100000000011000000010000
000000001100001100000001100000000000000000000000000000000001100000000000000000000000000000000001010100000000000000000000000001100000000010000001100001
000010000010001000000001110000000000000000000000000000000000000000000000000000000000000000000001100100000000000000000000000000000000000000100001010001
000010000110000000000000100000000000000000000000000000000000000000011000000000000000000000000000111000000000000000000000000000000000000100000010001101
000010000000000011010010000000000000110000000000000000000000000000011000000000000000000000000000010000000000000000000000000000000000000001000010001110
000000000000010000000011100001100000110000000000000000000000000000000000000000000000000000000000000000000000000000000000000000000000000010000010010000
000000000000000000110001000001100000000000000000000000000000000000000000000000000000000000000000000000000000000000000000000000000000000010100011100000
000000000000000110010000000000000000000000000000000000000000000000000000000000000000000000000000000000000000000000000000000000000000000001100000000000
000000000000000000010000101000000000000000000000000000000000000000000000000000000000000000000001010000000010000000011000000000000000000000000000000000
000000000000000000010000100000000000000000000000000000000000000000000000000000000000000000000001001000000110000000011000000000000000000000000000000000
000000000000000000000001100010000000000000000000000000000000000000000000000000000000000000000001010000011001000000000000000000000000000000000000000000
000000000000000000000001100000010000000000000000000000000000000000000000000000000000000000000000000000011000000000000000000000000000000000000000000000
000000000000000000000010110000111000000000000000000000000000001000000000000000000000000000000000000000011100000000000000000000000000000000000000000000
000000000000000000000100000010001000000000000000000000000000001000000000000000001110000000000000000100000000000010000000000000000000000000000000000000
000000000000000000000011111111100000000000000011100000110000001000000000000000000000000000000000000000000000000111000000000000000000000000000000000000
000000000000000000000001000000000100000000000000000001001000000000000000000000000000000000000000000100111011111101000000000110000000000000000000000000
000000000000000000000000000000001110000000000000000000110000000011100000000000000000000000000000000010110100001000000000000101000000000000000000000000
000000000000000000000000000000011011000000000000000000000000000000000000000000000000000000000000000100100000001000000000000010000000000011000000000000
001100000000000000000100000000110000000000000000000000000000001000000000000000000000000000000000000101000100010000000000000000000000000011000000000000
001010000000000000000100000001110000000000000000000000000000001000000000000000000000000000000000000010000011100000000000000000000000000000000000000000
000101000000000000000100000000110000000111000000000000000000001000000000000000000000000000000000000000000001000110000110000000000000000000000000000000
000010000000000000000000000000011011001000000000000000000000000000000000000000000000000000000000000000000000000110001000000000000000000000000001100000
000000000000000000000000000000001110001000000000000000000000000000000000000000000000000000000000000000000000000110000000000000000000000000000010010000
000000000000000000000000000000000100000100100000000000000000000000000000000000000000000000000110000000000001000000000000000000000000000000000010100000
000000000000000000000000000000000000000000100000000000000000000000000000000000000000000000000110000000000001000000000000000000000000000000000001000000
000000000111000000000000000000000000000001100000000000000000000000000000000000000000000000000000000000000100010000000000000000000000000000000000000000
000000000000000000000000000000000000000000000000000000000000000000000000000000000000000000000000000000000000000000000000000000000000000000000000000010
000000000000000000000000000000000000100000000000000000000000100000000000000000000000000000000000000000001111111000000000000000000000000000000000000101
000000000000000000000000000000000001010000000000000000000001010000000000000000000000000000000000000000000100010000000000000000000000000000000000000101
000000000000000000000000000000000010001000000000000000000001010000000000000000000000000000000000000000001010101000000000000000000000000000000000000010
000000000000000000000000000000000001010000000000000000000000100000000000000000000000000000000000000000000100010000000000000000000000000000000000000000
001100000010000000000000000000000000100000000000000000000000000000000000000000000000000000000000000000000000000000000000000000000000000000000001100000
010010000101000000000000000000000000000000000000000000000000000000000000000000000000000000000001011100000000000000000000000000000000000001000010010000
001100000100100000000110000000000000000000000000000000000000000000000000000000000000000000000001001000000000000000000000000000000000000010100001100000
000000000011000000000110000110000000000000000000000000000000000000000000000000000000000000000000001000000000000000000000000000000000000001100000000000
000000000000000000000000000110000000000000000000000000000000000000000000110000000000000000000000001100000000000000000000000000000000000000000000000010
000000000000000000000000000000000000000000000000000000000000000000000001010000000000000000000000100000110000000000000000000000000000001100000000000101
000000000000000000000000000000000000000000000000000000000000000000100001100000000000000000000000111001010000000000000000000000000000010100000000000101
000000000000000000000000000000000000000000000000000000000000000000110000000000000000000000000000010001010000000000000000000000000000001000000000000010
000000000000000000000000000000000000000001110000000000000000000001101000000000000000000000000000100000100011000000000000000000000000000000000000000000
000000000100000000000000000000000000000111110000000000000000000011011000000000000000000000000001100000000011000000000000000000000000000000000000000000
000000001010000000000000000000000000000011001000000000000000000100101110000000000000000000000010100000000000000000000000000000000000000000000000000000
000000001010000000000000000000000000000011111110000000000000000011100001000000000000000000000111000000000000000000000000000000000000000010000000000000
000000000100000000000000001100000000000001101110000000000000000010000000000000000000000000000011010000000000000000000000000000000000000010000000000000
000000000000000000000000001100000000000000001110000000000000000010000000000000000000000000000001110000000000000000000000000000000000000010000000000000
000000000000000000000000000000000000000000000000000000000000000100000000000000000000000000000000100000000000000000000000000000000000000000000000000000
000000000000000000000000000000000001000001000000000000110000000010000000000000000000000000000000000000000000000000000000000000000000000000000000000000
000000000000000000000000000000000001000001000000000000110000000000000000000000000000000000000000000000000000000000000000000000000000000000000000001100
000000000011100000000000000000000001000000000000000000000000000000000000000000000000000000000000000000000000000000000000000000000000000000000000001100
000000000000000000000000000000000000000000000000000000000000000000000000000000000000000000000000000000000000000000000000000000000000000000000000000000
000000000000000000000000000000011000011100000000000000000000000000000000000000000000000110000000000000000000000000000000000000000000000000000000000000
000000000000000110000000000000011000000000000000000000000000000000000000000000000000001001000000000000000000000000000000000000000000000000000000000000
000000000000001001000000000000000001000000000000000000000000000000000000000000000000000110000000000000000000000000000000000000000000000110000000000000
000000000000000110000000000000000001000000110000000000000000000000000000000000000000000000010000000000000000000000000000000000000000000110000000000000
000000000000000000000001100110000001000000110000000000000000000000000000000000000000000000101000000000000000000000000000000000000000000000000000000000
000000000000000000000001100110011000000000000000000000000000000000000000000000000000000001010000000000000000000000000000000000000000000000000000000000
000000000011000000000000000000011000001100000000000000000000000000000000000000000000000001100000000000000000010000000000000000000000000000000000000000
000000000101000000000000000000000000010010000000000000000000000000000000000000000000000000000000000000000000101000000000000000000000000000000000000000
000110000010000000000000000000000000001100000000000000000000000000000001100000000000000000000000000000000001001000000000000000000000000000001100000000
000110000000000000000000000000000000000000000000000000000000000000000010010000000000000000000000011000000000110000000000011000000000000000010010000000
000000000000000000000000000000000000000000000000000000000000000000000001100000000000000000000000100100000000000000000000011000000000000000010100000000
000000000000000000000000000000000000000000000000000000000000000000000000000000000000000000000000011000000000000000000000000000000000000000001000000000
000000000000000000000000000000000000000000000000000000000000000000000000000000000000000000000000000000000000000000000000000000000000000000000000000000
000000000000000000000000001100000000000000000000000000110000000000000000000000000000000000000000000000000000000000000000000000000000000000000000000000
000000000000000000000010001100000000000000000000000001001000000000000000000000000000000000000000000000000000000000000000000000000000000000000000000000
000000000000000000000010000000000000000000000000000010010000000000000000000000000000000000000000000000000000000000000000000000000000000000000000000000
000000000000000000000010000000000000000000000000000011000000000000000000000000000000000000000000000000000000000000000000000000000000000000000000000000
000000000000000000000000000000000000000000000000000000000100000000000000000000000000000000000000000000000000000000000000000000011000000011000000000000
000000000000000000111000111000000000000000000000000000001010000000000000000000000000000000000000000000000000000000000000000000100100000100100000000000
000000000000000000000000000000000000000000000000000000000110000000000000000000000000000000000000000000000000000000000000000000011000000011000000000000
000000000000000000000000000000000000000000000000000000000000000000000000000000000000000000000000000000000000000000000000000000000000000000000000000000
000000000000000000000000000000000000000000000000000000100000000000000000000000000000000000000000000000000000000000000000000000000000100000000000000000
000000000000001000000000000000000000000000000000000000011000000000000000000000000000000000000000110000000000000000000000000000000001010000000000000000
000000000000001000000000000000000000000000000000000000100100000000000000000000000000000000000000110000000000000000000000000000000001010000000000000000
000000000000001000000000000000000000000000000000000000111100000000000000000000000000000000000000000000000000000000000000000000000000100000000000000000
000000000001000001000000000000000000000001000000000000000000000000000000000000000000000000000000000000000000000000000000000000000000000000000000000000
000000000010100010100000000000000000000010100000000000000000000000000000000000000000000000000000000000000000000000000000000000000000000000000000000000
000000000010100010100000000000000000000010100000000000000000000000000000000000001100000000000000000000000000000000000000000000000000000000000000000000
000000000001000001000000000000000000000001000000000000000000000000000000000000001100000000000000000000000000000000000000000000000000000000010000000000
000000000000000000000000000000000000000000000000000000000000000000000000000000000000000000000000000000000000000000000000000000000000000000101000000000
000000000000000000000000111000000000000000000000000000000000000000000000000000000000000000000000000000000000000000000000000000000000000000101000000000
