00000000000010110000000000000110010000011110001000
00010000000001110010001000111010001000011100001010
00010100000000000110001000010001010000000000000011
00000100000000000110100000000001010100000010000011
10010000000000000100100010000000001010000000110001
00001000011000000100000001000000000110000000000000
01100100011000101100000000000000000000000100010101
01110010000001100010001110100000000000000000011100
01000000000001111011111100010000000101000001111100
01000010001010011111111011100000000100000000000000
00000000010110010010001000000000001100111000000000
00000110001110001000000000000000001101101100000000
01100110000000001000000000000000011100000010000000
00001010000000000000000000000000011011011100000000
00111100000000000001100000000000000001011000000000
00111000000000000111000000000001100000000000000000
00100000000000000010000000111001000010000000000000
00000010000000110100000000000001000100110000000000
00000101000000111000000000100010111000110000000000
00000000100000110000010100001000110000000000000000
00000001110000111000010010000000111000000000000001
10000001010000000000000110000000101000000011100010
11000000011000000000000000000000011100000000011110
00100001010000000000000000000101001100000001010111
11000001100000000000000000000110101100000000101101
10000111000001000000000001111011100000000000000011
00001010000010001000011011100110011100000000000000
00001010000100011000001100001000001100000000000000
00000000000100011100011111010001110100000000000000
00000000000010001011010001000010010110000000000000
00000000000000001000111001000000000010000000000000
00000000000001111100000101111100111110000000000000
00011000000010010001000000010110100000000000000000
00111100000010010000000111000000001101100000000000
01110010000000000000011000000001001101000000111000
11000110000000000000000001000100010001010011000010
00000000000001010000000001101110000000100011000010
01100000000010001000000000000000000000000111000011
11100000000001001110000000000001000000000100100010
01010001100000100111000000000010000000010011001010
10101100110000001001100000000000000000101011000010
00011010100000011011000000000000000000100010100000
00000011011111001010000000000000000011001010000010
00000110110001000100000000000000010100000010001110
00000100001000000000001100000000100110000000000001
00000010010111000000001110010100010100000000001100
10000011110001100000010011100010000000000000010001
00111000000011000000111010000010000000000000011010
00111000000000000000100100000100100000100000101010
00000000000010000000000011000000000000011000001000
