100000100100000000000000000000000000000000000000000000000000000001000000001000101000000000000000010000000100000001000000000000000000000110000000000010
110011001100000000000000000111000000000000000000000000000000001001000000000100001000000000000000100100000011000000000000000000100010001010000000000000
110000110000001000000001000000000000000000000000000000000000010000000000000011110000000000000000100000000110000000000000000000011100001000000000000000
010000100000000101110111111111000000000000000000000000000000010000000000000000100000000000000000000010111000000000011000000000000000000000000000000000
010000100010000010001110111100001000000000100000000000000000010001000000000000000000000000000000000111100000110000011110000000000000000000000000000000
001001000010000000001000000000010110000000100000000000000000000000000000000000000000000000000000000001010000100000100010000000000000000000000000000000
000101000100000001010000000000100001000011000001100000000000000010100000000000000000000000000000000000001111000000011001000000111001100011000001000000
000010001000000000000000000000000001000000100001100000000000000001100000000000000000000000000000000000001110000000011110001000110010100110000011100000
000000000101010100000000001100000010000000100000000000000000000000000000000000000000000000000000000000000100000000000110111000010000001001001110110000
000000000100010110000000001110000000000000000000000000000000000000000000000000000000110000000000001100000000000000000000100000000010010000001001011000
000000000011010100000000001100110000000000000000000000000000000000000000000000000010010000000000000000000000000000000000011000000001001010000000001000
000000000100000100000000000001011100000000001100000000000000000000000000000000000100001000000000001101000000000000000000001000000000100010000100010000
000011100011011000000000000010000000000000001100000000000000000000000000000000001101101100000000000010100010000000000000000000000000000001000011001000
000000000110000000000000000000000000000000000000000000000000000000000000000000010000011000000000000001100101000000000011000011100000000010010000000000
001011111010000000000000000000000000000000000000000000000000000000000000000010110000100000000000000000000101000000010101000100010000001000000000000000
010101100010000000000000000000000000000000000000000000000000000000000000000010110001000000000000000000000000000000110111001000001000111100111000000000
010100000001000000000000000000000000000000000000000000000000000000000000000010001111100000000000000000000000011000011100001101000010001000100000000000
000000100101100000000000000000000000000000000000000000000000000000000000000000000000110000000000000000000000101100000000000111000000010011000110000000
000000000001100000000000000000000000000000000000000000000110000000000000000000000000110000111000000000000000101000000000000010100000000011000110000000
000000010001000011000000000000000000000000000000000000001111000000000000000000000000100000000100000000000000010000000000000010100111000110000110000000
000000000000110100100000000000000000000000000000000000001000110010000000000000000001000011010111011000000000000000000000000000000001101010100010000000
000001001110110011000000000000000000000000000000000000001010000101000000000000000011100011101000100100000000000000000000000000110001101101100011000000
000010101101100000000000000000000000000000001100000000000000000101100000000100001100010010000110101000000000000000000000001110110000000110000011000000
000100000000010000000000000000000000000000001100000000000000000101000000011011001110100001000000010000000000000000000000001110000000000101101011000000
001101111000000000000000000000000000000000000000000000000010100000100000011011001011000000000000000000000000000000000000001000011010000000000000000000
000011001100000000000000000000000000000000000000000000000000001111110000000000000000000000000000000000000000000000000000000000000001101000100000000000
000111000010000110000000000000000000000000000000000000000000000100010000110110000000000000000000000000000000000000000000010110110000111110100000000000
000111000011000001000000000000000000000000000000000001100000000010100000110110000000000000000000000000001110000000000000111100110000011000000000000000
000110000001100110000000000000000001100000000000000001111000000110110000001000111110000110000000000000001001000000000001011000011000000000000000000000
000001000000100000000000000000000111100000000000000000110000000010100000000000001000011001000110000000010001000001100011000000111000000000000000000000
000000000000100000000000110000011101100000011000000000000000110001000000000000001100011110000110000000011110000010000010000000100000000000000000000000
000000001000100000000001001000110100000000111011100000000001001000000000000000000100010000000100000000001000000011010001100000100000000000000000000000
000000001001000000000000110001011000000000100111100000000000110000000000000000000000000000000000000000000000000001110000000000100000000000000000000000
000010101100000000000000000011000000000000111000000000000000000000000000011000000000000000000000000000000011000000110000011100011000000000000000000000
000100010000001000000000000000010000000000011000000000000110000000000000011000000001000000000000000000000100000000000000011100001000000000000000000000
000010000000011100000000000000011010000000000000000000000110000000000000000000000111000000100100001011000011000010000000011100000100000000000010100000
000000110000000000000000000000000011000000000000000000000010000000000000000000000111000001101000001110000000000111100000000001001000000000000000010000
000001110000000000000000000000000011000000000000000000000001000000000000000000000000000001000010000000000000001000010000000001110000000000001100001000
001100010000100000000000000000000000000100000000000000000001000000000010000000000000000001101010011110000000100010000110000000000000000000001101111100
001010000000000000000000000000000000001010000000000000000001000000000111000000000000000000100010010110000000000000010001000000000000001000000100011000
000100000000000000001110000000000000000000000000000000000000000000001001000000000000000000000000000000000000010100001110000000000001011000000000000000
000000000000111000110001000000011000000000000000000000000000000000011010000000000000000000000000000000000000011000000000000000000000100001010000000000
000000000000100000100000000000000000000000000000000000000000000000001100000000000000000000000000000000000000011000000000000000000000000001110000100000
000000000001100000100000100000000000000000000000000000000000000000101000000000000000000000000000000000000000110000000000000000000000000001001100110100
000000000011100000011000000000000000000000000000000000000000000000010000000000000000000000000000000000000000110000000110000000000000000000011100011100
000000011011000000000011000000000000000000000000000000000000000010000000000000011100000000000000000000000000010100001010000000000000000000000000001000
000000011010000000000000000000000000000001000000000000000000000010000000000000010010000000000000000000000000001000010010000000000000000001000100000000
000000000100000000001100000000000000000001000000000000000000000100010000000000000001000000000000000000000000010000010000000000000000000001000010000000
000000000000000100001100000000000000000000000001000000000000000011001000000000000001000000000000000000000000000110010100000000000000000001000100000000
000000000000000100100011100000000000000000000001100001110000000010000000000000000010000000000000100000000000000000001100000010000000000000011111000000
000000000000000100010011100000000000000000000000010001000111100000111000000001100010000100001000111000000000001010000000000101000000000000011100001100
000000000000000000000000110000000000000000000001100000010010110000000000000001101100000000100010111110000000000100000000001000100000000000000000010000
000000000000000000000100011100000000000000000001000000100000001000000000001001000010000010000010001111000000000000000000001000100000000000000000011100
000000000000000000100000000000000000110000000000000000100010101000000000001001100100000100000110001001000011000000000000001111001100000000000000001100
000000011100000000101100010110000001000001000000000000100000110000000000000011100110001000000000001110000010100000000000000100111110000000000000001111
000000010010000000011010001000000010000100100000000000000000000000000000000010000000001000100000000100000011100000000000000011011001000000000000000110
000000001100000000000011000000000001110110100000000000011000000000000000000000000001001000001000000000000001010000000000000011101110000000000000000000
000000000000000100000011000000000000110111000000000001100111000000000000000000000000001000111100000000000000110000000000000010101100000000000000000000
000000000000000100000000100000000000000000000000000001100000100000000000000000000000001101100100000000000001101000000000001101010000000000000000000000
000000000011100000000010000011000000000000000000000000000000010000000000000000000000011100001100000000000000101000000000001101100000000000000000000000
000000000000000000000001111110000001000000000000000000000000010011110000000000000001101000000000000000000000010000000000000010100000000000000000000000
011100000000010000000000110110000010100000000000000000000001000101010000000000000000110000000000000000000000000000000000011101000000000000000000000000
110110000000001000000000001100000100100000000000000000000000010001000000000000000000000000000000000000000000000000000000000001000000000000000000000000
100110000010101100000011011000000011000001100000000000000000110101100000000000000000100000000000000000000000000000000000000000000000000000000000000000
011000001011001100000001110000000000000000000000000000000000111101010110000000000001010000000000000000000000000000000000000000000001100000000000000000
000000001001001100000000100000000000000000000000000000000001100010000110100000000001010000000000000000000011000000000000000000000000010000000000000000
000000000011000000000000000000000000000000000000000000000000110010000100010000000000100000000010000000001001000000000000001101110000000000110000000000
000000000011100000000000000000000000011000000000000000010001100011100000000000000000000000000101000000010001100000000000001100000000000000001000000000
000000000001010000000000000000000000011000000000000000100000000000000000000001100000000000000101000000101111100000000000000000000000000001001000000000
000011000000100000000000000000000000010000000000011110000000000000000000000001001000000000000010000010001000000000000000000100000000000001110000000000
000101100000000000000000000000000000000000000000011100001100000000000000010001101100000000000000000100001000000000000000000110000000011000000000000000
000011010000000000000000000000000000000000000000000000100000000000000000110000101000000000000000000100110000000000000000000100000000011000000000000000
000000100000000000000000000000000000001011000000001000101100010000000000101000000000000000000000000101000111000000000000000000000000001100010000000000
000000000000000000000000000000000000010001000000001010011110011000011100101000000000000000000000000101000100100000000000000000000000000010001000000000
000000000000000000000000000110000001000000000000000100110110001100011011010100000000000000100000000000101000100000000000000000000000001000000100000000
101110000000000000000000000001000000000010000000000000101010111010011010101000000000000001010000000000000001000000000000000100000000011100000000011101
100001000000000000000000001110000000010000000000000000011100111001010010100001100000000011001011100100000001000000000000001010000000000000000010000110
001000100000000000000000000100000000001101000000000000001100000000111001000001100000000000101010000100000010000000000000001001000000010100000000000010
100001000110000000000000000000000000000010100000011000000000000110010110000001000000000000001010000100010000000000110000000110000000001100100100000010
000000001011110000000001100000000001000001000000111000000000000000001100000000000000000011100000000011100000000011110000000000000011000000101000000001
000000000010111100000001100000000010100000000001001000000000000000000100000000000000001000000000000000000000000011011000000000000000000000010000000000
000000000000000100000000000000000011000000000001110000000000000000000000010010000000010001000000000000000000000011100000000000000000000001100000000000
000000000001110000000000000000000000000000000001100000000000000000000000100010000000100000000000000000000001000110000000000000000000000000000000000000
000000000001000010000001011100000000000000000000000000000000000000000000100011000001000000001000000000000010001001000000000010000000000000000000000110
000000000000000000000010000000000000000000000000000000000000000000000001101000000000001000011110000000000001001110000000000010000001100000000000000110
000000000001111100000000001100000000000000000001000000000000000000000000100100000010110000101011000000000000000000000000000001000001000000000000000000
000000000000000000000001000000000000000000000001000000000000000000000000011110000001000001100010100000000000000000000000000111000000000000000000000000
000000000000000000000000000000000000000000000001000000000000000000000000010101000000110000101000110010000000000000000000011000000000000000000000000000
110000000000000000000000100000000000000000000000000000000000000000000010000011000000111000011010001111000000000000000000010000010000000000000000000001
000000000000000000000000010000000000000000000000000000000000000000000101011111000000101000001110000100000000000000000000010100001100000000000000000000
000000000000000000000000111000000000000000000000000000000000000000000101100000000000000000000011000001000110000000000001101000011100000000000000000000
000000000000000000110000000100000000000011000000000000000000000000000010000000000000010000000000010010001001000000000011000000100010000000000001100000
000000011111000011111011000010000000000011000000000000000000000000000000000000000000110100000000001111000000100000000100001010000010000000000001100000
000000100000110100000100000011000000000000000000000000000000000000000000000000000000100100000000000000000100100000000011110011001111100000000000000000
000000100000001101100000010001000010000000000000000000000000000000000000000000000001001000000000000000100000100000000000000000001101100000000000000000
000000011110101010000001100001000111000000000000000000000000000000000000000000000000111000000000000000010101100000000000000001010000010000000000000000
000110000000010100001100101010001010100000000000000000000000011111000001000001100000000111010000000000001101100000000000000001110000100000000000000000
010110000000000000000101101000011101110000000000000000000000111100100010100010001100000111001100000000000101000000000000000010010000111000000000000000
110110000000000000001011000000001000110000000000001100000000100010100100010010001100000011001010000000000000000000000000000011000000110000000000000000
111000000011100000001110000000000101000000000000010100010100100011000010100010000010000011001000000000000000000000000000000000000000000000110111000000
110000001010000000000110000000000001010000000000100000010100000010000001000001000110000101000100100000000000000000011000000000000000000000110001100100
011000010110000000000110000000000000011100000000010100010000000100100000000000111100001001000000000000000000000000100100000000000000000000000011011100
001000010100000000000011000000000000011100000011001000000000001111110000000000001110001000000001000000000000000000101000000000000000000000000000010010
000110001000000010001110000000000000001000000000000000000000000010011000001000000001100000000000010000000000000000010000000000000000000000001000000001
000000000000000010010100000000000000000000000000000000000000000001001000001000000011100010000000110000100000000000000000000000000000000000100100010010
001000000000001010011000000000000010100000000000000000000000000001000000001000000001110010000000000011010000000000000000000000000000000000111000011000
011011000100000001011001000000001101000000000000000000000000000001100000000000000000000000000000000000010000000000000000000000000000000001001000011000
111011101010001101100100100000011100011000000000000000000000001101110000000000000000010010000000000101100000000000000000000000000000000000110000000001
000010101000000111000000000000010000101100000001100000000000001110110000011111100011000000000000001010000000000000000000000000010000000000000000011000
101110100000000100001001000000101101000100000001100000001100011110000001100000000000000110000000011000000000000000000000000000101100000000000000110001
101111000000000000000100000000011100000000000000000001111000000000100000001010001001111100000000001010000000000000000000000001101100000000000001100000
000000000000000000000001000000010000000000000000000011100010000000000010000000010001100001100000000001000000000000000000000000001100000000011100101010
100000000000000000000111000000000001100000000000000110111100000101000011000010010000101100010100001001000000000000000000000000101000000000111000100001
000000000000000000000000000000000011010000000000000000000000001101000000111010100000000100101011001010000000000000000000000000010000000001100000000000
000000000000000000000000000000001100100000000000000000000001000000010000000000000000000101110011000010000000000000000000000000001000000000111101010011
100000000000000000000000010000011110000000000000000000001011100010101011000000000000001001011011000000000000000000000000011000010000000000011011000000
000000000000000000000000010000010011100000000000000000001100100010010001100000000000000001011011000001010000110000000001010110001000000000000000101001
100011100000000000011000000000000010000011100000000000010110000010000011000000000000000000011000000000100000000000000010011111101000000000000000101000
100100010000000000011100000000000111100001100000000000000001010100000000000000000000010010010100000000000000000000000001000110000111100000000100110000
001000001000000000100000000000000110100011000000000000010001111000000000000000000000001000011000100000000000000000000000111110000100100000000111000000
001000001000000000000000010000000001010000000000000000001110000000000000000000000000000100000100100000000010011000000000010111000110100000000000000100
101000001000000000000000010000000000100000000000000000001110000000000000000000000000000000000110100000000110011000000000000000110011000110000000000001
100100010000000000000000100000000000100000000111000000000000000000000000000000000000000001100100000000001100010011000000000000000000101100000000000001
000011100000000000000000000000000000000000010001000000100000000000000000000000000110000000011000000000001110000000000000000000000000001000000000000011
100000000000000000000000000001000000000000100100000000100000000000000000000000000110000000000000000000000000000000000000000000000000000000000000011111
000000000000000000000000000011000000000000111110001000100000011000000000000000000000000000000100000000000000000000000000000001110000000000001100000111
000000000000000000000000000110000000000000000000010100000000011000000000000000000000000000001011000000111000000000000000000010011000000000001001000000
000000000000000000000000011011011100000000000000000010110000000000000000001000110000000000001000100000000100000000001100000000000100000000001000000000
000000000000000000000000010111011010000000000001000000111000000000000000001101001000000001101010010000010100000000010010000010011000000000001001000000
000000000000000000000000100011010010000000000011001010111000000000000000010001000000000000101000110000000100000000001100000010010000000001010110000000
000000000000000000000000110100001110000000000001101100001000000010000000001101100000000000101010100000000000000000000000000001100000000001011000010110
011100000000000000110000010000000000000000000000101111000000000011000000010110000000000011100000000000011100000001000000000110100000000000011000001110
101011000000000001010000010110000000000000000000000000011001111001000000001000000001000010000101100010001101000010100000001000100000000111110000100100
010000000000000001100011001001000000000000000000000000111011000110000000000000010000010010100000001000100000100001100000001001100000001110110000110111
111000100000000000000011000111000000000000000000000000011011000100000000000001101000000000100000001110101101100000000000000111000000001100011000101111
010100100000000000000000000000001000000000000000000000000011000000000000000001010110000000010000000000000000000000000000000010000000011000100000010110
110101101100000000000000000000011100000000000000010100000000000000000000000001010110000000101000000000000000000000000000000000000000001100000000110110
110010110100000000000000000000111010000000000000100010000000000000000000000000001001000000110000000000000000000000000000000000000000011000000000110000
000000101000000000000000000001000010000000000000000011000000000000000000000000000110000000000000000000000000000000110000000000000000101000000000000000
000001100000000000000000000011001100000000000001000011000000000000000000011000000000000000000000000000000000000110011000000000000000000011000000000000
000000000000000000000000000111001000000000000001001010000000000000000000101100000000000000000000000000000000000000110000000000000000100011000000000000
000100000000000000000000000011000000100000000001000010000001000000000011001100000000000000000000000000000000000101100000000000000000000000100000000000
000010111000000000000000000001100000110000000001000010000010100000000001011000000000000000000000000000000000000100000000000000110100011101110010000000
000000000000000000000000000000100010000000000001000000000010100000000000110000000000000000000011000000000000000011100000000111000011110001111111000000
000000000000000000000000001100001110010000000110000100000001000000000000000000000000000000000100100000000000000010010000000111000011110000001101000000
100000000000111000000000011111000100100000000101101000000000000000000001011000000000000000000011000000000000000011000001100000100101100000000101100000
010000000000000000000000100000000011100000000000000000000000000000000011011000000000000000000000000000000000000111000011100000011000111000000011100011
001000000000000000000000010111000000000000000000000000000000000000000100000010000000000000000000000000000000000110000001011000011000111000000001101100
000001110000000000000000000000000000000000000000110000000000001110001001111001000000000000000000000000001100000000100000110000010100110000000000001000
000011101100000000000000000000000000000000000000110000000000001000000111011000110000000000000000000000000100000001100000010000110110000000000000000100
