000000000000000000000110000000000000000000000000000000000000000000000000000000000000000000000000000000000000000000000000000000000000000000000000000000
000000000000000000001001000000000000000000000000000000000000000000000000000000000000000000000000000000000000000000111000000000000000000000000000000000
000000000000000000000110000000000000000000000000000000000000000000000000000000000000000000000000011100000000000000101000000000000000000000000000000000
000000000000000000000000000000000000000000000000000000000000000000000000000000000001100000000000000000000000000000000000000000000000000000001000001100
000000000000000000000000000000000000000000000001000000000000000000000000000000000001100000000000000000000000000001001000000000000000000000010100001100
000000000000000000000000000000000000000000000001000000100000000000000000000000000000000000000000000000000000000010001000000000000000011000000010000000
000000000110000000000000000000000000000000000001000000100000000001100000000000000000000000000000000000000000000110110000000000000000011000100010000000
000000001001000000000000000000000000110000000000000000100000000001100000110000000000000000000000000000000000000001000000000000000000000000000001000000
000000001001000000000000000000000000110000000000000000000000000000000000110000000000000000000000000000000000000000011000000000000000000000000001000000
000000000110000000000000000000000000000000000000000000000000000000000000000000000000000000000000000000000000000000010100000000000000011000010101100000
000000000000000000000000000000000000000000000000000000000000000000000000000000000000000000000000000000000000000001100000000000000000010110000000010000
000000000000000000000000000000000000000000000000000000000000000000000000000000000000000000000000000000000000000001110001000000000000010001000001101100
000000000000000000000000000000000000000000000000000000000000000000000000110000000000000000000000110000000000000000000011000000000000011001000001101100
000000000000000000000000000000000000000111000000000000000000000000000000110000000000000000000000110000000000000000000000000000000000001110000000010000
000000000000000000000000000000000000000110000000000000000000000000000000000000000000000000000000000000000000000111000000000000000000000100000000000000
000000000000000000000000000000000000000101000000000000000000000000000000000011000000000000000000000000000000001000100000000000000000000000000000000000
000000000000000000000000000000000000000101100000000000000000000000000000000000100000000000000000000000000110000101000000001000000000000000000000000000
000000000000000000000000000000000000000100100000110000000000000000000000000100000000000000000000000000001001000010001000000110000000000000000000000000
000000000000000000000000000000000000000011000100000000000000000000000000000100001000000000000000000000000110000000010100110100000000000000000000000000
000000000000000000000000000000000000000000000100010000000000000000001000000100001000110000000000000000000000000000100000011000000010000000000000000000
000000000000000000000000000000000000000000000101111000000000000000010100000010000001001000000000000000000000000000011000000000000100000000000000000000
000000000000000000000000000000000000000000000000001100000000000000010010000001001000110000000000000000000000000000000000000000000010000000000000000000
000000000000000010000000000000000000000000000000000010000000000000001100000000011100000000000000000000000000000000000000000000000000011100010000000000
000000000000000011000000000000000000000111000001100100000000110000000000000000100000000000000000000000000000000000110000000000000001001101101000000010
000000000000000001000000000000000000000100000011011000001100110000000000000000110000000000000000000000000000100000001000000000000010000011101000000111
100000000000010001000000000000000000111100000000100000001100000000000000000000011000000000000000000000000000100000000000000000000110010100010000001010
110000000000110000000000000000000000011001000000000000000000000000000000000000000000000000000000000000000000000000110000000000001010000000000000000010
100000000000100001000000000000000011010111100000000000000000000000000000000000000001000000000000000000000000000000000000000000000100000000000000010000
100000000000001110000000000000000010000111010000000000000000000000001000000000000010100000000000000000000000000000000000000000000110100000000000000101
000000000000000000000000000000000010100001000000000000000000000000100110000000000001100000000000000000000000000000000000000000000011100001001000000000
000010000010000000000000000001000001101111000100000000000000000001000011000000000000000000000000000000000000000000000000000000000001000001000000000000
000010000101000000000000000010100000000000000100000000000000000001101000100000000000000000000000000000000000000000000010000000000000000001000100000000
000010000110000000000000000010100000000000001000111000000000000000010111100000000000000000000000000000000000000000000101000000000001000001000010000110
000000000000000000000000000001000000000000000001000100000000000000011011110000000000000011000000000000000000000000001001000110000010100001100010010010
000000000000000000000000000000000000000000000001000100000000000000011100101000000000000011000000000000001100000000000110001010000000010010010100000100
000000000000000000000000000000000010100000000001000100000000000011101000101000000000000000000000000000001100000000000000001110011000110001100000000000
000000000000000000011000000000000010100011100000111000000000000100000000010000100000000000000000000000000000000000000000001100011010001000000001100000
000000000000000000100100000000000010101100100000000000000000000100100000000010100000000000000000000000000000000000000000000110000000010100000001000000
000000000000000000100100000000000010101100000000000000000000000100000000000100000000000000000000000000000000000000000000000001000010000000000000000000
000000000000000000011000000000000010100001010000000000000000000000000000000010000000000000000000000000000000000000000000000011100000001000000000000000
000000111000000000000000000111000001111101011000000000000000000001110010000011110000000000000000000000000000000000000000000010000000000000000000000000
000000000000000000000000000100100000010100000000000000000000000000000101001111001000000000000000000000000000000000000000000000100010110000000000000000
000000000000000000000000000101100000010001000000000000000000000000000101001001010000000000000000000000000000000000000000000001000011000000000000000000
000000000000000000000000000000000000110010000000000000000000000000001110001101000000000010000000000000000000000000000000000000000000000000000000000000
000000000000000000000000000000000000000000000000000000000000000000011100000010000000000101000000000000000000000000000000000000000000000000000000000000
000000000000000000000000000000000000000000000000000000000000000000001100000000000000000011000000000000000000000000000000000000000000000000000000000000
000000000000000000000000000000100000000110000000000000000000000000010000000000000000000000000000000001000000000000000000000000000000000000000000000000
000000000000000000000000000000010000000110000000000000000000000000000000000000000000000000000110000010100000000000000000011100000000000000000000000000
000000000000000000000001100100000000000000000000000000000000000000000000000000000000000000000110000010100000000000000000000000000000000000000000000000
000000000000011100000000000000100000000000000000000000000000000000000000000000000000000000000000000001000000000000000000000000000000000000000000000000
000000000000000000000001101001100000000000000000000000000000000000000000000000000000000000000000000000000000000000000000000000000000000000000000000000
000000000000000000000000001110100000000000000000000000000000000000000000000000000000000000000000110000000000000000000000000000000000000000000000000000
000000000000000000000000001001010000000000000000000000000000000000000000000000000000000000000001001000000000000000000000000000000000000000000000000000
000000000000000000000000000001100000000000000000001100000000000000000000000000000000000000000000110000000000000000000000000000000000000000000000000000
000000000000000000000000000000000000000000000000001100000000000000000000000000000000000000000000000000000000000000000000000000000000000000000000000000
110000010000000000000000000111100000000000000000000000000000000000000000000000000000000000000000000001000000000000000000000001001000000000000000000000
110000101000000000000000000100010000000000000000000000000000000000001000000000000000000000000000000010100000000000000000000010011110000000000000000000
000000011000000000000000001000010000000000000000000000000000000000001000000000000000000000000000000010100000000000001100000001110001000000000000000100
000000000000000000000000000111100000000001100000000000000000000000001000000000000000000000000000000001000000000000001100000000000001000000000000001010
000000000000000000000000000010000000000010010000000000000000000000000000000000000000000000000000000000000000000000000000000000000011000000000000001001
000000001100000000000000111000000000000001100000000000000000000000000000000000001000000000000000000000000000000000000000000000000100000000000000000110
000000001010000000000001100100000000000000000000000000000000000000000011000000011100000000000000000000000000000000000000000000000000000000000000000000
000000000100000000000001000110000000000000000000000000000011000000000011000000110110000000101111000000000000000100000000000000000010000000000000000000
000000000000000000000000001100000000000000000000000000000011000000000000000000011100000000111111100000000000011010000000000000000111000000000000000000
000000000000000000000001111000000000000000000000000000000000000000000000000000001000000000101111110000000000000011000000000000000101100000000000000000
000000000000000000000000100000000000001000000000000000000000000000000000000000000000000000011101001100000000000011000000000000000011000000000000000000
000000000000000000000000100000000000010100000000000000000000000000000000000000000000000001100111111110000001000011000100000000000011000000000000000000
000000000000000000000000000000000000010100000000000000000000000000000000000000001000000000100111110001000110100001110110000011010001000000000000000000
000000000001110000000000000000000000001000000000000000000000000000000000000000011100000000000000000110000110010101010011000101011110111000000000000000
000000000010011000000000000000000000000000000000000011000000000000000000001100110110000000100000000100000110100000011100000101010001001000000000000000
000000000011000100000000000000000000000000000000000011000000001100000000010010011100000000010100000000000001100000011000010010000100011000000000000000
000000010111111011000000000000000000000000000000000000000000010010000000001100001000000000000000100000000000000000010000000000000011100000000000000000
000000100100000001000000000000100000000000000000000000011000001100000000000000000000000000111100110000000000000000000010000000000011100000000000000000
000000010100110001000000011000010000000000000000000000011000000000000000000000010000000000100010100000010000000000000110110000000000000000000000000000
000000000100010110000000011000000000000000000000000000000000000000000000000000101000000000101100101000110000000000000001000000000000000000000000001100
000000000000001000000000100000000000000000000000000000000000000000000000000000101000000000000000101100110000000000000000000000000000000000000000010010
000000001110000000000001000000100000000000000000000000000000000000000000000000010000000000001100101100000000000000000000000000000000000000000000001100
000000000000000000000000101101000000000110000000000000000000000000000000011000000000000000101000011000000000000000000001000000000000000000000000000000
000000000000000000000000000010000000000110000000000000000000000000000000011000000000000000000000000000000010000000000001000000000000000000000000000000
000000000000000000001000000000001000000000000000000000000000000000000000000000000000000000000000000000001010000000000001000000000000000000000000000000
000000000000000000001000000000010100000000000000000000000000000000000000000000000000001100000000000000001000000000000000000000000000000000000000000000
000000000000000000000000000000010000000000000000000000000000000000000000000000000000001000000000000000110000011000000000000000000000000000000000000000
000010000000000000000000000000001000000000000000000000000000000000000000000000000000000000000000000000110000011000000000000000000011000000000000000000
000010000000000000000000000000000000000000000000000000000000000000000000000000000000000000000000000000111000000000000000000000000011000000000000000000
000010000000000000000000000000000000000000000000000000000000000000000000000000000000000000000000000000000000000000000000000000000000000000000000000000
000000000000000000011011010000000000000000000000000000000000000000000000000000000000000000000000000000000000000000000000000000000000000000000000000000
111000000000001000101010100000000000000000000000000000000000000010000000000000000000000000000000000000000000000000000000000000000000000000000000000000
000000000000010101110000100000000000000000000000000000000000000010000000000001100000110000000000000000000000000000000000000000000000000000000000000000
000000000000010100100110000000000000000000000000000000000000000010000000000001100001001000000000000000000000000000000000000000000011100000000000000000
000000000000001000010010000000000000000000000000000000000000000000000000000000000000110000000000000000000000000000000000000000000000000000000000000000
000000000000000000010010000000000000000000000000000000000000111000000000000000000000000000000000000000000000000000000000000000000000000000001100000000
000010000000000000000100010000000000000000000000000000000000000000000000000000000000000000000000000000000000000000000000000000000000000000001100000000
000011000000000000000011010000000000000011000000000000000000000010000011000000000000000000000000000000000000000000000000000000000000000000000000000000
000101000000000000000011000000000000000011000000000000000000000010000011000000000000000000000000000001100000000000000000000000000000000000000000000000
000000000000000000000000000000000000100000000001000000000000000010000000000000000000000000000000000001100000000000000000000000000000110000000000000000
000000000000000000000001100000000001100000000010100000000000000000000000000000000000000000000000000000000000000000000000000000000000110000000000000000
000000000000000000000011110000000110110000000000010000001000000000110000000000000000000000000000000000000000000000000000000000000000000000000000000000
000001100001000000000100100000000111000000000000000000011100000000110000000000000000000000000000000000000000000000000000000000000000000000000000000000
000001100001000000001000000000000110110000000001110000011100100000000000000000000000000000000000000000000000000000000000000000000000000000000000000000
000000000001000000000101000000000001100000011000010000000000010000000000000000000000000000000000000000000000000000000000000000000000000000000000000000
100000000000000000000010000000000000000000011000000110110000110000000000000000000000000000000000000000000000000000000000000000000000000000000000000001
100000011100011100000000000010000000000000000000000100000100000000000000000000000000000000000000000000000000000000000000000000000000000000000000000001
000010000000000000000000000101011000000000000000000010001100000000011000000000000000000000000000000000000000000000001000000000000000000000000000000000
000010000001000000000000001100000000110000000000000001110000000000100100000000000000000000000000000000000000000000010100000000000000000000000000000000
000010000001000000000000001100100100110000000000000000000000000000011000000000000000000000000000000000000000000000100100000000000000000000000000000000
000000000001000000000000011000001000001000000000000000000000000000000000000000000000000000000000000000000000000000011000000000000000001100000000000000
111000111000000000000000010011001000010000000000000000000000000000000000000000000000000000000000000000000000000000000000000000000000010100000000000000
000000000000000000000000001111100000010000000000000000100000000000000000000000000000000000000000000000000000000000000000000000000000001000000000000000
000010000000000000000000000111110000100000000000000000100000000000000000000000000000000000000000000000000000000000000000000000000000000000000000000000
000010000000000010000000000000001110000000000000000000100000000000000000000000000000000000000000000000000000000000000000000000000000000000000000000000
000010000000000101000000000000000000000000000000000000000000000000000000000000000000000000000000000000000000000000000000000000000000000000000000000000
000000000000001001000000000000000000000000000000001100000000000000000000000000000000100000000000000000000000000000000000000000000000000010000000000000
000000000000000110000000000000000000000000001100001100000000000000000000000000000001010000000000000000000000000000000000000000000000000010000000001100
000000000000000000000000000000000000000010110100000000000000000000000000000000000010010000000000000000000000000000000000000000000000000010000000001100
000000000000000000000000000000000000000101000000000000000000000000000000000000000001100000000000000000000000000000000000000000000000000000000000000000
000000000000000000000000000000000000000101100000000000000000000000000000000000000000000000000000000000000000000000000000000000000000000000000000000000
000000000000000000000000000000000000001000001000000000000000000000000000000000000000000000000000000000000000000000000000000000000000000000000000001100
000000000000000000000000000000000000001011101100000000000000000000000000000000000000000000000000000000000000000000000000000000000000000000000000001100
000000000000000000000000000000000000001000101000000000000000000000000000000000000000000000000000000000000000000000000000000000000000000000000000000000
000000000000000000000000000000000000000000010001010000000000001000000000000000000000000000000000000000000000000000000000000000000000000000000000000000
000000000000000000000000000000000000000000001010111000000000011100000000000000000000100000000000000000000000000000000000000000000000000000000000000000
000000000000000000000000000000000000000000000100001000000000110110000000000000000001010000000000000000000000000000000000000000000000000110000000000000
000000000011000001100000000000000000000000000000010000000001100000000000000000000001010000000000000000000000000000000000000000000000000110000000000000
000000000011000001100000000000000000000000000011000000000000000010000000000000000000100000000000000000000000000000000000000000000000000000000000000000
000000000000000000000000000000000000000000000000000010000011111010000000000000000000000000000000000000000000000000000000000000000000000000000000000000
000000000000000000000000000000000000000000000000000010001101111010000000000000000000000000000000000000000000010000000000000000000000000000000000000000
000000000000000000000000000000000000000000000000000101010001010000000000000000000000000000000000000000000000101000000000000000000000000000000000000000
000000000000000000000000000000000000000000000000000010000001110000000000000000000000000000000000000000000001001000000000000000000000000000001100000000
000000000000000000000000000000000000000000000000000010010100110000000000000000000000000000000000000000000000110000000000011000000000000000010010000000
000000000000000000000000000000000000000000000000000011000100000000000000000000000000000000000000000000000000000000000000011000000000000000010100000000
000000000000000000000000000000000000000000000000000100110000000000000000000000000000000000000000000000000000000000000000000000000000000000001000000000
000000000000000000000000000000000000000000000000000100000000000000000000000000000000000000000000000000000000000000000000000000000000000000000000000000
000000000000000000000000000000000000000000000000000001111000000000000000000000000000000000000000000000000000000000000000000000000000000000000000000000
000000000000000000000000000000000000000000000000000001001000000000000000100000000000000000000000000000000000000000000000000000000000000000000000000000
000000000000000000000000000000000000001100000000011000010000000000000001010000000000000000000000000000000000000000000000000000000000000000000000000000
000000000000000000001100000000000000001100000000011000000000000000000001010000000000000000000000000000000000000000000000000000000000000000000000000000
000000000000000000001100000000000000000000000000000000000000000000000000100000000000000000000000000000000000000000000000000000011000000011000000000000
000000000000000000000000000000000000000000000000000000000000000000000000000000000000000000000000000000000000000000000000000000100100000100100000000000
000000000000000000000000000000000000000000000000000000000000000000000000000000000000000000000000000000000000000000000000000000011000000011000000000000
000000000000000000000000000000000000000000000000000000000000000000000000000000000000000000000000000000000000000000000000000000000000000000000000000000
000000000000000000000000000000000000000000000000000000000000000000000000000000000000000000000000000000000000000000000000000000000000100000000000000000
000000000000000000000000000000000000000000000000000000000000000000000000000000000000000000000000110000000000000000000000000000000001010000000000000000
000000000000000000000000000000000000000000000000000000000000000000001100000000000011100000000000110000000000000000000000000000000001010000000000000000
000000000000000000000000000000000000000000000000000000000000000000001100000000000000000000000000000000000000000000000000000000000000100000000000000000
000000000000000000001100011000000000000000000000000000000000000000000000000000000000000000000000000000000000000000000000000000000000000000000000000000
000000000000000000010010011000000000000000000000000000000000000000000000000000001000000000000000000000000000000000000000000000000000000000000000000000
000000000000000000010100000000000000000000000000100000000000000000000000000000010100000000000000000000000000000000000000000000000000000000000000000100
000000000000000000001000000000000000000000000001010000000000000000000000000000010100000000000000000000000000000000000000000000000000000000000000001110
000000000000000000000000000000000000000000000001010000000000000000000000000000001000000000000000000000000000000000000000000000000000000000000000001110
000000000000000000000000000000000000000000000000100000000000000000000000000000000000000000000000000000000000000000000000000000000000000000000000000011
