001100000000000100010100111000
011000000000000011100110000011
010000000000111011000001000000
000000000000011000000001110000
111000000000001110000000100001
001100000000000111000010100000
001000000000000000000010000000
000000000000000110000000100010
001000000000000000000000100000
001000000000000000000000001100
001100000000000000000000000100
001100001110000000000000000000
001000000101010110001000011011
011001100000000010011100110001
000001000000001110000000000000
000001000000100000000000000000
000000100000000000000000000000
000000000100000001100000000011
100000000000000010010000000001
000000000000000011000000000000
000000000000000000000000000000
000000000000000000000000000000
000000000000000011011000000000
000000000000000011011001000100
000000000000000100110110000010
000000000000000000001100000000
000000000000000000010111000100
010000000010000001001000011000
111000000010000000000011010000
000100000000000010000011110001
