00000000000000000000000000000011000000000000000000
00000000000000000100000000000000000000000000000000
00000000000000000100000000000000000000000000000000
00000000000000000100000000000000000000000000000000
00000000000000000000000000000001100000000000000000
00000000000001110001110000000010010011010000100100
00000000001100000000000000000001010010111101100010
00000000011000000100000000000011100100001010000001
00000000001010000100000000000110000011111010000101
00000000000001000100000000001001000011111100000001
00000111000010000000000000000111000000000000000100
00000100000000000000000000000000000000001010011000
00000010000000000000000000000000000000001001111000
01000000000000000000000000000000000000000000010000
00110000000000000000000000000000000000000011100000
01100000000000000000000000000000000000000000000000
00000000000000000000000000110000000000000000100000
00000000000000000000000000101000000000000000100000
00000000000000000000000000100000000000000000000000
00000110000000000000000000000000000000001100000000
00000110000110000000000000000000000000000000110000
00000000000110000000000000000000000000000001110000
00000000000000000010000000000000000000000001100000
00000000000000000110000110000000000000000000010000
00000000000000001001000110000000000000000000011100
00000000000000000110000001000000000000000000001001
00000000000000000000000110000000000000000000011101
00000000000000000000000110000000000000000000100001
00110000000000000000000000001000000000000000000111
10100000000000000000000000010110000000000000100001
10000000000000000000000000010110000000000000001101
00000000000000000000000000000110000000000000000110
00000000000000000000000000101000000000000000000000
00000000000000000000000000010100000000000000000000
00000000000000000000000000000000000000000000000000
00000000000000000000000000000000000000000000000000
00000000000000000000000000011000000000000000000000
00000000000000000000000000000100000000000000000000
00000000000000000000000000001010000000000000000000
00000000000000000000000000000100000000000000000000
00000000000000000000100000000101110000000000000000
00000000000000000000100000000001001000000000000011
10000000000000000000100000000000110000000000000100
00000000000000000000000000000000000000000000000011
00000000000000000000000000000000000000000000000000
00000000000000000000000000000000000000000000000000
00000000000000000000000000000000000000000000000000
00000000000000000000000000000000000000000000000000
00000000000000000000000000000000000000000000000000
00000000000000000000000000000011000000000000000000
