000000000000000000000110000000000000000000000000000000000000000000000000000000000000000000000000000000000000000000111000000000000000000000000000000000
000000000000000000001001000000000000000000000000000000000000000000000000000000000000000000000000001000000000000001111000000000000000000000001000000000
000000000000000000000110000000000000000000000000000000000000000000000000000000000000000000000000001000000000000011000000000000000000000000010100000000
000000000000000000000000000000000000000000000000000000000000000000000000000000000001100000000000001000000000000110001100000000000000000000110110001100
000000000000000000000000000000000000000000000000000000000000000000000000000000000001100000000000000000000000000011001100000000000000000000010010001100
000000000000000000000000000000000000000000000011100000000000000000000000000000000000000000000000000000000000000000001000000000000000011000001100000000
000000000110000000000000000000000000000000000000000001110000000001100000000000000000000000000000000000000000000000010000000000000001001000000000000000
000000001001000000000000000000000000110000000000000000000000000001100000110000000000000000000000000000000000000000101000000000000001010000000000000000
000000001001000000000000000000000000110000000000000000000000000000000000110000000000000000000000000000000000000000101000000000000001110000000010000000
000000000110000000000000000000000000000000000000000000000000000000000000000000000000000000000000000000000000000000010000000000000000000000000011100000
000000000000000000000000000000000000000000000000000000000000000000000000000000000000000000000000000000000000000000000000000000000000000000000100010000
000000000000000000000000000000000000000000000000000000000000000000000000000000000000000000000000000000000000000000000000000000000000000000000011010110
000000000000000000000000000000000000000010000000000000000000000000000000110000000000000000000000110000000000000000000000000000000000011000000011101000
000000000000000000000000000000000000000001100000000000000000000000000000110000000000000000000000110000000000000001010000000000000000100100000000011000
000000000000000000000000000000000000000011100000000000000000000000000000000000000000000000000000000000000000010000000000000000000000000000000000010000
000000000000000000000000000000000000000001100000010000000000000000000000000000000000000000000000000000000001101000000000000000000000000011000000010000
000000000000000000000000000000000000000000000000111000000000000000000000000100000000000000000000000000000110000000000000001100000000001001000000000000
000000000000000000000000000000000000001100000001001100000000000000000000001101110000000000000000000000001001111100110000100101000000001110000000000000
000000000000000000000000000000000000001100000001110000000000000000000000011000001000000000000000000000000110001100010011001010000000000000000000000000
000000000000000000000000000000000000000000000000000000000000000000001000001010001000011000000000000000000000000011000000100000000000000000000000000000
000000000000000000000000000000000000000000000000000000000000000000010100000010010000111000000000000000000000000001000000000000000000000000000000000000
000000000000000000000000000000000000000011000000000000000000000000010010000110100000011000000000000000000000000000000000000000000000001100000000000010
000000000000000000000000000000000000000111000010000000000000000000001100000001000010100000000000000000000000000000000000000000000000010001000000000101
100000000000000000000000000000000000000100100011100000000000110000000000000000000011000000000000000000000000000000010000000000000000010001100000000100
110000000000000001100000000000000000111011100010100000001100110000000000000000000110000000000000000000000000000000010000000000000000000000100000000000
110000000000000000000000000000000101110011100001000000001100000000000000000000001100000000000000000000000000000000010000000000000010000100100000000110
110000000000000101100000000000001100000000000000000000000000000000000000000000101100000000000000000000000000000000000000000000000111100001000000000100
000000000000001100000000000000010100000000000000000000000000000000001100000000010001000000000000000000000000000000000000000000000000011100000000000011
000000000000000110000000000000110000000000000000000000000000000000000110000000000010100000000000000000000000000000000000000000100000111010000000000000
000000000000000000000000000000111000110000000000000000000000000000110110000000000001100000000000000000000000000000000000000000100000100001000000000000
000000000010000000000000000001110101100000000000010000000000000000111001000000000000000000000000000000000000000000000000000000000001100011000000000000
000111000101000000000000000010100111000000000000010000000000000001100101100000000000000000000000000000000000000000000010000000010101001111000000000000
000000000110000000000000000010100010000000000000010000000000000001001010000000000000000000000000000000000000000000000101000000000011001110000000000110
000000000000000000000000000001000000000000000000000000000000000010011000000000000000000011000000000000000000000000001001000000000010000000000000000110
000000000000000000000000000000000000001010000111000111000000000010000100000000000000000011000000000000001100000000000110001100000000000000001000000000
000000000000000000000000000000000000010110000000000000000000001000011110000000000000000000000000000000001100000000000000001100000000001000011000000000
000000000000000000011000000010000100010001000000010000000000011011000010000001000000000000000000000000000000000000000000000000000100010100011011100000
000000000000000000100100000111000100000000000000010000000000110010111100000010100000000000000000000000000000000000000000000000001000010100000001100000
000000000000000000100100001001100100000000000000010000000000011000110000000100010000000000000000000000000000000000000000011100001000001000000000000000
000000010000000000011000001101100000000000110000000000000000001000011000001100000000000000000000000000000000000000000000011100000000000000000000000000
000000010000000000000000011100000000000110110000000000000000000000011000001111100000000000000000000000000000000000000000001110000000110000000000000000
000000010000000000000000001101000000001110110000000000000000000000101010000110000000000000000000000000000000000000000000000010100000001000000000000000
000000000000000000000000000100100000000110000000000000000000000001100001000100000000000000000000000000000000000000000000000011000000110000000000000000
000000000000000000000000000100000000000000000000000000000000000000111110011010000000000010000000000000000000000000000000000001000000000000000000000000
000000000000000000000000000010100000000000000000000000000000000000011100011100000000000101000000000000000000000000000000000000000000000000000000000000
000000000000000000000000000001000000000000000000000000000000000000000000000111000000000011000000000000000000000000000000000000000000000000000000000000
000000000000000000000000000000000000000110000000000000000000000000000000000000000000000000000000000001000000000000000000001000000000000000000000000000
000000000000000000000000000000000000000110000000000000000000000000000000000000000000000000000110000010100000000000000000001000000000000000000000000000
000000000000001000000000001000011000000000000000000000000000000000000000000000000000000000000110000010100000000000000000001000000000000000000000000000
000000000000001000000000010100111000000000000000000000000000000000000000000000000000000000000000000001000000000000000000000000000000000000000000000000
000000000000001000000000000000111000000000000000000000000000000000000000000000000000000000000000000000000000000000000000000000000000000000000000000000
000000000000000000000000000000000000000000000000000000000000000000000000000000000000000000000000110000000000000000000000000000000000000000000000000000
000000000000000000000000000001000000000000000000000000000000000000000000000000000000000000000001001000000000000000000000000000000000000000000000000000
000000000000000000000000001011011000000000000000001100000000000000000000000000000000000000000000110000000000000000000000000000000000000000000000000000
000000000000000000000000011000001000000000000000001100000000000000000000000000000000000000000000000000000000000000000000000000000000000000000000000000
110000010000000000000000001100000100000000000000000000000000000000000000000000000000000000000000000001000000000000000000000000011001100000000000000000
110000101000000000000000000011001000000000000000000000000000000000000000000000000000000000000000000010100000000000000000000000011000110000000000000000
000000011000000000000000000000110000000000000000000000000000000000011100000000000000000000000000000010100000000000001100000011111000010000000000000100
000000000000000000000000000000000000000001100000000000000000000000000000000000000000000000000000000001000000000000001100000011000000001000000000001010
000000000000000000000000000000000000000010010000000000000000000000000000000000011100000000000000000000000000000000000000000000000000110000000000001001
000000001100000000000110100000000000000001100000000000000000000000000000000000000000000000000000000000000000000000000000000000000000100000000000000110
000000001010000000000100000000000000000000000000000000000000000000000011000001000001000000000000000000000000000000000000000000000000000000000000000000
000000000100000000001000001001100000000000000000000000000011000000000011000001000001000000110000000000000000011100000000000000000010100000000000000000
000000000000000000000100000110100000000000000000000000000011000000000000000001000001000001010000010000000000000001000000000000000001000000000000000000
000000000000000000000100000100000000000000000000000000000000000000000000000000000000000000000000010001000000100000100000000000000001000000000000000000
000000000000000000000010000100000000001000000000000000000000000000000000000000000000000000010000000110101100000000100000000000001110000000000000000000
000000000000000000000000111000000000010100000000000000000000000000000000000000000000000000110000000100000100110111000000000000001010111100000000000000
000000000001010000000000000000000000010100000000000000000000000000000000000100000000000000100000100010011000010000000001100010001000100010000000000000
000000000001010000000000000000000000001000000000000000000000000000000000001110000011000000000001011100000000000000000011101011001100110110000000000000
000000001100010000000000000000000000000000000000000011000000000000000000011011000100100000000000000100010000000000000010010011011100000000000000000000
000000011000000000110000000000000000000000000000000011000000001100000000111011100011000000000000001101110000000000000000001011010000000000000000000000
000000110000100001001000000000000000000000000000000000000000010010000000011001010000000000011000000000000000000000000000001010000000000000000000000000
000001100101000010001000001100000000000000000000000000011000001100000000001000111000000000010100000000000000000000000000000100000000000000000000000000
000000110100000011011000000110000000000000000000000000011000000000000000000100011100000000010110000000000000000000000010000000000000000000000000000000
000000011110000100010000000110000000000000000000000000000000000000000000000010000110000000110010001000000000000000000010000000000000000000000000001100
000000010010000110000000100100000000000000000000000000000000000000000000000001111100000001000010010100000000000000000000000000000000000000000000010010
000000000010100010000001101100000000000000000000000000000000000000000000000000111000000000000010100010000000000000000000000000000000000000000000001100
000000000011000000000000101000000000000110000000000000000000000000000000011000010000000001100000100010000000000000000011100000000000000000000000000000
000000000000000000000000000000000000000110000000000000000000000000000000011000000000000000011101110110000000000000000001100000000000000000000000000000
000000000000000000000000000000000000000000000000000000000000000000000000000000000000000000000000000000000100000000000000000000000000000000000000000000
000000000000000000000000000000000000000000000000000000000000000000000000000000000000001100000000000000000100000000000000000000000000000000000000000000
000000000000000000000000000000000000000000000000000000000000000000000000000000000000001100000000000000000100011000000000000000000000000000000000000000
000000000000000000000000000000000000000000000000000000000000000000000000000000000000000000000000000000100000011000000000000000000011000000000000000000
000111000000000000000000000000000000000000000000000000000000000000000000000000000000000000000000000001010000000000000000000000000011000000000000000000
000000000000000000010000100000000000000000000000000000000000000000000000000000000000000000000000000000110000000000000000000000000000000000000000000000
010000000000000000101000011000000000000000000000000000000000000000000000000000000000000000000000000000000000000000000000000000000000000000000000000000
010000000000000000011000001000000000000000000000000000000000000000000000000000000000000000000000000000000000000000000000000000000000000000000000000000
010000000000000001110000000000000000000000000000000000000000000111000000000001100000110000000000000000000000000000000000000000000001000000000000000000
000000000000000000000001010000000000000000000000000000000000000000000000000001100001001000000000000000000000000000000000000000000001000000000000000000
000000000000000000000001000000000000000000000000000000000000010000000000000000000000110000000000000000000000000000000000000000000001000000000000000000
000001110000000000000001110000000000000000000000000000000000010000000000000000000000000000000000000000000000000000000000000000000000000000001100000000
000000010000000000000000000000000000000000000000000000000000010000000000000000000000000000000000000000000000000000000000000000000000000000001100000000
000000100000000000000000000000000000000011000000000000000000000000000011000000000000000000000000000000000000000000000000000000000000000000000000000000
000000000000000000000110000000000000000011000000000000000000000111000011000000000000000000000000000001100000000000000000000000000000000000000000000000
000000000000000000000100000000000001100000000000000000000000000000000000000000000000000000000000000001100000000000000000000000000000110000000000000000
000000000000000000000100000000000000000000000000110000011100000000000000000000000000000000000000000000000000000000000000000000000000110000000000000000
000000000000000000000000010000111101000000000000110000110000000000110000000000000000000000000000000000000000000000000000000000000000000000000000000000
000001100000000000001000000000110111000000000000000000110000000000110000000000000000000000000000000000000000000000000000000000000000000000000000000000
000001100011100000001000000000110011010000000000000001010000000000000000000000000000000000000000000000000000000000000000000000000000000000000000000000
000000000000000000001000010000001110010000011000110011111000110000000000000000000000000000000000000000000000000000000000000000000000000000000000000000
100000001000001000000000100000000000100000011000110010100000110000000000000000000000000000000000000000000000000000000000000000000000000000000000000001
100000001000001000000111000000000000000000000000000011000000000000000000000000000000000000000000000000000000000000000000000000000000000000000000000001
000000001000001000000000000000000001110000000000000001110000000000011000000000000000000000000000000000000000000000001000000000000000000000000000000000
000111000000000000000000000000000011000000000000000000010000000000100100000000000000000000000000000000000000000000010100000000000000000000000000000000
000000000011100000000000000000000110111100000000000000000000000000011000000000000000000000000000000000000000000000100100000000000000000000000000000000
010000010000000000000000000001100100010000000000000000000000000000000000000000000000000000000000000000000000000000011000000000000000001100000000000000
010000010000000000000000011000000000010100000000000000000000000000000000000000000000000000000000000000000000000000000000000000000000010100000000000000
010000010000000000000000011000011000011000000000000000000000000000000000000000000000000000000000000000000000000000000000000000000000001000000000000000
000000000000000000000000000010000000000000000000000001110000000000000000000000000000000000000000000000000000000000000000000000000000000000000000000000
000111000000000010000000000001000001000000000000000000000000000000000000000000000000000000000000000000000000000000000000000000000000000000000000000000
000000000000000101000000000010001010000000000000000000000000000000000000000000000000000000000000000000000000000000000000000000000000000000000000000000
000000000000001001000000000000000100000011011100001100000000000000000000000000000000100000000000000000000000000000000000000000000000000000000000000000
000000000000000110000000000000000000001100001110001100000000000000000000000000000001010000000000000000000000000000000000000000000000000111000000001100
000000000000000000000000000000000000001000000011000000000000000000000000000000000010010000000000000000000000000000000000000000000000000000000000001100
000000000000000000000000000000000000010010000110000000000000000000000000000000000001100000000000000000000000000000000000000000000000000000000000000000
000000000000000000000000000000000000001000100100000000000000000000000000000000000000000000000000000000000000000000000000000000000000000000000000000000
000000000000000000000000000000000000000000000100000000000000011100000000000000000000000000000000000000000000000000000000000000000000000000000000001100
000000000000000000000000000000000000000000100100000000000000100100000000000000000000000000000000000000000000000000000000000000000000000000000000001100
000000000000000000000000000000000000000000001000000000000000100010000000000000000000000000000000000000000000000000000000000000000000000000000000000000
000000000000000000000000000000000000011000110000000000000000000010000000000000000000000000000000000000000000000000000000000000000000000000000000000000
000000000000000000000000000000000000001000000000000000000000010010000000000000000000100000000000000000000000000000000000000000000000000000000000000000
000000000000000000000000000000000000000000000000000000000000001100000000000000000001010000000000000000000000000000000000000000000000000110000000000000
000000000011000001100000000000000000000000000000000000000000001000000000000000000001010000000000000000000000000000000000000000000000000110000000000000
000000000011000001100000000000000000000000000000000000001110000100000000000000000000100000000000000000000000000000000000000000000000000000000000000000
000000000000000000000000000000000000000000000000000110001001000100000000000000000000000000000000000000000000000000000000000000000000000000000000000000
000000000000000000000000000000000000000000000000001010001000000000000000000000000000000000000000000000000000010000000000000000000000000000000000000000
000000000000000000000000000000000000000000000000001110010001000000000000000000000000000000000000000000000000101000000000000000000000000000000000000000
000000000000000000000000000000000000000000000000001100100000000000000000000000000000000000000000000000000001001000000000000000000000000000001100000000
000000000000000000000000000000000000000000000000001110000100000000000000000000000000000000000000000000000000110000000000011000000000000000010010000000
000000000000000000000000000000000000000000000000001110100000000000000000000000000000000000000000000000000000000000000000011000000000000000010100000000
000000000000000000000000000000000000000000000000011000000000000000000000000000000000000000000000000000000000000000000000000000000000000000001000000000
000000000000000000000000000000000000000000000000011000000000000000000000000000000000000000000000000000000000000000000000000000000000000000000000000000
000000000000000000000000000000000000000000000000111000000000000000000000000000000000000000000000000000000000000000000000000000000000000000000000000000
000000000000000000000000000000000000000000000000001110000000000000000000100000000000000000000000000000000000000000000000000000000000000000000000000000
000000000000000000000000000000000000001100000000000000000000000000000001010000000000000000000000000000000000000000000000000000000000000000000000000000
000000000000000000001100000000000000001100000000000000000000000000000001010000000000000000000000000000000000000000000000000000000000000000000000000000
000000000000000000001100000000000000000000000000000000000000000000000000100000000000000000000000000000000000000000000000000000011000000011000000000000
000000000000000000000000000000000000000000000000000000000000000000000000000000000000000000000000000000000000000000000000000000100100000100100000000000
000000000000000000000000000000000000000000000000000000000000000000000000000000000000000000000000000000000000000000000000000000011000000011000000000000
000000000000000000000000000000000000000000000000000000000000000000000000000000000000000000000000000000000000000000000000000000000000000000000000000000
000000000000000000000000000000000000000000000000000000000000000000000000000000000000000000000000000000000000000000000000000000000000100000000000000000
000000000000000000000000000000000000000000000000000000000000000000000000000000000001000000000000110000000000000000000000000000000001010000000000000000
000000000000000000000000000000000000000000000000000000000000000000001100000000000001000000000000110000000000000000000000000000000001010000000000000000
000000000000000000000000000000000000000000000000000000000000000000001100000000000001000000000000000000000000000000000000000000000000100000000000000000
000000000000000000001100011000000000000000000000000000000000000000000000000000000000000000000000000000000000000000000000000000000000000000000000000000
000000000000000000010010011000000000000000000000000000000000000000000000000000001000000000000000000000000000000000000000000000000000000000000000000000
000000000000000000010100000000000000000000000000100000000000000000000000000000010100000000000000000000000000000000000000000000000000000000000000000000
000000000000000000001000000000000000000000000001010000000000000000000000000000010100000000000000000000000000000000000000000000000000000000000000000000
000000000000000000000000000000000000000000000001010000000000000000000000000000001000000000000000000000000000000000000000000000000000000000000000000000
000000000000000000000000000000000000000000000000100000000000000000000000000000000000000000000000000000000000000000010000000000000000000000000000000000
