000000000000000000000000010000000000000000000000000000000000000000000000000000000000000000000011000000000000000000001000000001000000100000010000000000
000000000000000000000000000000000000000000000110000000000000000000000000000000000000000000000011000000000000000000001000100010100000000000000000000000
000000000000000000000000000000000000000000000110000000000000000000000000000000000000000000000000000000000000000000000111000010100000000000000000000000
000000000000000000000000000000000000000000000000000000000000000000000000000000000000000000000000000000000000000000000010000001000000000000000000000000
000000000000000000000000000000000000000000000000000000000000000000000000000000000000000000000000000000000000000000000000000000000000000000000000000000
000000000000000000000000000000000000000000000000000000000000000000000000000000000000000000000000000000000000000000000000000000000000000000000000000000
000000000110000000000000000000000000000000000000000000000000000001100000000000000000000000000000000000000000000000000000000000000000000000000000000000
000000001001000000000000000000110000000000000000000000000000000001100000000000000000000000000000000000000000000000000000000000000000000000000000000000
000000001001000000000000000000110000000000000000000000000000000000000000000000000000000000000000000000000000000000000000000000000000000000000000000000
000000000110000000000000000000000000110000000000000000000000000000000000000000000000000000000000000000000000000000000000000000000000000000000000000000
000000000000000000000000000000000000110000000000011000000000000000000000000000000000000000000000000000000000000000000000000000000000000000000000000000
000000000000000000000000000000000000000000000000011000000000000000000000000000000000000000000000000000000000000000000000000000100000000000000000000000
000000000000000000000000000000000000000000000000000000000000000000000000000000000000000000000001110000000000000000000000000000100000000000000000000000
000000000000000000000000000000000000000000000000000000000000000000000000000000000000000000000001111000000000000000000000000000100000000000000000000000
000000000000000000000000000000000000000100000000000000000000000000000000000000000000000000011000111100000000000001100000000000000000000000000000000000
000000000000000000000000000000000000001010000000000000000000000000000000000000000000000000011100000010000000000001100000000000000000000000000000000000
000000000000000000000000000000000000001010000000000000000000000000000000000000000000000000100000000011000000000000000000000000000000000000000000000000
000000000000000000000000000000000000000100000000000000000000000000000000000000000000000001001100000010000000000000000000000000000000000000000000000000
000000000000000000000000000000000000000000000000000000000000000000000000000000000000000000000000000110000000000000000000000000000000000000000000000000
000000000000000000000000000000000011000000011000000000000000000000001000000000000000000010000000010111101000000000000000000000000000000000000000000000
000000000000000000000000000000000100100000100100000000000000000000010100000000000000000000000000011010000000000000000000000000000000000000000000000000
000000000000000011000000000000000011000000011000000000000000000000001000000000000000000001110000000010001000000000000011100000000000000000000000000000
000000000000000011000000000000000000000000000000000000000000000000000000000000000000000000000000100000100000000000000000000000000000000000000000000000
000000000000000000000000000000000000000100000000000000000000000000000000000001000000000000000000100001000000000000000000000000000000000000000000000000
000000000000000000000000000000000000001010000000000000000000000000000000000010100000000000000000000000000000000000000000000000000000000000000000000000
000000000000111000000000000000000000001010000000000000000000000000000000000010010000000000000000000000000000000000000000000000000000000000000000000000
000000000000100100000000000000000000000100000000000000000000000000000000000001100000000000000000000000000000000000000000000000000000000000000000000000
000000000000100000000000000000000000000000000000000000000000000000000000000000000000000000000000000000011100000000000000000000000000000000000000000000
000000000000010000000000000000000000000000000000000000000000000011000000000000000000000000000000000000100100000000000000000000000000000000000000000000
000000000000010010000000000000000000000000000000000000000000000011000000000000000000000000000000000001000011000000000010000000000000000000000000000000
000000000011000010000000000000000000000000000000000000000000000000000000000000000000000000000001100000001011000000000010000000000000000000000000000000
000000000110110100000000000000000000000000000000000100000000000000000000000000000000000000000001100001010000000000000010000000000000000000000000000000
000000000010000000000000000000000111000000000000000100000000000000000000000000000000000000000000000000100000000000000000000000000000000000000011000000
000000000001110000011000000000000000000000000000000100000000000000000000000000000000000000000000000000000000000000111000111000000000000000100100100000
000000000000100000100000000000000000000000000000000000011000000000000000000000000000000000000000000000000000000000000000000000000000000001010010100000
000000000000000000000000000000000000000000000000000000100100000000000000000000000000000000000000000000001000000000000010000000000000000000100001110000
000000000000000000011000000000000000011000000000000000011000000000000000000000000000000000000000000000010100000000000010000000000000000000000000111000
000000011000000000010000000000000000011000000000000000000000000000000000000000000011000000000000000000010110000000000010000000000000000000000000011000
000000101000000000000000000000000000000000000000000000000000000000000000011100000010100000000000000000000001100000000000000000000000000000000000000000
000000010001000000000000000000000000000000000000000000000000000000000000100100000001000000000000000000001000100000000000000000001100000000011000000000
000000000010100000000000000000000000000000000000000000000000000000000000100010000000000000000000000000001000100000000000000000001100000000100100000000
000000000010010000000000000000000000000000000000000000000000000000000000111110000000000000000000000000000100000000000000000000000000000000010100000000
000000000001100000000000000000000000000000000000000110000000000000000000001100000000000000000000000000000000000000000000000000000000000000001000100000
000000000000000000000000000000000000000000000000001001000000000000000000000000000000000000000000000000000000000000000000000000000000000000000001011000
000100000000000000000000000000000000000000000000001010000000000000000001001000000000000000000000000000000000000000000000000000000000000000000010001000
000100000000001000000000000000000000000000000000000100000000000000000000110000000000000000000000000000000000000000000000000000000000000000000001001011
001000000000001000000000000000000000000000000000000000000000000000000000000000000000000000000000000000000000001110000000000000000000000000000000110001
000100000000001000000000000000000000000001100000000000000000000000000000000000000000000000000000000000000000000000000000000000000000000000000000010110
000000000000000000000000000000000000000001100000000000000000000000000000000000000000000000000000000000000000000000000000000000000011000000000000001000
000000000000000000000000000000000000000000000000000000000000000000000000000000000000000000000000000000000000000000000000000000000100100000000000000000
000000000000000000000000000000000001110000000000000000000000000000000000000000000000000000000000000000000000000000000000000000000100100000000000000000
000000000000000000000000000000000000000000000000000000000000000000000000000000000000001000000110000000000001100000000000000000000011000011000000000000
000000000000000000000000000000000000000000000000000000000000000001100000000000000000010100000110000000000001100000000000000000000000000011000000000000
000000000000000000000000000000000000000000000000000000000000000001100110000000000011100100000000000000000000000000000000000000000000000000000000000111
000000000000000000000000000000000000000000000000000000000000011000000110000000010100011000000000000000000000000000000000000000000000000000000000001001
100000000000000000000000000000000000000000000000000000000000011000000000000000111001000000000000000000000000000000000000000000000000000000000000001000
010000000000000111000000000011000000000000000000000000000000000000000000000001101111000000000000000000000000000000000000000000000000000000000000001010
111100000000001001000000000100100000000000000000000000000000000000000000000001110011000000000000000000000000000000000000000000000000000000000000000110
100010000000001100010000000011000000000000000000000000000000000000000000000000110110000000000000000000011000000000000000000000000000000000000000000001
111100000000000010010000000000000000000000000000000000000000000000000000000000000110000000000000000000011000000000000000000000011000011000000000000000
001000000000000010010000000000000000000000000000000000000000000000000000000000000000000000000000000000000000000000000000000000100100011000000000000000
000000011000000001100000000000000000000000000000000000000000000000000000000000000000000000000000000000000000000000000000000000100100000000100000000000
000000100000100010000000000000000000000000000000000000000000000000000000000001110000000000000000000000000000000000011000000000011000000001100000000011
100001000000010000000000000000000000000000000000000000000000000000000000000000000000000000000000000000000001000000100100000000000000000011000000000010
100001000000110000010000000000000000000000000000000000000000000000000000000000000000000000000000000000000010101100010010000000000000000010000100100001
000001000011010000010000000000000000000000000000000000000000000000000011000000000000000000000000000000000000000000010100000000000000000001000100100000
000000100010011000001100000000000000000000000000000000000000000000000101100011100000000000000000000000000011101011000000000000000000000000101000100000
000000011100100001000010000000000000000000000000000000000000000000001110100000000000000000000000000000000001000000100000000000000000000000011000000000
000000000000100010100010000000000000000000000000000000000000100000000110110000000001000000000000000111000000100010110000011000000000000000011100000000
000000000000100001000010000000000000000000000000000000000001010000000011110111100010100000000000000000000000100010100000000100100000000000000000000000
000000000000000000001100000000000000000000000000000000000001100000000001000111110010100000000000000000000000010000000000011001010000000000000000000000
100000000000011000010000000000000000000000000000000000000000000000000000000000011001000000000000000000000000000000000000000100010000000000000000000000
010000000000001000010000000000000000000000000000000000000000000000011000000011011000000000000000000000000000000000000000000100100000000000000000000001
010000000000000011100000000000000000000000000000000000000000000000011000000010010000000000000000000000000000000000000000001001000000000000000000000001
100000000000000000000000000000000000000000000000000000000000000000000000000001100000000000000010000000000000010000000000000110000000000000000000000000
000000000000000000000000000000000000000000000000000000000000000000000000000000000000000000000010000000000000101000000000000000000000000000000000000000
000000000000000000000000000000000000000000000000000000000000000000000000000000000000000000000010000011100000000000000000000000000000000000000000000000
000000000000000000000000000000000000000000000000000000000000000000000000000000000000000000000000000010100000111000000000000000000000000000000000000000
000000000000000000000000000000000000000000000000000000000000000000000000000000000000000000110000010010011000000011000001110000000000000000000000000000
000000000000000000000000000000000000000000000000000000000000000000000000000000000000000000110000100010000110000000000000000000000000000000000000000000
000000000000000010000000000000000000000000000000000000000000000000000000000000000000000000000000000000100001000000000100000000000000000000000000000000
000000000000000101000000000000000000000000000000000000000000000000000000000000000000000000000000000011000001100000000100000000000000000000000000000000
000000000000000101001100000000000000000000000001000000000000011100000000000000000000000000000000000100001001100000000100000000000000001100000000000000
000000000000000010001100000000000000000000000001000000110000000000000000000000000000000000000000000000000111101100000000000000000000001100000000000000
000000000000000000000000000000000000000000000001000001001000000001000000000000000000000000000000000000001110100000000000000000000000000000000000000000
000000000000000000000000000000000000000000000000000000110000000001000000000000000000000000000000000000011000100100000000000000000000000000000000000000
000000000000000000000000000000000000000000000000000000000000000001000000000000000000000000000000000000011000101111000000000110001100000011000000000000
001100000000000000000000000000000000000000000000000000000000000000000000000000000000000000000000000000000010110100100000001011000010000011000000000000
001010000000000000000000000000000000000000000000000000000000011100000000000000000000000000000000000011000100100000001000001100110010000000000000000000
000101000000000000000000011000000000000000000000000000000000000000000000000000000000000000000000000011000101111000111100011000000110000000000000000000
000010000000000000001100011000000110000000000000000000000000000000000000000000000000000000000000000000000100000011010111100000011000000000000001100000
000000000000000000001100000000000110000000000000000000000000000000000000100000000000000000000000001110000110000000000010000000000000000000000010010000
000000000000000000000000000000000000000000011000000000000000000000000000100000000000000000000000000001100010011100000001000100000000000000000010100000
000000000010000000000000000000000000000000011000000000000000000000000001010000000000000000000000000000110000000000000001000100000000000000000001000000
000000000010000000000000000000000000000000000000000000000000000000000000000000000000000000000000000100100000000000000000111000000000000000000000000000
000000000010000000000000000000000000000000000000000000000000011100001101100000000000000000000000000111000000000000000000110000000000000000000000000010
000000000000000000000000000000000000000000000000000000000000111000011010000010100000000000000000000000000000000000000000000000000000000000000000000101
000000000000000000000000000000000000000000000000000000000001010000111011000001011000000000000000000000000000000000000011000000000000000000000000000101
000000000000000000000000000000001110000000000000000000000001100000100100000011010000000000000000000000000000000000000000000000000000000000000000000010
000000000000000000000000000000000000000000000000000000000000111100000110000000100000000000000000000000000000000000000000000000000000000000000000000000
001100000010000000000000000000000000100000000000000000000000011000010011000000000000000000000000000000000000000000000000000000000000000000000001100000
010010000101000000000000000000000000100000000000000000000000000000000101000000000000000000000000000000000000000000000000000000000000000001000010010000
001100000100100000000110000000000000100000000000000000000000000001000110000000000000000000000000000000000000000000000000000000000000000010100001100000
000000000011000000000110000110000000000000000000000000000000000000000100000000000000000010000001100000000000000000000000000000000000000001100000000000
000000000000000000000000000110000000000000000000000000000000000000001000001100000000000010000001100000000000000000000000000000000000000000000000000010
000000000000000000000000000000000000000000000000000000000000000000000000001100000000000010000000000000000000000000000000000000000000001100000000000101
000000000000000000000000000000000000000000000000000000000000000000000000000000000000000000000000000000000000000000000000000000000000010100000000000101
000000000000000000000000000000000000000000000000000000000000000000000000000000000000000000000000000000011000000000000000000000000000001000000000000010
000000000000000000000000000000000000000000000000000000000000000000000000000000000000000000000000000000011000000000000000000000000000000000000000000000
000000000100000000000000000000000000000000000000000000000000000000000000000000000000000000000001100000000000000000000000000000000000000000000000000000
000000001010000000000000000000000000000000000000000000000000000000000000000000000000000000000001100011000000000000000000000000000000000000000000000000
000000001010000000000000000000000000000000000000000000000000001110000000000000000000000000000000000011000000000000000000000000000000000000000000000000
000000000100000000000000001100000000000000000000000000000000000000000000000000000000000000000000000000000000000000000000000000000000000111000000000000
000000000000000000000000001100000000000000000000000000000000100000100000000000000000000000000000000000000000000000000000000000000000000000000000000000
000000000000000000000000000000000000000000000000000000000001010001010000000000000000000000000000000000000000000000000000000000000000000000000000000000
000000000000000000000000000000000000000000000000000000000001010001010000000000000000000000000000011000000000000000000000000000000000000000000000000000
000000000001000000000000000000000011100000000000000000000000100000100000000000000000000000000000011000000000000000000000000000000000000000000000001100
000000000001000000000000000000000000000000000000000000000000000000000000000000000000000000000000000000000000000000000000000000000000000000000000001100
000000000001000000000000000000000000001000000000000000000000000000000000000000000000000000000000000000000000000000000000000000000000000000000000000000
000000000000000000000000000000011000001000000000000000000000000000000000000000000000000000000000000000000000000000000000000000000000000000000000000000
000000000000000110000000000000011000001000000000000000000000000000000000000000000000000000000000000000000100000000000000000000000000000000000000000000
000000000000001001000000000000000000000000000000000000000000000000000000000000000000000000000000000000000100000000000000000000000000000110000000000000
000000000000000110000000000000000011100000110000000000000000000000000011000000000000000000010000000000000100000000000000000000000000000110000000000000
000000000000000000000001100110000000000000110000000000000000000000000011000000000000000000101000000000000000000000000000000000000000000000000000000000
000000000000000000000001100110011000000000000000000000000000000000000000000000000000000001010000000000000000000000000000000000000000000000000000000000
000000000011000000000000000000011000001100000000000000000000000000100000000000000000000001100000000000000000010000000000000000000000000000000000000000
000000000101000000000000000000000000010010000000000000000000000001010000000000000000000000000000000000000000101000000000000000000000000000000000000000
000110000010000000000000000000000000001100000000000000000000000001010000000000000000000000000000000000000001001000000000000000000000000000001100000000
000110000000000000000000000000000000000000000000000000000000000000100000000000000000000000000000011000000000110000000000011000000000000000010010000000
000000000000000000000000000000000000000000000000000000000000000000000000000000000000000000000000100100000000000000000000011000000000000000010100000000
000000000000000000000000000000000000000000000000000000000000000000000000000000000000000000000000011000000000000000000000000000000000000000001000000000
000000000000000000000000000000000000000000000000000000000000000000000000000000000000000000000000000000000000000000000000000000000000000000000000000000
000000000000000000000000001100000000000000000000000001000000000001100000000000000000000000000000000000000000000000000000000000000000000000000000000000
000000000000000000000000001100000000000000000000000010100000000001100000000000000000000000000000000000000000000000000000000000000000000000000000000000
000000000000000000000111000000000000000000000000000010100000000000000000000000000000000000000000000000000000000000000000000000000000000000000000000000
000000000000000000000000000000000000000000000000000001000000000000000000000000000000000000000000000000000000000000000000000000000000000000000000000000
000000000000000000010000010000000000000000000000000000000000000000000000000000000000000000000000000000000000000000000000000000011000000011000000000000
000000000000000000010000010000000000000000000000110000000110000000000000000000000000000000000000000000000000000000000000000000100100000100100000000000
000000000000000000010000010000000000000000000001001000001001000000000000000000000000000000000000000000000000000000000000000000011000000011000000000000
000000000000000000000000000000000000000000000000110000000110000000000000000000000000000000000000000000000000000000000000000000000000000000000000000000
000000000000000000000000000000000000000000000000000000000000000000000000000000000000000000000000000000000000000000000000000000000000100000000000000000
000000000000000000000000000000000000000000000000000001000000000000000000000000000000000000000000110000000000000000000000000000000001010000000000000000
000000000000011100000000000000000000000000000000000010100000000000000000000000000000000000000000110000000000000000000000000000000001010000000000000000
000000000000000000000000000000000000000000000000000010100000000000000000000000000000000000000000000000000000000000000000000000000000100000000000000000
000000000001000001000000000000000000000001000000000001000000000000000000000000000000000000000000000000000011000000000000000000000000000000000000000000
000000000010100010100000000000000000000010100000000000000000000000000000000000000000000000000000000000000000100000000000000000000000000000000000000000
000000000010100010100000000000000000000010100000000000000000000000000000000000001100000000000000000000000011100000000000000000000000000000000000000000
000000000001000001000000000000000000000001000000000000000000000000000000000000001100000000000000000000000001010000000011100000000000100000010000000000
000000000000000000000000010000000000000000000000000000000000000000000000000000000000000000000000000000000000110000000100100000000001010000101000000000
000000000000000000000000010000000000000000000000000000000000000000000000000000000000000000000000000000000000110000000000100000000001010000101000000000
