000000000000000000000000000000000000000000000000000000000000000000000000000000000000000000000000000000000000000100000000000000000000100000000000000000
000000000000000000000000000000000000000000000110000000000000000000000000000000000000000000000000000011000000000100000000000000000000000000000000000000
000000000000000000000000000000000000000000000110000000000000000000000000000000000000000000000000000000000000000100000000000000000000000000000000000000
000000000000000000000000000000000000000000000000000000000000000000000000000000000000000000000000000000000000000000000000000000000000000000000000000000
000000000000000000000000000000000000000000000000000000000000000000000000000000000000000000000000000000000001110000000000000000000000000000000000000000
000000000010000000000000000000000000000000000000000000000000000000000000000000000000000000000000000000000000000000000000000000000000000000000000000000
000000001110000000000000000000000000000000000000000000000000000001100000000000000000000000000000000000000000000000000000000000000000000000000000000000
000000010010000000000000000000110000000000000000000000000000000001100000000000000000000000000000000000000000000000000000000000000000000000000000000000
000000010100000000000000000000110000000000000000000000000000000000000000000000000000000000000000000000000000000000000000000000000000000000000000000000
000000001100000000000000000000000000110000000000000000000000000000000000000000000000000000000000000000000000000000000000000000000000000000000000000000
000000000110000000000000000000000000110000000000011000000000000000000000000000000000000000000000000000000000000000000000000000000000000000000000000000
000000000000000010000000000000000000000000000000011000000000000000000000000000000000000000000000000000000000000000000000000000000000000000000000000000
000000000000000011100000000000000000000000000000000000000000000000000000000000000000000000000000000000000010000000000000000001110000000000000000000000
000000000000000000100000000000000000000000000000000000000000000000000000000000000000000001100000000000000101000000000000000000000000000000000000000000
000000000000000011100000000000000000000100000000000000000000000000000000000000000000000010010000000000000101000000000000000000000000000000000000000000
000000000000000110000000000000000000001010000000000000000000000000000000000000110000000001100000000000000010000000000000000000000000000000000000000000
000000000000001011000000000000000000001010000000000000000000000000000000000000110000000000000000000000000000000000000000000000000000000000000000000000
000000000000000111000000000000000000000100000000000000000000000000000000000000000001100000000000000000000000000000000000000000000000000000000000000000
000100000000000000100000000000000000000000000000000000000000000000000000000000000001100000000000000000000000000000000000000000000000000000000000000000
001010000000011111000000000000000011000000011000000000000000000000001000000000000000000000000000000000000000000000000000000000000000000000000000000000
001001000000001011000000000000000100100000100100000000000000000000010100000110000000000000000000000000000000000000000001000000000000000000000000000000
000110000000000000000000000000000011000000011000000000000000000000001000000110000000011000000000000000000000000000000001000000000000000000000000000000
000000000000000000000000000000000000000000000000000000000000000000000000000000000000100100000000000000000000000000000001000000000000000000000000000000
000000000000000000000000000000000000000100000000000000000000000000000000000000011000011000000000000000000000000000000000000000000000000000000000000000
000000000000000000000000000000000000001010000000000000000000000000000000000000011000000000000000000000000000000000000000000000000000000000000000100000
000000000000000000000000000000000000001010000000000000000000000000000000000000000000000000000000000000000000000000000000000000000000000000000001010000
110000000000000000000000000000000000000100000000000000000000000000000000000000000000000000000000000000000000000000000000000000000000000000000000100000
110000000000000000000000000000000000000000000000000000000000000000000000000000000110000000000000000000000000000000000000000000000000000000000000000000
000000000000000000000000000000000000000000000000000000000000000011000000000000000110000000000000000000000000000000000000000000000000000000000000000000
000000000000000000000000000000000000000000000000000000000000000011000000000000000000000000000000000000000001000000000000000000000000000000000000000000
000000000000000000000000011000000000000000000000000000000000000000000000000000000000000000000001100000000010100000000111000000000000000000000000000000
000000000001100000000000011000000010000000000000000000000000000000000000000000000000000000000001100000000010100000000000000000000000000000000000000000
000000000001100000000000000000000010000000000000001110000000000000000000000000000000000000000000000000000001000000010000010000000000000000000000000000
000000000000000000000000000000000010000000000000000000000000000000000000000000000000000000000000000000000000000000010000010000000000000000000000000000
000000000000000000000000000000000000000000000000000000011000000000000000000000000000000000000000000000000000000000010000010000000000000000000011100000
000000000000000000000000000000000000000000000000000000100100000000000000000000000000000000000000000000000000000000000000000000000000000000000010010000
000000000000000000000000000000000000011000000000000000011000000000000000000000000000000000000000000000000000000000000111000000000000000000000010010000
000000000000000000000000000000000000011000000000000000000000000000000000000000000000000000000000000000000000000000000000000000000000000100000001001000
000000000000000000000000000000000000000000000000000000000000000000000000000000000000000000000000000000011100110000000000000000000000001010000011001000
000000000000000000000000000000000000000000000000000000000000000000000000000000000000000000000000000000010011110000000000000000000000010001001110010000
000000000000000000000000000000000000000000000000000000000000000000000000000000000000000000000001100001100110000000000000000000000000001010011000100000
000000000000000000000000000000000000000000000000000000000000000000000000000000000000000000000001100001010000000000000000000000000000000100010011000000
000000000000000000000000000000000000000000000000000110000000000000000000000000000000000000000000000001010000000000000000000000000000000000001110000000
000000000000000000000000000000000000000000000000001001000000000000000000000000000000000000000000000000000000000000000000000000000000010000000000000000
000000000000000000000000000000000000000000000000001010000000000000000000000000000000000000000000000000100100000000000000000000011100010000000011100000
000000000000000000000000000000000000000000000000000100000000000000000000000000000000000000000000000000000100000100000000000000100011101000000011100000
000000000000000000000000000000000000000000000000000000000000000001000000000000000000000000000000000000100100010010000000000000011010000000000001000000
000000000000000000000000000000000000000001100000000000000000000010010000000000011100000000000000000000000000000100000000000000000000000001000000000000
000000000000000000000000000000000000000001100000000000000000000010010000000000100010000000000000000001010000000000000000000000000000000010010000000000
000000000000000000000000000000000000100000000000000000000000000000010000000000011110000000000000000001010000000000000000000000000000000010110011000000
000000000000000000000000000000000000100000000000000000000000000010010000000001010000000000000000000001110000000000000000000000000000000010100011000000
000000000000000000000000000000000000100000000000000000110000000010100000000101100000000000000000000000000000000000000000000000000000101100000000000000
000000000000000000000000000000000000000000000000000000100000000000000000011100111000000000000000000000000000000000000000000000000000011000000000000000
000000000000000000000000000000000000000000000000000000000100000000000000000000100100000000000000000000000000000000000000001000000000001000000000000000
000000000000000000000000000000000000000000000000000000010100000000000000001100010100000000000000000000000000000000000000001000000000000000000000000000
000000000000000000000000000000000000000000000000000001000010000000000010001100000100000000000000000000000000000000000000001000000000000000000000000000
000000000000000000000000000011000000000000000000000011111100000000001000101100111000000000000000000000000000000000000000000000000000000000100000000000
000000000000000000000000000100100000000000000000110101000000000000000001111000110000000000000000000000000000000000000000000000000000000001011000000000
000000000000000000000000000011000000000000000011000010000000000000000100010000010000000000000000000000000000000000110000000000000000000010011000000000
000000000000000000000000110000000000000000000011000000000000000000000011100000000000000000000000000000000000000000110000000000000000000011010000000000
000000000000000000000001010000000000000000000010011000000000000000000001000100000000000000000000000000000000000000000000000000000000001111100000001100
000000000000000000000000100000000000000000000001100000000000000000000000000100000000000000000000000000000000000000000000000000000000001111100011001100
000010000000000000000000000000000000000000000000000000000000000000000000000010000000000000000000000000000000000000000000000000000011001101000011000000
000101000000000000000000000000000000000000000000001100000000000000000000000000000000000111000000000000000000000000000000000000000011000110000000000000
000101000000000000000000000000000000000000000000001100000000100000000000000000000000000000000000000000000000000000000000000000000000000010000000000000
000010000000000000000000000000000000000000000000000000000000100000000000000000000000000000000000000000000000000000000000000000000000000000000000000000
000000000000000000000000000000000000000000000000000000000001010000010000000011101110000000000000000000110000000000000000000000000000000000000000000000
000000000000000000000000000000000000000000000000000000000000000001101100000010000010000000000000000000110000000000000000000000000000000000000000000000
000000000000000000000000000000000000000000000000000000000000001101000000000000000000000000000000000000000000000000000000000000000000000000000000000000
000000000000000000000000000000001000000000000000000000000000011001000100000000000000000000000000000000000000000000000000000000000000000000000000000000
000000000000000000000000000000110110000000000000000000000000000000111000000000101000000000000000000000000000000000000000000000000000000000000111000000
000000011000000000000000000000000010000000000000000000000000000000000000000001101100000000000000000000000000000000000000000000000000000000000000000000
000110000000000000000000000000100010000000000000000000000000000000000000000000101100000000000000000000000000000000000000000000000000000000000000000000
001110010010000000000000000000011100000000000000000000000000001100000000010000011000000000000000000000000000000000000000000000000000000000000000000000
000000000110000000000000000000000000000000000000000000000000001100001100010000000000000000000000000000110110000000000000000000000000000000000000000000
000000001011000000000000000000000000000000000000000000000000000000010010010000000000000000000111000000110110000100000000000000000100000000001000000000
000001100110000000000000000000000000000000000000000000000000000000001100000000000000000000000000000000000000001010000000000000000100000000010100000000
000001011000000000000000000000000000000000000000000000000000000000000000000000000011111000000000000000000000010010000000000000000000000000100100000000
000010100000000000000000000000000000000000000000000000000000000000000000000000000011000100110000000000000000001100000000000000000000000000011000000110
000001100000000000000000000000000000000000000000000000000000000000000000000000000000111000110000000000000000000000000000000000000000000000000000000110
000011000000000000000000000000100100000000000000000000000000000000000000000000000000010000000000000000000000000000000000000000000000000000000000000000
000010100000000000000000000001000110000011000000000000000000000000000000000000000000000000000000000000000000000000000000000000000000000000000000000000
000011110000000000001100000001000100000011000000011000000000000000000000110000000000000000000000000000000000000000000000000000000000000000000000010000
001100110000000000001100000001000100000000000000010100000000000000000001001000000000000000000000000000000000000000000000000000000000000001000010101100
011010001000000000000000000000100100000000000000000110000000011000000000110000000000000011100000000000000000000000000000000000000000000010000000001101
000011110000000000000000000000001000000000000000010100000000100100000000000000000100000100001111000000000000000000000011000000000000000001100111000001
010001110000000000000000000000000000000000000000011000000000101000000000000000000100000100001101000000001000000000000111000000000000000000000000000001
000000000000000000000000000000000000000000000000000000000000010000000000000000000010000100000001000000011100000000000010000000000000000000000000000000
000000000000000000000000000000000000000000000000000000000000000000000000000011000000000011101001000000100100000000000001100000000000011100000000010000
000000000000000000000000011000000000000000000000000000000000000000000000000111001100000000000100000000000101000000110001010000000000000000001111001100
000000000000000000001100011000000110000000000000000000000000000000000000000011001000000000000010000001100011000001101000011000000000000000000110111010
000000000000000000001100000000000110000000000000000000000000000001100000000000000000000000000000000001100010101100001100010000000000000000001101111110
000000000000000000000000000000000000000000011000000000000010000001100000000000000000000000000000000001100011111000011000000011100011000000000010000000
000000000000000000000000000000000000000000011000000000000101000000000000000000000000000000000000000000000000111000011010000000010011000000000000000011
100000000011000000000000000000000000000000000000000000000101000000000000000000000000000000000000000000000011000100101010000000100000000000000000000001
000000000101000000000000000000000000000000000000000000000010000000000000000000000000000000000000000000000000000001000100101111000000000000000000000101
100000000111000000000000000000000000000000000000000000000000000000000000000000000000000000000000000000000000000000000011100000000000000000000000000000
110101011110000000000000000000000100000000000000000000000000000000000000000000000000000000000000000000000000000000000001000000000000000000000000000000
111100100010000000000000000000000100000000000000000000000000000000000000000000000000000000000000000000000000000000000000000000000000000000000000000000
000001101100000000000000000000000100000000000000000000000000000110011100000000000000000000000000000000000000000000000000000000000000000000000000000011
011100011100000000000000000000000000000000000000000000000000001110000010000000110000000100000000000000000000000000000000000000001000000000000000000011
111100000000001000000000000000000001110000000000000000000000011000010000000000110000001010000000000000000000000000000000000000011110000000000000000011
000000000000010100000110000000000000000000000000000000000000001000000000100000000000001010000000000000000000000000000000000000110001000000000000000000
000000000000010100000110000110000000000000000000000000000000001110000101000000000000000100000000000000000000000000000000000001100111000001100000000000
000000000000001000000000000110000000000000000000000000000000000110010000000000000000000000000000001100000000000000000000000000110111000100100000000000
000000000000000000000000000000000000000000000000000000000000000001111000000000000000000000000000001100000000000000000000000000011100001000100000000000
000111000000000000000000000000000000000000000000000000000000000000100110000000000000000000000000000000000000000000000000000000001100000101000000000000
000101000000000000000000000000000000000000000000000000000000000000000101000000000000000000000000000000000000000000000000000000000000000010000000000000
000001000000000000000000000000000000000000000000000000000000000000000011000000000000000000000000000000000000000000000000000000000000000000000000000000
000000000100000000000000000000000000000000000000000000000000000000000000000000100010000000000000000000000000000000000000000000000000000000000000000000
000000001010000000000000000000000000000000000000000000000000000100000000000000100001000000000000000011000000000000000000000000000000000000000000000000
000000001010000000000000000000000000000000000000000000000000001110000000000001000100000000000000000011000000000000000000000000000000000000000000000000
000000000100000000000000001100000000000000000000000000000000011011000011000001001000100000000000000000000000000000000000000000000000000000000000000000
000000000000000000000000001100000000000000000000000000000000001110000100100000110000110011100000000000000000000000000000000000000000000000000000000000
000000000000000000000000000000000000000000000000000000000000000100000110110000000000110000000000000000000000000000000000000000000000000000000000000000
000000000000000000000000000000000001000000000000000000000000000000000110110000000000000000000000011000000000000000000000000000000000000000000000000000
000000000000000000000000000000000001000000000000000000000000000000000111010000000000000000000000011000000000000000000000000000000000000000000000001100
000000000011100000000000000000000001000000000000000000000000000000000000000000000000000000000000000000000000000000000000000000000000000000000000001100
000000000000000000000000000000000000000000000000000000000000000000000000011100010000000000000000000000000000000000000000000000000000000000000000000000
000000000000000000000000000000011000011100000000000000000000000000000001101001101100000000000000000000000000000000000000000000000000000000000000000000
000000000000000110000000000000011000000000000000000000000000000000000000011001100000000000000000000000000000000000000000000000000000000000000000000000
000000000000001001000000000000000001000000000000000000000000000000000000000001100010000000000000000000001110000000000000000000000000000110000000000000
000000000000000110000000000000000001000000110000000000000000000000000001100101000010000000010000000000000000000000000000000000000000000110000000000000
000000000000000000000001100110000001000000110000000000000000000000110000011110100000000000101000000000000000000000000000000000000000000000000000000000
000000000000000000000001100110011000000000000000000000000000000001110010010000101100000001010000000000000000000000000000000000000000000000000000000000
000000000011000000000000000000011000001100000000000000000000000000111100000111110000000001100000000000000000010000000000000000000000000000000000000000
000000000101000000000000000000000000010010000000000000000000000000010110011000000000000000000000000000000000101000000000000000000000000000000000000000
000110000010000000000000000000000000001100000000000000000000000000001100000000000000000000000000000000000001001000000000000000000000000000001100000000
000110000000000000000000000000000000000000000000000000000000000000000000000000000000000000000000011000000000110000000000011000000000000000010010000000
000000000000000000000000000000000000000000000000000000000000000000000000000000000000000000000000100100000000000000000000011000000000000000010100000000
000000000000000000000000000000000000000000000000000000000000000000000000000000000000000000000000011000000000000000000000000000000000000000001000000000
000000000000000000000000000000000000000000000000000000000000000001100000000000000000000000000000000000000000000000000000000000000000000000000000000000
000000000000000000000000001100000000000000000000000001000000000010010000000000000000000000000000000000000000000000000000000000000000000000000000000000
000000000000000000000010001100000000000000000000000010100000000001100000000000000000000000000000000000000000000000000011000000000000000000000000000000
000000000000000000000010000000000000000000000000000010100000000000000000000000000000000000000000000000000000000000000011000000000000000000000000000000
000000000000000000000010000000000000000000000000000001000000000000000000000000000000000000000000000000000000000000000000000000000000000000000000000000
000000000000000000000000000000000000000000000000000000000000000000000000000000000000000000000000000000000000000000000000000000011000000011000000000000
000000000000000000111000111000000000000000000000110000000110000000000000000000000000000000000000000000000000000000000000000000100100000100100000000000
000000000000000000000000000000000000000000000001001000001001000000000000000000000000000000000000000000000000000000000110000000011000000011000000000000
000000000000000000000000000000000000000000000000110000000110000000000000000000000000000000000000000000000000000000001001000000000000000000000000000000
000000000000000000000000000000000000000000000000000000000000000000000000000000000000000000000000000000000000000000001010000000000000100000000000000000
000000000000001000000000000000000000000000000000000001000000000000000000000000000000000000000000000000000000000000000100000010000001010000000000000000
000000000000001000000000000000000000000000000000000010100000000000000000000000000000000000000000000000000000000000000000000010000001010000000000000000
000000000000001000000000000000000000000000000000000010100000000000000000000000000000000000000000000000000000011011000000000010000000100000000000000000
000000000001000001000000000000000000000001000000000001000000000000000000000000000000000000000000000000001000011010000000000000000000000000000000000000
000000000010100010100000000000000000000010100000000000000000000000000000000000000000000000000000000000111000001010000000111000111000000000000000000000
000000000010100010100000000000000000000010100000000000000000000000000000000000001100000000000000000000111000001110000000000000000000000000000000000000
000000000001000001000000000000000000000001000000000000000000000000000000000000001100000000000000000000000000110100000000000010000000100000000000000000
000000000000000000000000000000000000000000000000000000000000000000000000000000000000000000000000000010000000111000000000000010000001010000000000000000
000000000000000000000000111000000000000000000000000000000000000000000000000000000000000000000000000110000000000000000000000010000001010000000000000000
