00010100000000000000000110000000000000101000100010
00000000000000000000000110000000000000100100010000
00000000000000000000000110000000001100010100010010
00000000000000010000000010000000011010011100001010
00000000000000000000001101100000010010000000000110
00000000000000000000001101100000001110000000000000
00000000000000000000000011000000001000001111010000
00000000000000000000000000000000000100010100001000
00000000000000000000000000000000001001101011000000
00000000001100000000000000000000001001000000011000
00000000001100000000000000000000001000001100000000
00000000001110000000000000000000000101001000000000
00000000000000000000000000000000000010001101000000
00000000000101000000000000000000000000000101100000
01100000000110000110000000000000000000000011000000
01100000000000000100000000000000011000011100000000
00000111000000000111000000000000010000011000000000
00001000100000000000000000000000000001110000000000
00001101100000000000000000000000000001100000000000
00000000000000000000000000000000000001000011100000
00000000000000110000000110000000000000000010100000
00000000000000110000001001000000000000000100001100
00011000000000000000001000000000000000000010101110
00100100000000000000000101000000000000000110100100
01111000000000000000000101000000000000000010100000
10000000000000000000000000000000000000000000011100
00000000000000000001000000000000000100000000001000
00000000000000000010100000000001000110000000000000
00000000000000000110110000000001010001100000000000
00000000000000001100100000011100000010100000000000
00000000000000000101100000011000011010011000000000
00000000000000000001000000000000000000110000000000
00000000000000000000000000000000000000100000000000
00000010000000000000000000000000000000000000000000
00110001000000000000000001100000101000000000000000
01000001000001100000000000101000101000000000000000
01000010000101110000000000010000001000000000000010
00110000001110000110000000000000000000000000000110
00000000000100001000001000000000000011000000111010
00100000001101100000000100000000000111110011111010
00100000001110000000010110000000000100010010001110
00100000000110001010110100000000000100000001001100
00000000001100000100011000000000000010100111001100
00000000001100000000000000000000000000110101100001
00000000010010000000000000000000000000000001101000
00000000001110000000000000000000000000000000101011
00000000000011100001100000000000000000000001011100
10000000000000000001100000000011000000000001000000
01000000000111100000000000000000000000000001000000
10110111000110000000000000000000000000111000000001
