01000110000000000000000000000010100000111000011000
11110001000000000000000000000100000000100000001100
00011110000000011000000000000100100000110000101001
00001100000000011000000000001101000000001001110000
00000000000000000000000000011100000010000001110000
00000000000000000000000000001101100010000000000000
00000001001000000000000000001001100010000000000000
00000000001100000000000000000111000000000000000000
00000001000010000000000000000010000000000000000000
00000000000000000110000000000000000000000011000000
00000001100001000110000000001000000000100101010000
00000000010100000000000000010100001111110000100011
11000000000110000000000000010100010000001000000110
11011111101010000000000010001000010001100000000110
11011100001101000000000011000000001110111000000000
00000000001101000000000001100000000000000000000000
00000000000010100000000000000000000000000000000000
00100000000000001000010101100000000000000000000000
00101000000000000100010101100000000000000000000000
00010000000101000000010000000000000000000000000000
00000000000110000000000000100000000000111000000000
00000000000011010000000100100000000000000000000000
00000000000001110000000011100001111100000000000000
00000000000000000000000000100010111111000000000000
00011000000000000000000000000010101000010000000000
10100100000000000000000000101110010010011000000000
10010100000000000000000000000100000001011000000100
00001100000000000000100000000010000000011110001000
00000000000000000000110000010100011001000000011000
01001000000000000101011000100000001001000000011100
10000000000000001000010000101001001000000000000100
00010000000000001000100000110010010000000010000100
11000000000000000111000000000001100000000010000100
00000000000000000000000000000000000000000000000001
00000000000001100000000000000000000000000000000000
00000000000001100000000000000000000000000000000000
00000000000000000000000000000000000000000000000000
00000000000000000000000000000000000000000000000000
00000000000000000000000000000000000000000000000000
00000000000000000000000000000000000000000000000000
00000000000000000000000000000000000000000000000000
00000000000000000001110000000001100000000000000011
10000000000000000000000000000001100000000000000100
00000000000000000000000000000000000000000000000011
00000000000000000000000000000000000000000000000000
00000000000000000000000000000000000000000000000000
00000000000000000000000000000000000000000000000000
00000000000000000000000000000000000000000000000000
00011000000000000000000000000000000000000000000000
00011100000000000000000000000001000000000000000000
