00001000000011101000000000000010000100111000000001
00001010001110011111000000001101000011001000000101
00000000001001010101100000001000100000001100000110
00000000000000010000000000000111000000000000000010
00000000000100010000000011000001100000000000000000
00010000000000100000000000100000101000000000000000
01101100000000000000001101110001000000010000000000
00101011001101000000110110010010001001011100000000
00010010001010100000110100111011101010101110000000
00000010001100000000000110010100100111000000000000
00000000010000010000001110000000000000000000000000
00000001001001100110001100001010000000000000000000
00101000101000101000100000001100001110000000000000
01000100011000000000000010000010001000000000000000
00101000000000000000000000001100000000000000110000
00010000000000001001101100000000000000000000110000
00000000000101000001110000000000000000000000000000
00000000000100011110000000011100011011011100001011
00000000000001111000000001110010000011010000011111
10000000010001100010100011011100011010110100000110
00000001000010000011100011000000000000100000000000
10000001000010000000010010000000000001000000000001
00000001101100000000110000000000000000000001000000
00000000011000000000110000000000000000000010100000
00100000000000000110100000000000000000000000010000
01100000000000000111000000001110000000011101010100
00000110000000011111000011001011000000010000000100
00000000000000010100000110001011000000011000010000
01000110000000010100000100101010010000000000001010
00001000000000100100001100101011111000001100000000
00110000100000100000000000101000001111100000000100
00100010100000001000000010001110000000110100000010
00000100100000110000001010000000001111001000000000
00001000000000000000000010000000000000000000000000
00001000100000000000010001000100000000000000000000
00000000000000000000100000100100000000000000000000
00000000000000000000010000010100000000000000000000
00000011100000000000011001100000000000000000000000
00000011010000000011000010000000000000000000000101
00000000000101000101000010100000000000000000011000
00000011000010100101000010000000000000000000000000
00001011000000101000001000110000000000000000010100
01011000011011001110010001111000001100000000011000
11110100001000001010001010011100001100000000000001
00010001001100011000000100001100001000000000000001
00010010010100001010000000000010011000000000000011
00000110001000000100000001100110000000000000000000
01100010100000000000000010010000000000000000000101
11000100000001100001000001100000011011000000001000
00011000100001110001000000010000001000100000000000
