00000000000010010000000000000000000000101111000000
00000000000010110000000000000000000000001100000000
00010000000001000000000000000000000000000001000000
00101000000000000000000000000000000000000000100000
00000000000000000000000000000000000000000000110000
00000000000000000000011000000000000000011000011000
00000000000000000000101000000000000000011000000000
00001000000000000000010000000000000110001000000000
00000100000000000000000000000000001001000111100000
00000000000000110000000000000000000110000011100000
00000000000000110000000000000000000000000001000000
00000000000000000000000000110000000000000000000000
00000000000000000000011001001000000000000000000000
00000000000000000000011000110000000000000000000000
00000000000000000000000000000000000000000000000000
00000000000000000000000000000000000000000000000000
00000000000000000000000000000000000000000000000000
00000000000000000000000000000000000000000000000000
00000000000000000000000000000000000000000000000000
00000000000000000000000000000000000000000000000000
00000000000000000000000000000000000000000000000000
00000000000000000000000000000000000000000000000000
00000000000000000000000000000000000000000000000000
00000000000000000000000000000000000000000000000000
00000000000000000000000000000000000000000000000000
00000000000000000000000000000000000000000000000000
00000000000110000000000000000000000000000000000000
00000000001010000000000000000000000000000000000000
00000000011111101000000011100000000000000000000000
00000000010100001000000100010000000000000000000000
00000000011000001000000100010000011000000000000000
00000000000000000000000100010000011000000000000000
00000000000000000000000011100000000000000000000000
00000001000000000000000000000000000000000111000000
00000011000000000000000000000000000000000111000000
00000010100000000000000000000000000000000100100000
11100000000000000000000000000000000000001101100000
00000000000000000000000000000000000000000101010000
00001000001000000000000000000000000001010001010000
00001001001000000000000000000000000001000000110000
00001001000000000000000011000000000001111010100000
00000001001000000000000011000000000000000010010000
11100000011000000000000000000000000000000001010000
00000000000000000000000000000000000000000110001000
00000000000000000000000000000000000000001000110000
00000000000000001000000000000000000000110110010000
00000000100000001000000000000000000000111000000000
00000001010000001000000000000000000000000000100000
00000011010000000000000000000000000000000001010000
00000001100001110000000000000000000000101010010000
