000000000000000000000000000000000110000000000000000000000000000000000000000000000000000000000000000000000000000000000000000000000000000000000000000000
000000000000000000000000000000000000000000000000000000000000000000000000110000000000000000000000001000000000000000000000000000000000000000000000000000
000000000000001000000000000000000000000000000000000000000000000000000000110000000100000000000000001000000000000000000000000000000000000000000000000000
000000100000010100000000000000000000000000000000000000000000000000000000000000000110000000000000001000000000000000000000000000000000000000000000000000
000000011000100100000000000000000000000000000000000000000000000000000000000000000110000000000000000000000000000000000000000000000000000000000000000000
000000110000011000000000000000000000000000000011100000000000000000000000000000000010000000000000000000000000000000000000000000000000000000000000000000
000000000000000000000000000000000000000000000000000001110000000001100000000000000000000000000000000000000001100000000000000000000000000000000000000000
000000000000000000000000000000000000110000000000000000000000000001100000110000000000000000000000000000000001100000000000000000000000000000000000000000
000000000000000000000000000000000000110000000000000000000000000000000000110000000000000000000000000000000000000000000000000000000000000000000000000000
000000000000000000000000000000000000000000000000000000000000000000000000000000000000000000000000000000000000000000000000000000000000000000000000001000
000000000000000000000000011000000000000000000000000000000000000000000000000000000000000000000000000000000000000000000000000000000000000000000000001000
000000000000011100000000010100000000000000000000000000000000000000000000000000000000000000000000000000000000000000000000000000000000000000000000001000
000000000000000000000000001000000000000000000000000000000000000000000000110000000000000000000000110000000000000000000000000000000000000000000000010000
000000000000000000000000000000000000000000000000000000000000000000000000110000000000000000000000110000000000000000000000000000001100000000000000111000
000000000000000000000000000000000000000000000000000000000000000000000000000000000000000000000000000000000000000000000000000000010010000000000001111100
000100000000000000000000000000000000000000000000000000000000000000000000000000000000000000000000000000000000000000000000000000010010000000000011000110
010000000000000000000000000000000000000000000000000000000000000000000000000000000000000000000000000000000000000000000000000000001010000000000001111100
100000100000000000000000000000000000000000000000000000000000000000000001000000000000000000000000000000000000000000000000000000001000000000000000111000
000000100000000000000000000000000000000000000000000000000011000000000010100000000000000000000000000000000000000000000000000000000100100000000000010001
101110000001000000000000000000000000000000000000000000000011000000000001000000000000000000000000000000000000000000000000000000000000000000000000000011
000011100100100000000000000000000000000000000000000000000000000000000000000000000000000000000000000000000000000000000000000000000010010000000000000111
000000100101000000000000000000000000000000000000000000000000000000000000000000000000000000001100000000000000000000000000000000000000100000000000001100
000000001110000000000000000000000000000000001100000000000000000000000000000000000000000000010010000000000000000000000000000000000000000000000000000100
001100110000000000000000000000000000000000001100000000000000000000000000000000000000011000001010000000000000000000000000000000000000000000000000000010
000000110000000000000000000000000000000000000000000000000000000000000000000000000000100100000100000000000000000000000000000000000000000000000000000000
000000000000000000000000000000000000000000000000000000000000000000000000000000000000011000000000000000000000000000000000000000001100000000000000000000
000100000000000000000000000000000000000000000000000000000000000000000000000000000000000000000000000001100000000000000000000000100100000000000010100000
000010011000000000000000000000000000000000000000000000000000000000000000000000000000000000000000000010010000000000110000000000110110000000100011000000
000001111000000000000000000000000000000000000000000000000000000000000000000000000000000000000000000001100000000000110000000000011100000001010001000000
000000000000000000000000000000000000000000011000000000000000000000000000000000000000000000000000000000000000000000000000000000000000000001001000000000
000000000000000000000000000000011000000000011000000000000000000000000000000000000000000000000000000000000000000000000000000000000000000000110000000000
000000000000000000000000000000011000000000000000000000000000000000000000000000000000000000000000000000000000000000000000000000000000000000000000000000
000000000110000000000000000000000000000000000000000000000000000000000000000000000000000000000000000000000000000000000000000000000000000000000000000000
000000000110000000000000000000000000000000000000000000000000000000000000010000000000000000000000000000000000000000000000000000000000000100000000000000
000000000000000000000000000000000000000000000000000000000000000000000000101000000000000000000000000000000000000000000000000000000000000100000000000000
000000000110000000000000000000000000000000000000000000000000000000000000100100000000000000000000000000000000000000000100000000000000000100000000000000
000000000110000000000000000000000000000000000011000000000000001100000000011000000000000010000000000000000000000000010001000000000000000000000000110000
000000000000000000000000000000000000000000000100100000000000001100000000000000000000000101000000000000000000000000010000011000000000001100000001001000
000000000000000000000000000000000000000000000011000000000000000000000000000000000000000101000000000000000000000000010001010100000000010010000000110000
000000000000000000000000000000000000000000000000000000000000000000000000000000000000000010000000000000000000000000001010000110000000000001000000000000
000000000000000000000000000000000000000000000000001100000000000000000000000000000110000000000000000000000000000000000001000110000000000000100000000000
000000000000000000000000000000000000000000000000010010000000010000000000000000000110000000000010000000000000000000000000010110000000000100000000000000
000000000000000000000000000000000000000000000000001100000000101000000000000111000000000000000101000000000000000111000000100110000000010000000000000000
000000000000000000000000000000000000000000000000000000000000001100000000000000000000000000000011000000000000000000000000010100000000010110001000000000
100000000000000000000000000000000000000000000000000000000000000100000000000000010000000000000000000000000000000000000000001000000000010000101000000001
010000000000000000000000000000000000000000000000000000000000110000000000000000010000000000000000000001110000000000000000000000000000000000000000000001
110000000000000000000000000000000000000110000000000000000001110010000000000000010000000000000000000010010001100000000000000000000000000000000000000000
000000000000000000000000000000000000000110000000000000000011001110000000000000000000000000000110000101100001100000000000000000000000001100000000000000
000000000000000000000000000111000000000000000000000000000001001100000000000111000000000000000110000100100000000000000000000000000000010010000000000000
000000000000000000000000000000000000110000000000000000000000111000000000000000000000000000000000000011100000000000000000000000000000001100000000000000
000000000011000000000000000011000001001000000000000000000000010000000000000000000000000000000000000001111100000000000000100000000000000000000000000000
000000000011000000000000000011011000110000000000000000000000000000011000000000000000000000000000000000011100000011110000100000000000000000000000000000
000000000000000000000000001100001000000000000000000000000000000000011000000000000000000000000000000000101000000110110001010000000000000000000000000000
000000000000000000000000000001110000000111000000001100000000000000000000000000000000000000000000000000110000001100011000000000000000000000000000000000
000000000000000000000000010001100000000000000000001100000000000000000000000000000000010000000000000000110000000110000001010000000000000000000000000000
000000000000000000000000001000000000000000000000000000000000000000000000000110000000101000000000000000000000000000000101110000000000000000000000000000
000110000000000000000000000110000000110000000000000000000000000000000000000110000000100100000000000000000000000000111001110000000000000000000000000000
001001000000000000000000000000001000110000000000000000000000000000000000000000000000011000000000000000000000000000111001110000000000000000000000000000
000110000000000000000000000000011100000000000000000000000000000001100000000000000000000000000000000000000000000000000000110000000000000000000000000000
000000000000000101010000000000110110000000000000000000000000000010110000010000000000000011000000000000000000000110000000010000000000000000000000000000
000000000000001110101100000000000011000000000000000000000000001100100000111000000000000011000000000000000000000110000000000000000000000000000000000000
000000000000011000110000000000000011100000000000000000000000001101100001110100000000000000000000000000000000000000000000000000000000000000000000000000
000000000000001010000000000000000011000000000000000000000000010101000011000100000000000000000000000000000000000000000000000000000000100000000000000000
000000000000000110000000000000110110000000000000000000000000010011000010111000000000000000000000000000000000000000000000000000000001010000000000000000
000000000000000000000000000000011100000000000000000000000000001110000001110000000000000000000000000000000000000000000000000000000001010000000000000000
000000000000000000000000000000001000000000000000000011100000000100000000000011100000000000000000000000000000000000000000000000000000100000000000000000
000000000000000001100000000000000000000000000000000000000000000000000000000000000000000000000000000000000000000000000000000000000000000000000000000000
000000000000000010010000000000000000000000000000001000001000000000000000000000000000000000000000000000000000000000000000000000000000000000000000000000
000000000000000011000110000000000000000000000000001000001000000000000000000000000000000000000000000000000000000000000000000000000000000000000000000000
000000000000001110000111000000000000000000000000001000001000000000000000000000000000000000000000000000000000000000000000000000000000000000000000000000
000000000000100100000110000000000000000000000000000000000000000000000000000000000000000000000000000000000000000000000000000000000000000000000000000000
000000000000100100000000000000000000000000000000000000000000000000000000000000000000000000000000000000000000000000000000000000000000000000000000000000
000000000000001100000000000000000000000000000000000000000000000000000000000000000000001100000000000000000000011100000000000000000000000000000000000000
000000000000001010001110000000000000000000000000000000000000000000000000000000000000010010000000000000000000000000000000000000000000000000000000000000
000000000000000110001101100000000000110000000000000000000000000000000000000000000000001100000000000000000000000000000000000000000000000000000000000000
000000000000000010000100100001110000110000000000000000000000000000000000000000000000000000000000000000000110000000000001100000000000000000000000000000
000001110000000000000011100000000000000000000000000000000000000000000000000000000001100000000000000000011110000000000001010000000000000000000000001100
000001010000000000000000000100000000000000000000000000000000000000000000000000000010000000000000000000100001100000011100100000000000000000000000001100
000001110000000100000000000100000000000000000000000000000000000000000000000000000001100000000000000000111001100000100000000000000000000000000000000000
000000000000001010000000000100000000000000000000000000000000000000000000000000000000111100000000000000110001000001000100000000000000000000000000000000
000000000000010100000000000000000000000000000000000000000000000000000000000000000000001000000000000000011111000010001000000000000000000000000000000000
000000000000011000000000000000000000000000000000000000000000000000000000000000000000001000000000000000001010000010000000000000000000000000000000000000
000000000000000000000000000000000000000000000000000000000000000000000000000000000000000000000000000000000100000001011000000000000011000000000000000000
000000000000000000000000000000000000000000000000000000000000000000000001000000000000000000000000000000000000000000000000000000000011000000000110000000
000000000000000000000000000000000000000000000000000000000000000000000001000000000000000000000000000000000000000000110010000000000000000000001010000000
000000110000000000000000000000000000000000000000000000000000000000000001000000000000000000000000000000000000000000000100000000000000000000000100000000
000000110000000000000000000000000000000000000000000000000000000000000000000000000000000000000000000000000000000000000000000000000000000000000000000000
000000000011000000000000000000000000000000000000000000000000000111000000000000000000000000000000000000000000000000000000000000000001000000000000000000
000000000100100000000000000000000000000000000000000000000000000000000000000000000000000000000000000000000000000000000000000000000001000000000000000000
000000000010100000000000000000000000000000000000000000000000010000000000000000000000000000000000000000000000000000000000000000000001000000000000000000
000000000001000000000000000000000000000000000000000000000000010000000000000000000000000000110000000000000000000000000000000000000000000000001100000000
000000000000000000000000000000000000000011000000000000000000010000000000101001000100000000000100000000000000000000000000000000000000000000001100000000
000000000000000000000000000001100000000011000000000000000000000000000000100011000110111000010000000000000000000000000000000000000000000000000000000000
000000000000000000000000000001100000000000000000000000000000000111000000000010110111111000001110000000000000000000000000000000000000000000000000000000
000000000000000000000000000000000000000000000000000000000000000000000000000011000010000000000101100000000000000000000000000000000000110000000000000000
010000000000000000000000000000000000000000000000000000000000000000000000100011100000000000001111110000000000000000000000000000000000110000000000000000
101000000000000000000000000000000000001100000000000000000000000000000001000011110100000000000000000000000000000000000000000000000000000000000000000000
101000000000000000000000000000000000011000000000000000000000000000000001000000100000000000001001010101000000000000000000000000000000000000000000000000
010000000000000000000000000001000000000100000000000000000000000000000001100100010010000000000011011100110000000000000000000000000000000000000000000000
000000000000000000000000000001000000000000000000000000000110110000000000011100001100000000000000000001010000000000000000000000000000000000000000000000
000000010000000000000000000001000000000000000000000000000110110000000000000000000100110000000000000000100000000000000000000000000000000000000000000000
000000010000000000000000000000000000000000000000000000000000000000000000000000011101110000000000000000000000000000000000000000000000000000000000000000
000000010000000000000000000000000000000000000000000000000000000000000000000000111100000000000000000000000000000000001000000000000000000000000000000010
000000000000000000000000000000000000000000000000000000000000000000000000000001100000000110000100000000000000000000010100000000000000000000000000000010
000000000000000000000000001110000000000000000000000000000000000000000000000011000000000110001010000000000000000000100100000000000000000000000000000010
000000000000000000000000001110000000000000000000000000000000000000000000000001101010000000001010000000000000000000011000000000000000000000000000000000
000000000000000000000000010001000000000000000000000000000000000000000000000000100101100000000100000000000000000000000000000000000000000000000000000000
000000000000000000000000011100000000000000000000000000000000000000000000000000001000110000000000000000000000000000000000000000000000000010000000000000
000000000000000000000000001000000000000000000000000000000000000000000000000000000100010000000000000000000000000000000000000000000000000010000000000000
000000000000000000000000000000000000000000000000000010000000000000000000000000000011100000000000000000000000000000000000000000000000000010000000000000
000000000000000000000000000000000000000000000000100010000000000000000000000000000000100000001100000000000000000000000000000000000000000000000000000000
000000000000000000000000000000111000000000000001011010000000000000000000000001010000000011110110000000000000000000000000000000000000000000000001110000
000000000000000000000000000000011000000000000001011000000000000000000000000010101100110011000001000000000000000000000000000000000000000000000001000000
000000000000000000000010010000100000000000000011000000100100000000000000000100000011000000011001100000000000000000000000000000000000000000000111000100
000000000010000000000001100000000000000000000100011000000100000000000000000100000000000000000100100000000000000000000000000000000000000000000101001100
000000000100000000000000000000000000000000000011111001000010000000000000000000010111000011000101000000000000000000000000000000000000000000000001100000
000000000010000000000000000000000000000000000011000001000100000000000000110001010000000011000010000000000000000000000000000000000000000010000010101100
000000000000000000000000111000000000000000000001010000000100000000000000110001100000000000000000000000000000000000000000000000000000000101000000101100
000000000000011110000001101100000000000000000010000000011000000000000000000000100000000100000000000000000000000000000000000000000000000101000010001100
000000000000111010000001101010000000000000000010111010100000000000000000000000000000000000000000000000000000000000000000000000000000000010000001110100
000000000001101100000000100010000000000000000010100110000000000000000000000000000000000000000000000000000000000000000000000000000000000110000001000100
000000000011000000000000100100000000000000000000001101000000000000000000000000000000000000000000000000000000000000000000000000000000000110000000001000
000000000000000000000000011100000000000000000000011011000000000000000000000000000000000000000000000000000000000000000000000000000000000110000000010010
000000000000000000000100000000000001000000000000000011000000000000000000000000000000000000000000000000000000000000000000000000000000000000000000111100
000000000000000000001010000000000010100000000010000000000000000000000000000000000000000000000000000000000000000000000000000000000000000000000000000100
000000000000000000001010000000000010100000000000000000000000100000000000000000000000000000000000000000000000000000000000000000000000000000000000000110
000000000000000000000100000000000001000000001101111000000001010000000000000000000000000000000000000000000000000000000000000100000000000000000001000110
000000000000000000000000000000000000000000000101111100000001001000000000000000000000000000000000000000000000000000000000110100000000000000000010000000
000000000000000000000000000000000000000000000001001000000000001100000000000000001110000000000000000000000000011000000001000000111110010000000010010000
000000000000000000000000000000000000000000000001110000000000001100000000000000000000000000000000000000000000011000000001000001000010110100000010000000
000000000000000000110000000000000000000000000000100000000001100111000000000000000000000000000000000000000000000000000001110000000010100100000001000110
000000000000000000110000000000000000000000000000000000000000000100100000000000000000000000000000000000000000000000000000000000001100011010000000100010
000000000000000000000000000000000000000000000000000000000000000100100000000000000000000000000000000000000000000000000000000000000000000000000000011100
000000000000000000000000000000000000000000000000000000000000000100100000000000000000000000000000110000000000000000000000000000000000000000000000000000
000000000000000000000000000000000000001100000000011000000001100011000000000000000000000000000000110000000000000000000000000000000000000000000000000000
000000000000000000000000000000000000001100000000011000000001001100000000000000000000000000000000000000000000000000000000000000000000000000000000000000
000000000000000000000000000000000000000000000000000000000000100100010000000000000000000000000110000000000000000000000000000000000000101100000000000000
000000000000000000000000000000000000000000000000000000000000111000100000000000100000000000001001000000000000000000000000000000000000101000000000000000
000000000000000000000000000000000000000000000000000000000000000000110000000001011000010000000101000000000000000000000000000000000000100100000000000000
000000000000000000000000000000000000000000000000000000000000000000011110000000011000010000000010000000000000000000000000000000000000100100000000000000
000000000000000000000000000000000000000000000000000000000000000000001110000000111000010000000000000000000000000000000000000000000000010100000000000100
000000000000000000000000000000000000000000000000000000000000000000001101110000000010000000000000000000000000000000000000000000000000000000000000011011
000000000000000000000000000000000000000000000000000000000000000000000000110000000010000000000000000000000000000000000000000000000000000000000000010010
000000000000000000000000000000000000000000000000000000000000000000000001000000000010000000000000000000000000000000000000000000000000000000000000001100
000000000000000000000000000000000000000000000000000000000000000000000000000000000000000000000000000000000000000000000000000000000000000000000000000000
000000000000000000000000000000000000000000000000000000000000000000000010000000000000000000000000000000000000000000000000000000000000000000000000000000
000000000000000000000000000000000000000000000000100000000000000000000010100000000000000000000000000000000000000000000000000000000000000000000000000000
000000001100000000000000000000000000000000000001010000000000000000000000000000000000000000000000000000000000000000000000000000001110000000000000000000
000000001100000000000000000000000000000000000001010000000000000000000000000000000000000000000000000000000000000000000000000000000111000000000000000000
000000000000000000000000000000000110000000000000100000000000000000000000000000000000000000000000000000000000000000000000000000000000000000000000000000
