000000000000000000000000010000001000101000000000000000000000000000000000000000000000000000000000000000000000000000000000000000000000001000010000000000
000000000000000000000000000000000100001000000000000000000000000000000000000000000000000000000000001000000000000000000000000000000000001000000000000000
000000000000000000000000000000000011100000011000000000000000000000000000000000000000000000000000001000000000000000000000000000000000001000000000000000
000000000000000000000000000000000001000000011000000000000000000000000000000000000000000000000000001000000000000000000011000000010000000000000000000000
000000000000000000000000000000000000000000000000011100000000000000000000000000000000000000000000000000000000000000000100100000010000000000000000000000
000000000000000000000000000000000000000000000000000000000000000000000000000000000000000000000000000000000000000000000010100000010000000000000000000000
000000000110000000000000000000000000000000000001000001000000000001100000000000000000000000000000000000000000000000000001000000000000000000000000000000
000000001001000000000000000000000000100000000001000001000000000001100000000000000000000000000000000000000000000000000000000000000000000000000000000000
000000001001000000000000000000000001100001000001000001000000000000000000000000000000000000000000000000000000000000000000000000000000000000000000000000
000000000110000000000000000000000011110001000000000000000000000000000000000000000000000000000000000000000000000000000000000000000000000000000000000000
000000000000000000000000000000000100010101000000011100000000000000000000000000000000000000000000000000000000000000000000000000000000000000000000000000
000000000000000000000000000000001100010000000000000000000000000000000000000000000000000000000000000000000000000000000000000000100000000000000000000000
000000000000000000000000000000011001000000000000000000000000000000000000000000000000000000000000000000000000000000000000000000100000000000000000000000
000000000000000000000000000000000100000000000000000000000000000000000000000000000000000000000001000000000000000000000000000000100000000000000000000000
000000000000000000000000000000000000000000000000000000000000000000000000000000000000000000000010100000000000000001100000000000000000000000000000000000
000000000110000000000000000000000000000000000000000000000000000000000000000000000000000000000010100000000000000001100000000000000000000000000000000000
000000000110000000000000000000000000000000000000000000000000000000000000000000000000000000000001000000000000000000000000000000000000000000000000000000
000000000000000000000000000000000000000000000000000000000000000000000000000000000000000000000000000000000000000000000000000000000000000000000000000000
000000000000000000000000000000000000000000000000000000000000000000000000000000000000000000110000000000000000000000000000000000000000000000000000000000
000000000000000000000000000000000000000000000000000000000000000000001000000000000000000001001000000000000000000000000000000111000000000000000000000000
000000000010000000000000000000000000000000000000000000000000000000010100000000000000000000110000000000000000000110000000000000000000000000000000000000
000000000101000011000000000000000000000000000000000000000000000000001000000000000000000000000000000000000000000110000000000000000000000000000000000000
000000000101000011000000000000001000000000000000000000000000000000000000000000000000000000000001000000000000000000000000000000000000000000000000000000
000000000010000000000000000000001000000000000000000000000000000000000000000001000000000000000010100000000000000000000000000000000001100000000000000000
000000000000000000000000000000001000000000000000000000000000000000000000000010100000000000000010100000000000000000000000000000000001100000000000000000
000000000000000000000000000000000000000000000000000000000000000000000000000010010000000000000001000000000000000011100000000000000000000100000000000000
000000000000000000000000000000000000000000000000000000000000000000000000000001100000000000000000000000000000000000000000000000000000000100000000000000
000000000000000000000000000000000000000000000000000000000000000000000000000000000000000000000000000000000000000000000000000000000000000100000000000000
000000000000000000000000000000000000000000000000000000000000000011000000000000000000000000000000000000000000000000000000000000000001100000000000000000
000000000000000000000000000000000000000000000000000000000000000011000000000000000000000000000000000000000000000000000000000000000010010000000000000000
000000000000000000000000000000000000000000000000000000000000000000000000000000000000000000000000000000000000000000000000000000000001010000000000000000
000000110000000000000000000000000000000000000000000100000000000000000000000000000000000000000000000000000000000000000000000000000000100000000000000000
000000110000000000000000000000000111000000000000000100000000000000000000000000000000000000000000000000000000000000000100000000000000000000000000000000
000000000000000000000000000000000000000000000000000100000000000000000000000000000000000011000000000000000000000000101111000000000000000000000000000000
000000000000000000000000000000000000000000000000000000011000000000000000000000000000000011000000000000000000000011100000111000000001100000000000000011
000000000000000000000000000000000000000000000000000000100100000000000000000000000000000000000000000000000000000110001111010010000000100000000000000011
000000000001000000000000000000000000011000000000000000011000000000000000000000000000000000000000000000000000001000110000010010000100000000000000000000
000000000010100000000000000000000000011000000000000000000000000000000000000000000000000000000000000000000000000111000000000010000110000000000000000000
000000000000000000000000000000000000000000000000000000000000000000000000000000001000000000000000000000000000000010000011000000000000000000000000000000
000000000001110000000000000000000000000000000000000000000000000000000000000000010010000000000000000000000000000000001000000100000000000000000000000000
000000000000000000000000000000000000000000000000000000000000000000000000000000010010000000000000000000000000000000010000000000000000000000000000000000
000000000000000000000000000000000000000000000000000000000000000000000000000000000100000000000000000000000000000000010000000000000000000000000000000000
000000000000000000000000000000000000000000000000000110000000000000000000000000000000000000000000000000000000000000001000111000000000000000000000000000
000000001100000000000000000000000000000000000000001001000000000000000000000000000000000010000000000000000000000000000101100100000000000000000000000000
000000001100000000000000000000000000000000000000001010000000000000000000000000000000000101000000000000000000000000000000011000000000000000000000000000
000000010011000000000001100000000000000000000000000100000000000000000000000000000000000011000000000000000000000000000000010000000000000011000000000100
000000000000000000000010010000000000000000000000000000000000000000000000000000000000000000000000000001000000000000000000000000000000000111100000011010
000000000000011000000001100000000000000001100000000000000000000000000000000001000000000000000110000010100000000000000000000000000000001000010000010010
000000001101011100000000000000000000000001100000000000000000000000000000000001000000000000000110000010100000000000000000000000000000011001110000110100
000000001010000011000000000000000000000000000000000000000000000000000000000001000000000000000000000001000000000000000000000000000100001000000011100000
000010000011000110000000000000000000000000000000000000000000000000000000000000000000000000000000000000000000000000000000000000001110001000011000000000
001110000011100110001000000000000000000000000000000000000000000000000000000000000000000000000000110000000000000000000000000000000000000011000000011100
010000000011000011001000011100000000000000000000000000000000000001100000000000000000000000000001001000000000000000000000000000000100000101000111111100
011100000000000001000000000000000000000000000000000000000000000001100110000000000000000000000000110000000000000000000010000000000100101110000111100000
000000000000000000110000101010000000000000000000000000000000011000000110000000000000000000000000000000000000000000011110000000000010000001000010111100
000000000000000011100000110110000000000000000000000000000000011000000000000000000000000000000000000001000000000000011010000000000000011111000011110110
000000000000000100100011000001100000000000000000000000000000000000000000000000000000000000000000000010100000000000000010000000000010011010010110100100
000000000000000000101001001001001000000000000000000000000000000000000000000001100000000000000000000010100000000000001110010000000001100000001100000000
000000001110001101101010010100101000000000000000000000000000000000000000000010010000000000000000000001000000000000001111000000000000000000100100000110
000000010001001001001001001001001000000000000000000000000000000000000000000001010000000000000000000000000000000000000000000000000000000000011000000000
000000000011011010000011000001100000000000000000000000000000000000000000000000100000000000000000000000000000000000000000000000000000000000000000000000
000000100011010000000000110110000000000000000000000000000000011000000000000000000000000000000000000000000110000000000000000000000000000000000000000000
000000000110000010000000101010000000000000001100000000000000011000000000000000000000000000000000000000000110000110000100000000000000000000000000000000
000011010101011101000000000000000000000000001100000000000000000000000000000000000000000000000000000000000000000110001010000000000000000000000000000000
000100001011000001000000011100000100000000000000000000000000000000000001000000000000000000000000000000000000000000000100000000000000000000000000000000
000110110000000110000000000000011010000100000000000000000000000000000010000000000000000000000000000000000000100000000000011000000000000000000000000000
000000000000000000000000000000011000000100000000000000000000000000000011000000000000000100000000000000000001100000000000011000000000000000000000000000
000000000000000000000000000100010001001001000000000000000000000000000000010000000000001010000000001000000001010000000000000000000000000000000000000000
000000000000000000000000000100000111001110000000000000010000110000000001101100000000000100000000010100000000000000000000000000000000000000000000000000
000000000000000000000000000100000000001100000000000000010001001000000000001010000000000000000000010010000000000000000000000000000100000000000000000000
000000000000000000000000000000000000000000000000000000010000110000000000011001000000000000000000001100000000000000000000000000000100000000000011000000
000000000000000000000000000001000010000000000000000000000000000000000000000001100000000000000000000000000011000000000000000000000100000000000100110000
000000000000000000000000000110111101100000000000000000000000000000000001100011000000000000000000000000000100100000000010000000000000000000000100000000
000000000000000000000000000010110011011000000000000000000000000000000000001010000000000000000000000000000011000000000111000001000000000000000011101000
000000000000000000000000000000001000110100000000000000000000000000000000100001000000000000000000000000000000000000001001100001000000000001100000101000
000000000000000000000000000101110000010100110000000000000000000000000001010001000000000000000000000000000000000000011000000001000000000001100000000000
000000000000000000000000000010011101110110100000000000000000000000101011110000000000000000000000000000000000000000010100010000000000000000000000000000
000000000000000000000000000000001101100000100000000000000000000001010011001000000000000000000000000000000000000000001100000000000000000000000000000000
000000000000000000000000000000010100110100001100000000000000000000011101100000000000000000000000000000000000000000000110000100000000000000000110000000
000000000000000000000000000000010100000000010000000100000000000001000100000100000000000000000000000000000000000000000011000111000000000000001111000000
000000000000000000000000000000010100001000100000010010000000001111011111011000000000000000000000000000000000000000000110000100000000000000001100100000
000000000000000000000000000000011000001000000000010001000000000111111000110100000000000000000000000000000000000000001100000000000000000100011000010000
000000000000000000000000000000111000110001000000100011001000000000110000010011000000000000000000000000000000000000010100010000000000000000011100010000
000000000000001000000000000000010000110110000000011010010100000000000001001100000000000000000000000000000000000000011000000000000000000011010100000000
000000000000010100000000000001110000111000000000011111100100001100000001101100000000000000000000000000000000000000001001100000000000001010001101100000
000000000000100100000000000010100000000000000000000000111000010010000100000000100000000000000000000000000000000000000111000000000010010000000010000000
000000000000011000000000000011000000000001111100000000000000000001000100000000100000000000000000000000000000000000000010000000000101000010000000000000
000000000000000000000000000000000000000011000100000000000000001100100100100000100000000000000000000000000000000000000000000000001000010010000000000000
110000000000000000000000000000000000001100000000000000000000000011000100111000000001100000000000000000000000000000000000000000001000011000000000000000
110000000000000011000000000000000000000000010000000000000000000000000011011000010001100000000000000000000000000000000000000000000100011000000000000000
000000000000000100100000000000000000000000000000000000000000000000000000000111100000000000000000000000000000000000000000000000000011100000000000000000
000000000000000011000000000000000000001100000000000000000000000000000000000010100000000000000000000000000000000000000000000000000000000000110000000000
000000000000000000000110000000000000000000000000000000000000000000000000011011000000000000000000000000000000000000000000000000000000000001010000000000
000000000010000000000110011100011100000000000000000000000000000000000000000100000000000000000000000001100000000000000000000000000000000010000010100000
000000000010000000000000000000000000000000000000000010000000000000000000000000000000000000000000000001100000000000000000000000000000000010010100100000
000000000010000000000000000001000000000000000000000101000000000000000000000000000000000000000000000000000000000000000000000000000000000010010000000000
000000000000000000000000000001000000000000000000000101000000000000000000000000000000000000000000000000000000000000000000000000000000000001110010000000
000000000000000000000000000001000000000000000000000010000000000000000000000000000000000000000000000000000000000000000000000000000000000000000000001000
000000000000000000000000000000000000000000000000000000000000000000000000000000001000000000000000000000000000000000000000000000000000000000000100000000
000000000000000000000000000000000000001100000000000000000000000000000000000000010100000000000000000000000000000000000000000000000000000000000100010000
000000000010000000000000000000000000001100000000000000000000000000000000011000001000000000000000000000000000000000000000000000000000000000000001000000
000000000101000000000000000000000000000000000000000000000000000000000000001100001000000000000000000000000000000000000000000000000000000000000000000000
000000000100100000000110000000000000000000000000000000000000000000000000000000001110000000000000000000000000000000001000000000000000000000000000000000
000000000011000000000110000110000000000000000000000000000000000000000000000000000110000000000000000000000000000000010100000000000000000000000000000000
000000000000000000000000000110000000000000000000000000000000000000000000000000000010000000000000000000000000000000100100000000000000000000000000000000
000000000000000000000000000000000000000000000000000000000000000000000000011100100100000000000000000000000000000000011000000000000000001100000000000000
000000000000000000000000000000000000000000000000000000000000000000000000001011000100000000000000000000000000000000000000000000000000010100000000000000
000000000000000000000000000000000000000000000000000000000000000000000000000101000000000000000000000000000000000000000000000000000000001000000000000000
000000000000000000000000000000000000000000000000000000000000000000000000000001110000000000000000000000000000000000000000000000000000000000000000000000
000000000100000000000000000000000000000000000000000000000000000000000000000000000000000000000000000000000000000000000000000000000000000000000000000000
000000001010000000000000000000000000000000000000000000000000000000000000000000000000000000000000000000000000000000000000000000000000000000000000000000
000000001010000000000000000000000000001100000000000000000000000000000000000000000000000000011000000000000000000000000000000000000000000000000000000000
000000000100000000000000001100000000001100000000000000000100000000000000100000000000000000100100000000000000000000000000000000000000000111000000000000
000000000000000000000000001100000000000000000000000000000100000000000001100010000000000000011000000000000000000000000000000000000000000000000000000000
000000000000000000000000000000000000000000000000000000000010000000000011100110000000000000000000000000000000000000000000000000000000000000000000000000
000000000000000000000000000000000000000000000000000000000000001100000001100110000000000000000000000000000000000000000000000000000000000000000000000000
000000000001000000000000000000000011100000000000000000111100001100000000110100000000000000000000000000000000000000000000000000000000000000000000001100
000000000001000000000000000000000000000000000000000001011100000000000000011000000000000000000000000000000000000000000000000000000000000000000000001100
000000000001000000000000000000000000001000000000000001000000000000000000001000000000000000000000000000000000000000000000000000000000000000000000000000
000000000000000000000000000000011000001000000000000000000110000000000000000000000000000000000000000000000000000000000000000000000000000000000000000000
000000000000000110000000000000011000001000000000000000000110000000000000000000000000000000000000000000000000000000000000000000000000000000000000000000
000000000000001001000000000000000000000000000000000000000011000000000000000000000000000000000000000000000000000000000000000000000000000110000000000000
000000000000000110000000000000000011100000110000000000000010000000000000000000000000000000000000000000000000000000000000000000000000000110000000000000
000000000000000000000001100110000000000000110000000000000011000011000000000000000000000000000000000000000000000000000000000000000000000000000000000000
000000000000000000000001100110011000000000000000000000000001010000100000000000000000000000000000000000000000000000000000000000000000000000000000000000
000000000011000000000000000000011000001100000000000000000000010010000000000000000000000000000000000000000000010000000000000000000000000000000000000000
000000000101000000000000000000000000010010000000000000000000011100000000000000000000000000000000000000000000101000000000000000000000000000000000000000
000110000010000000000000000000000000001100000000000000000000010100000011000000000000000000000000000000000001001000000000000000000000000000001100000000
000110000000000000000000000000000000000000000000000000000000001100000100100000000000000000000000000000000000110000000000011000000000000000010010000000
000000000000000000000000000000000000000000000000000000000000001100000011000000000000000000000000000000000000000000000000011000000000000000010100000000
000000000000000000000000000000000000000000000000000000000000000000000000000000000000000000000000000000000000000000000000000000000000000000001000000000
000000000000000000000000000000000000000000000000000000000000000000000000000000000000000000000000000000000000000000000000000000000000000000000000000000
000000000000000000000000001100000000000000000000000000000000000000000000000000000000000000000000000000000000000000000000000000000000000000000000000000
000000000000000000000000001100000000000000000000000000000000001000000000000000000000000000000000000000000000000000000000000000000000000000000000000000
000000000000000000000111000000000000000000000000000000000000010100000000000000000000000000000000000000000000000000000000000000000000000000000000000000
000000000000000000000000000000000000000000000000000000000000010100000000000000000000000000000000000000000000000000000000000000000000000000000000000000
000000000000000000010000010000000000000000000000000000000000001000000000000000000000000000000000000000000000000000000000000000011000000011000000000000
000000000000000000010000010000000000000000000000000000000000000000000000000000000000000000000000000000000000000000000000000000100100000100100000000000
000000000000000000010000010000000000000000000000000000000000000000000000000000000000000000000000000000000000000000000000000000011000000011000000000000
000000000000000000000000000000000000000000000000000000000000000000000000000000000000000000000000000000000000000000000000000000000000000000000000000000
000000000000000000000000000000000000000000000000000000000000000000000000000000000000000000000000000000000000000000000000000000000000100000000000000000
000000000000000000000000000000000000000000000000000000000000000000000000000000000000000000000000110000000000000000000000000000000001010000000000000000
000000000000011100000000000000000000000000011000000000000000000000000000000000000000000000000000110000000000000000000000000000000001010000000000000000
000000000000000000000000000000000000000000100100000000000000000000000000000000000000000000000000000000000000000000000000000000000000100000000000000000
000000000001000001000000000000000000000000011000000000000000000000000000000000000000000000000000000000000000000000000000000000000000000000000000000000
000000000010100010100000000000000000000000000000000000000000000000000000000000000000000000000000000000000000000000000000000000000000000000000000000000
000000000010100010100000000000000000000000000000000000000000000000000000000000001100000000000000000000000000000000000000000000000000000000000000000000
000000000001000001000000000000000100000000000000000000000000000000000000000000001100000000000000000000000000000000000000000000000000000000010000000000
000000000000000000000000010000001001100000000000000000000000000000000000000000000000000000000000000000000000000000000000000000000000000000101000000000
000000000000000000000000010000001000001000000000000000000000000000000000000000000000000000000000000000000000000000000000000000000000000000101000000000
