01000000000000000011000001110001001100000000000110
10000000000000000000000000000000111000000000000001
00000000000000000000000000000000010000000000000000
00000000000000000000000000000000000000000000000000
00000000000000000000000000000000000000000000000000
00000000000000000000011000000000000000000000000000
00000110000000000000101000000000000000000000000010
00001001000000000000010000000000001110000000000010
00000110000000000000000000000000000000000000000010
01111100001100110000000000000000000000000000000000
10011000001100110000000000110000000001110000000000
01000100000000000000001000010001100000000000000000
00111000000000000000001000000010010000000000000000
00010000000000000000001000100001010000000000001100
01000000000000000000000010000000000000000000010100
11000000000000000000000000000001100000000000100011
01100000000000000000000000001100000000000000010100
01000000000000000000000000000000000000000000000101
00100000000000000000000000000100000000000000000110
10110000000001100001000000000110000101000000000000
10110000000000000010100000000100000000100000000110
11000000000000000010100000100010001000000000000100
10000000000000000001000000100100001000000000001001
00000000000000000000000001000000000011000000000110
00000000000000000000000001000100000110000000000100
00000000000000000001110000000000000000000000000000
00000000000000000000010000100000000000000000000000
00011000001000000000010000000010000000000000000101
10000101000010000000000100001100000000000000000100
00100100000001000000011011000000000000000000000101
00100110000000000000000100000000011000000000000000
00111111000001000000000000000000011000000000000000
00110000000001000000000000000000000000000000000000
00000000001001000110000000000000000000000000000011
00000000001100000110000000011000000000000000100100
01000001000110000000000000011011000000000000001100
00001110000001000101000010000010000000000000010100
00100110001000010100000110111110000000000000000001
00011000010010000000011010000010000000000000001101
10001000000000000000100001011110000000000000001110
00110000000100000001000010011110000000000001000000
00000001100010000000100000000000000000000011111010
00000001001011000000011100000000000000000010000010
00000001010011100000000001000101000000000001100010
00000000000010100000000000000100100000010001100100
00000000000110100000000000111110100000100000011000
01100011100010100000000000101001100001100000000000
00000001100001000000100000101001010011000000000110
00000000000000000001000001001000010011000000001001
00100000000000000110000001010001000100000000000100
