00000000000000000000000000000000000000000000000000
00000000000000000000000000000000000000000000000000
00000111000000000000000000000000000000100000000000
00000000000000000000000000000000000001010000000000
00000000000000000000000000000000000000110000000000
00000000000000000000000000000000000000000000000000
00100000000000000000000000000000000000000000000000
01000000000000000011000000000000000000000000000000
01000000000000000101000000000000000000000000000000
00000000000000000010000000000000000000000000000000
00000000000000000000000000001110000000000000000000
11100000000000000000000000010010000000000000000000
00000000000000000000000000110110000000000000000000
00001000000000000000000000100101110000000000000010
00001000000000000000000110110101110000000000000010
00001000000000000000000101001000100000000000000010
00000000000000000000000010000000000000000000000000
11100000000000000000000000000000000000000000000000
00000000000000000000000000000000000000000000000000
00000000110000000000000000000000000000000000000000
00000001001001100000000000000000000000000000000000
00000000110001100000000000000000000000000000000000
00000000000000000000110000000000000000000000000000
00000000000000000000110000000000000000000000000000
00000000000000000000000001100000000000000000000000
00011000000000000000000000100000001100000000000000
00000010000000000000000001000000001100000000000000
00010011000000000000000000000000000000000000011000
00000100100000000000000000010000000000000000010100
00110000110000000000000010000000000000000000001100
01001110110000000000000010010000000000000000000000
01000010100000000000000111000000000000001000000000
01101100000000000000000111000000000000010100000000
00010100000000000000000100100000000000001100000000
00000100000000000000000010100000000000000000000000
00000000000000000000000011100000000000000000000000
00000000000000000000000000000000000000000000000000
00000000000000000000000000000000000000000000000000
00000001000000000000000000000000000000000000000000
00000011100000000001000000000000000000000000000000
00000100010000000010100000000000001100000000000000
00000010001000000010100000000000001100000000000000
00000010100000000001000100000000000000000000000000
00000001110000000000000100000000000000000000000000
00000000000000000000000100000000000000000000000000
00010000000000000000000000000000000000000000000000
00101000000000000000110000000000000000000000000000
00101000000000000000110000001110000000000000000000
00010000000000000000000000000000000000000000000000
00000000000000000000000000000000000000000000000000
