000000000000000000000000000001100000000010111000000000000000000000000000000000000000000000000000000000000000000000000000000000000000001000010000000000
000000000000000000001000001000000000000101110000000000000000000000000000000000000000000000000000001000000000000000000000000000000000001000000000000000
000000000000000000001000001000000000000011100000000000000000000000000000000000000000000000000000001000000000000000000000000000000000001000000000000000
000000000000000000001000001000000000000011000000000000000000000000000000000000000000000000000000001000000000000000000011000000010000000000000000000000
000000000000000000000000000000000000000000000000000000000000000000000000000000000000000000000000000000000000000000000100100000010000000000000000000000
000000000000000000000011100000000000000000000000000000000000000000000000000000000000000000000000000000000000000000000010100000010000000000000000000000
000000000110000000000000000000000000000000000000000000000000000001100000000000000000000000000000000000000000000000000001000000000000000000000000000000
000000001001000000000000000000000000000000000000000000000000000001100000000000000000000000000000000000000000000000000000000000000000000000000000000000
000000001001000000000000000000000000000000000000000000000000000000000000000000000000000000000000000000000000000000000000000000000000000000000000000000
000000000110000000000000000000000000000000000000000000000000000000000000000000000000000000000000000000000000000000000000000000000000000000000000000000
000000000000000000000000000000000000000000000000000000000000000000000000000000000000000000000000000000000000000000000000000000000000000000000000000000
000000000000000000000000000000000000000000000000000000010000000000000000000000000000000000000000000000000000000000000000000000000000000000000000000000
000000000000000000000000000000000000000000000000000000010000000000000000000000000000000000000000000000000000000000000000000000000000000000000000000000
000000000000000000000000000000000000000000000000000000010000000000000000000000000000000000000001000000000000000000000000000000000000000000000000000000
000000000000000000000000000000000000000000000000000000000000000000000000000000000000000000000010100000000000000000000000000000000000000000000000000000
000000000110000000000000000000000001100000000000000000000000000000000000000000000000000000000010100000000000000000100000000000000000000000000000000000
000000000110000000000000000000000001100000000000000000000000000000000000000000000000000000000001000000000000000001010000001110000000000000000000000000
000000000000000000000000000000000000000000000000000000000000000000000000000000000000000000000000000000000000000000100001000000000000000000000000000000
000000000000000000000000000000000000000000000000000000000000000000000000000000000000000000110000000000000000000000000001100000000000000000000000000000
000000000000000000000000000000000000000000000000000000000000000000001000000000000000000001001000000000000000000000000000000000000000000000000000000000
000000000010000000000000000000000000000000000000000000000000000000010100000000000000000000110000000000000000000000000000001000000000000000000000000000
000000000101000011000000000000000000000000000000000000000000000000001000000000000000000000000000000000000000000000000000110100000000000000000000000000
000000000101000011000000000000001000000000000000000000000000000000000000000000000000000000000001000000000000000000000000100010000000000000000000000000
000000000010000000000000000000001000000000000000000000000000000000000000000001000000000000000010100000000000000000000000001100011110000000000000000000
000000000000000000000000000000001000000000000000000000000000000000000000000010100000000000000010100000000000000000000100000000001010000000000000000000
000000000000000000000000000000000000000000000000000000000000000000000000000010010000000000000001000000000000000000001010000011101000000000000000000000
000000000000000000000000000000000000000000000000000000000000000000000000000001100000000000000000000000000000000000000000000000001001000000000000000000
000000000000000000000000000000000000000000000000000000000000000000000000000000000000000000000000000000000000000000001100000000011100000000000000000000
000000000000000000000000000000000000000000000000000000000000000110000000000000000000000000000000000000000000000001011100000000000100100000000000000000
000000000000000000000000000000000000000000000000000000000000001001000000000000000000000000000000000000000000000011000000000001100001000000000000000000
000000000000000000000000000000000000000000000000000000000000000110000000000000000000000000000000000000000000000000110000000000101100000000000000000000
000000110000000000000000000000000000000000000000000000001100000000000000100000000000000000000000000000000000000000000011000000011000000000000000000000
000000110000000000000000000000000111000000000000000000000110000000000001110000000000000000000000000000000000000001000110000000000000000000000000000000
000000000000000000000000000000000000000000000000000000101111110000000011011000000000000011000000000000000000001110011100000000000000000000000000000000
000000000000000000000000000000000000000000000000000001100001001000000011101100000000000011000000000000001100100000100000010000000001100000000000000011
000000000000000000000000000000000000000000001100000001000100101000000011011100000000000000000000000000001100011001001000100100000000100000000000000011
000000000000000000000000000000000000011000001100000001011101010000000001000100000000000000000000000000000000011000110001000100000100000000000000000000
000000000000000000000000000000000000011000001110010001000001000000000001000100000000000000000000000000000000000000000000110100000110000000000000000000
000000000000000000000000000000000000000000000011101101011111000000000000100000001000000000000000000000000000000000000001000000000000000000000000000000
000000000000000000000000000000000000000000000001110000010001000000000000001100010010000000000000000000000000000000000010000001000000000000000000000000
000000000000000000000000000000000000000000000000000000010001000000000000000000010010000000000000000000000000000000000100000011100000000000000000000000
000000000000000000000000000000000000000000000000000000010011000000000000000000000100000000000000000000000000000000000010100000100000000000000000000000
000000000000000000000000000000000000000000000100000001010100000000000000000000000000000000000000000000000000000000000100010000000000000000000000000000
000000000000000000000000000000000000000000001010000001010000110000000000000000000000000010000000000000000000000000000010100000000000000000000000000000
000000000001000000000000000000000000000000001010000001000000000000000000000000000000000101000000000000000000000000000001000000000000000000000000000000
000000000010100000000001100000000000000000000100000001011101100000000000000000000000000011000000000000000000000000000000011000000000000000000000000000
000000000010010000000010010000000000000000000000000001101100000000000000000000000000000000000000000001000000000000000000101100000000000000001100001100
010000000001100000000001100000000000000011000000011000100100000000000000000001000000000000000110000010100000000000000001100010000000000000001100010110
110000000000000000000000000000000000000100100000100100000110000000000000000001000000000000000110000010100000000000000001011010000000000000000000010101
100000000000000000000000000000000000000011000000011000001000000000000000000001000000000000000000000001000000000000000000000100000000000000000000000110
000000000000000100000000000000000000000000000000000000000000000000000000000000000000000000000000000000000000000000000000000000000000000000000000001100
000000000000001010000000000000011000000000000100000000000000000000000000000000000000000000000000110000000000000000000000000000000000000000000000001100
000000000000010010000000000000011000000000001010000000000000000000000000000000000000000000000001001000000000000000000000101100000000000000000000000000
000000000000001100000000000110110000000000001010001100000000000000000000000000000000000000000000110000000000000000000001111100000000000000000000000000
000000000000000000000000000100100000000000000100001100000000000000000000000000000000000000000000000000000000000000000001000100000000000000000000000000
000010000000000000000000000100110000000000000000000000000000000000000000000000000000000000000000000001000000000000000001111000000000000000000000110000
011110000000000000000000000000011110000000000000000000000000000000000000000000000000000000000000000010100000000000000001100111110000000000000000100000
110010000000000000000000000000000010000000000000000000000000000000011100000001100000000000000000000010100000000000000001101101000001110000000000000101
100100000000000000000000001000000100000000000000000000000000000000000000000010010000000000000000000001000000000000000001101001110000010000000000100000
001100000000000000000000001001011100000000000000000000000000000000000000000001010000000000000000000000000000000000000000110000000010010000000000111000
000000000000000000000000000101001100000000000000000000000000000000000000000000100000000000000000000000000000000000000000000000000010100000000000111000
000000000000000000000000000000001000000000000000000000000000000000000000000000000000000000000000000000000110000000000000000000000010000000000000000000
000000000000000000000000000000011110000000000000000000000011000000000000000000000000000000000000000000000110000000000000000000000011100000000000000000
000000000000000000000000000000010101000000000000000000000010010000000000000000000000000000000000000000000000000000000000000100000011100000000000000000
000000000000000000000000000000111011100000000000000000000010010000000000000000000000000000000000000000000000000000000000011110011001100000000000000000
000000000000000000000000000000010101000000000000000000000001010000000000000000000000000000000000000000000110000000000000101110100010000000000000000000
000000000000000000000000000000001110000001100000000000000000000000000000000000000000000100000000000000000110000000000001100011100010000000000000000000
000000000000000000000000000000000100000001100000001010000000000000000000000000000000001010000000001000000000000000000000111000111000000000000000000000
000000000010000000000000000000000000000000000000001010000000000000000000000000000000000100000000010100000000000000000000011100000000000000000000000000
000000000101000000000000000000000000000000000000001101011000000000000000000000000000000000000000010010000000000000000000000000000000000000000000000000
000000000101000000000000000000000000000000000000000101111011000000000000000000000000000000000000001100000000000000000000000011000000000000000000000000
000000000010000000000000000000000000000000000000000100000101000000000000001100000000000000000000000000000010000000000000000111000000000000000000000000
000000000000000000000000000000000000000000000000000000011110000000000000001010000000000000000000000000000010000000000000000000001110000000000000000000
000000000000000000000000000000000000000000000000000111100000000000000000000110000000000000000000000000000010000000000011000000000000000011000000000000
000000000000000000000000000000010000000000000000000001111100000000000000000000000000000000000000000000000000000000000101000010110000000100100000000000
000000000000000000000000000000101000000000000000000001000100000000000000000000000000000000000000000000000000000000000010000010010000100011000000000000
000000000000000000000000000000000000000000000000000000001100000000000000000000000000000000000000000000000000000000000000000001110000100000000000000000
000000000000000000000000000010011000000011100011000001101100000000000000000000000000000000000000000000000000000000000000110000000000100000000000011000
000000000000000000000000000000000000000100010111000000010000000000000000000000000000000000000000000000000110000000000000101000000000000000000000011000
000000000000000000000000000000010000000101011010000000000000000000000000000000000000000000000000000000000110000000001000010000000000000000000000000000
000000000000000000000000000000000000000001011001000000000000000100000000000000000000001100000000000000000000000000010000000000000000000000000000000000
000000000000000000000000000001110000000000110111000000000000001010000000000000000000001100000000000000000000000000011000001100000000000000000000000000
000001100000000000000000000011010000000001100111000000000000001010000000000000000000000000000000000000000000000000000000001100000000000000000000000000
100001100000000000000000000010110000000000110000000000000000000100000000000000000000000000000000000000000000000000000000000010000000000000000000000000
100000000000000000000000000100110000000000010000000000000000000000000000000110000000000000000000000000000000000000000000001100000000000000000000000000
100000100000011000000000000011000000000000000001100011000011000000011000000110000000000000000000000000000000000000011100000000000000000000000000000000
000001110000010010000000000000000000000000000001100011000100100000100100000000000000000000000000000000000000000000010011000000000000000000000000000000
000011001000001110000000000000000000000000000000000000000011000000011000000000000000000110000000000000000000000000001110000000000001000000000000000000
000000010100000010000000000000000000000000001110000000000000000000000000000000000000001111000000000000000000000000000100000000000001000000000000000000
111000010110000000000000000000000000000000011110000000000000000100000000000000000000010101000000000000000000000000000000000000000001000000000000000000
000011100010001100000000000000000000000000100001000000000000001010000000000000110000001010000000000000000000000000000000000000000000000000000000000000
010010000000000000000000000000000000000001000110000000000000001010000000000001010000000000000000000000000000000000000000000000000000000000000000000010
010000111000000000000110000001000000000001000110000000000000000100000000000010110000000000000000000000000000000000000000000000000000000000000000000000
111000010100001000000110000010100000000000010000000000000000000000000000000110100000110000000000000001100000000000000000000000000000000000000000000010
100000010000001000000000000011000000000001110000000010000000000000000000000011000101000000000000000001100000000000000000000000000000110000000000000001
010100010000101000000000000000000000000000000000000101000000000000000000000000001010000000000000000000000000000000000000000000000000110000000000000000
011100111000110000000000000000000000000000000000000101000000000000000000000000010010010100000000000000000000000000000000000000000000000000000000000000
000000000000000000000000000000000000000000000000000010000000000000000000000000000010000000000000000000000000000000000000000000000000000000000000000000
000000000000000000000000000000000000000000000000000000000000000000000000000110001100010100000000000000000000000000000000000000000000000000000000000000
000000000000000000000000000000000000001100000000000000000000000100000000011010000000000000000000000000000000000000000000000000000000000000000000000000
000000000000000000000000000000000000001100000000000000000000001010000000100000000000000000000000000000000000000000000000000000000000000000000000000000
000000000000000000000000000000000000000000000000000000000000001001000000000100000000000000000000000000000000000000000000000000000000000000000000000000
000000000000000000000110000000000000000000000000000000000000000110000001000000000000000000000000000000000000000000001000000000000000000000000000000000
000000000000001001000110000110000000000000000000000000000000000000000000000100000000000000000000000000000000000000010100000000000000000000000000000000
000000000000011000000000000110000000000000000000000000000000000000000100001110110000000000000000000000000000000000100100000000000000000000000000000000
000000000000001000000000000000000000000000000000000000000000110000001110000001111000000000000000000000000000000000011000000000000000001100000000000000
000000000000000000000000000000000000000000000000000000000000110000000000100010001000000000000000000000000000000000000000000000000000010100000000000000
000000000000000000000000000000000000000000000000000000000000000000000011100000111000000000000000000000000000000000000000000000000000001000000000000000
000000000000000000000000000000000000000000000000000000000000000000000010000011111000000000000000000000000000000000000000000000000000000000000000000000
000000000000000000000000000000000000000000000000000000000000000000000001100100101000000000000000000000000000000000000000000000000000000000000000000000
000000000000000000000000000000000000000000000000000000000000000000000001100000111000000000000000000000000000000000000000000000000000000000000000000000
000000000000000000000000000000000000001100000000000000000000000000000001000100100000000000011000000000000000000000000000000000000000000000000000000000
000000000000000000000000001100000000001100000000000000000000000000000000100100000000000000100100000000000000000000000000000000000000000111000000000000
000000000000000000000000001100000000000000000000000000000000000000000000011100000000000000011000000000000000000000000000000000000000000000000000000000
000000000000000000000000000000000000000000000000000000000000000000000000000000000000100000000000000000000000000000000000000000000000000000000000000000
000000000000000000000000000000000000000000000000000000000011100000000000000000000001000000000000000000000000000000000000000000000000000000000000000000
000000000001000000000000000000000011100000000000000000000000000000000000000000000001001100000000000000000000000000000000000000000000000000000000001100
000000000001000000000000000000000000000000000000000000000000000000000000000001110000100010000000000000000000000000000000000000000000000000000000001100
000000000001000000000000000000000000001000000000000000000000000000000000000000000000100100000000000000000000000000000000000000000000000000000000000000
000000000000000000000000000000011000001000000000000000000000000000000000000000000000001000000000000000000000000000000000000000000000000000000000000000
000000000000000110000000000000011000001000000000000000000000000000000000000000000000000000000000000000000000000000000000000000000000000000000000000000
000000000000001001000000000000000000000000000000000000000000000000000000000000000000000000000000000000000000000000000000000000000000000110000000000000
000000000000000110000000000000000011100000110000000000000000000000000000000000000000000000000000000000000000000000000000000000000000000110000000000000
000000000000000000000001100110000000000000110000000000000000000110000000000000000000000000000000000000000000000000000000000000000000000000000000000000
000000000000000000000001100110011000000000000000000000000000001001000000000000000000000000000000000000000000000000000000000000000000000000000000000000
000000000011000000000000000000011000001100000000000000000010001010000000000000000000000000000000000000000000010000000000000000000000000000000000000000
000000000101000000000000000000000000010010000000000000000010000100000000000000000000000000000000000000000000101000000000000000000000000000000000000000
000110000010000000000000000000000000001100000000000000000101000000000011000000000000000000000000000000000001001000000000000000000000000000001100000000
000110000000000000000000000000000000000000000000000000000010000000000100100000000000000000000000000000000000110000000000011000000000000000010010000000
000000000000000000000000000000000000000000000000000000000010000000000011000000000000000000000000000000000000000000000000011000000000000000010100000000
000000000000000000000000000000000000000000000000001100011000000000000000000000000000000000000000000000000000000000000000000000000000000000001000000000
000000000000000000000000000000000000000000000000001001000000000000000000000000000000000000000000000000000000000000000000000000000000000000000000000000
000000000000000000000000001100000000000000000000000100000000000000000000000000000000000000000000000000000000000000000000000000000000000000000000000000
000000000000000000000000001100000000000000000000000100001000001000000000000000000000000000000000000000000000000000000000000000000000000000000000000000
000000000000000000000000000000000000000000000000000011000000010100000000000000000000000000000000000000000000000000000000000000000000000000000000000000
000000000000000000000000000000000000000000000000000000000000010100000000000000000000000000000000000000000000000000000000000000000000000000000000000000
000000000000000000000000000000000000000000000000000000000000001000000000000000000000000000000000000000000000000000000000000000011000000011000000000000
000000000000000000000000000000000000000000000000000000000000000000000000001100000000000000000000000000000000000000000000000000100100000100100000000000
000000000000000000000000000000000000000000000000000000000000000000000000000010000000000000000000000000000000000000000000000000011000000011000000000000
000000000000000001100000000000000000000000000000000000000000000000000000001100000000000000000000000000000000000000000000000000000000000000000000000000
000000000000000001100000110000000000000000000000000000000000000000000000000000000000000000000000000000000000000000000000000000000000100000000000000000
000000000000000001100001101000000000000000000000000000000000000000000000000000000000000000000000110000000000000000000000000000000001010000000000000000
000000000000000000101011001100000000000000000000000000000000000000000011100000000000000000000000110000000000000000000000000000000001010000000000000000
000000000000000000001010011000000000000000000000000000000000000000000000001100000000000000000000000000000000000000000000000000000000100000000000000000
000000000000000000001000000000000000000000000000000000000000000000000000001010000000000000000000000000000000000000000000000000000000000000000000000000
000000000000000011101010000000000000000000000000000000000000000000000000001010000000000000000000000000000000000000000000000000000000000000000000000000
000000000000000011000100000000000000000000000000100000000000000000000000000100000000000000000000000000000000000000000000000000000000000000000000000000
000000000000000000010100000000000000000000000001010000000000000000000000000000000000000000000000000000000000000000000000000000000000000000010000000000
000000000000000000110100000000000000000001100001010000000000000000000000000000000000000000000000000000000000000000000000000000000000000000101000000000
000000000000000000001001100001100000000011110000100000000000000000000000000000000000000000000000000000000000000000000000000000000000000000101000000000
