01000000000000000011100000000001100010000000000000
00000000000000000000000000000000001110100000000000
00000000000000000010001000000000001110010000000000
00000000000000000001000000000000101110110000000000
00000000000000000000100100000001011110110000000000
00000000000000000000100100000000001110100000000000
00000000000000000000101000000000110001000000000000
00000000000000000000111000000000000000000000000000
00000000000000000000000000000000000000000000000000
00000000000000000000000000000000000000000000000000
00000000000000000000000000000000000000000000001000
00000000000000000011000000000000000000001010011000
01000000000001110011100000000000000000000001110100
00110000000101110000010000000000000000000010011101
00100000000100111000011000000000000000010000001010
01000000000000000000111000000000011000000010000111
00000000000000000111110111000000011000001010000000
00000000000000000010001000100000000000000100000000
00000000000000000010001000010100000000000000000000
00001000011101110000000100001110000000000000000000
00000000001100000000000100000000100000000000000000
00001000000000000000000010101111100000000000000000
00000110110000000000000010000100010000000000000000
00000000000010000000000000000001100000000000000000
00000000000111000000000111000001100000000000000000
00011000001001100000000000000000000010000000001010
00011000001000100000000000000000000111000000000101
00000000000010100000000000000000001101000001110010
00000000000000000000000000001100011100000000000001
00000000011011000000000000000000100000000000000100
00000000000100000000000000000001000110000000000100
00000000000000000000000000000000000110110000000100
00100000000000000000000000000000000000010000000000
00110000000000000000000000000000000011010000000000
01010000000111000000000000000000000010100000000000
01110000000000000000000000000000001100000000000000
10110000000000000000000000000000000000000000000000
00100000000000000000000000000000000000000000000001
00000000000000000000000000000000000000000000000010
00100000000000000000000000000000000000000000000111
10110000000000000001100000000000001100000000000111
10100000000000000010010000000000001100000000000111
00000000000000000001100000000000000000000000000010
00000000000000000000000000000000000000000000111010
00000000000000000000000000000000000000000000101000
00000000000000000000000000000000000000000000001000
00000000000000000001100000000000000000000000011100
00000000000000000001100000000000000000011000000000
01000000000000000000000000000000011100011000000000
10100000000000000000000000000001011100011100000000
