000000000000000000000000000000000000000000000000000000000000000000000000000000000000000000000011000000000000000000000100000000000000100000000000000000
000000000000000000000000000000000000000000000110000000000000000000000000000000000000000000000011000000000000000000000000000000000000000000000000000000
000000000000000000000000000000000000000000000110000000000000000000000000000000000000000000000000000000000000000000000000000000000000000000000000000000
000000000000000000000000000000000000000000000000000000000000000000000000000000000000000000000000000000000000000000000000000000000000000000000000000000
000000000000000000000000000000000000000000000000000000000000000000000000000000000000000000000000000000000000000000000000000000000000000000000000000000
000000000000000000000000000000000000000000000000000000000000000000000000000000000000000000000000000000000000000000000000000000000000000000000000000000
000000000110000000000000000000000000000000000000000000000000000001100000000000000000000000000000000000000000000000000000000000000000000000000000000000
000000001001000000000000000000110000000000000000000000000000000001100000000000000000000000000000000000000000000000000000000000000000000000000000000000
000000001001000000000000000000110000000000000000000000000000000000000000000000010000000000000000000000000000000000000000000000000000000000000000000000
000000000110000000000000000000000000110000000000000000000000000000000000000000010000100000000000000000000000000000000000000000000000000000000000000000
000000000000000000000000000000000000110000000000011000000000000000000000000000000101000000000000000000000000000000000000000000000000000000000000000000
000000000000000000000000000000000000000000000000011000000000000000000000000000001110010000000000000000000000000000000000000000000000000000000000000000
000000000000000000000000000000000000000000000000000000000000000000000000000000010110000000000000000000000000000000000000000001110000000000000000000000
000000000000000000000000000000000000000000000000000000000000000000000000000000110100110001100000000000000000000000000000000000000000000000000000000000
011000000000000000000000000000000000000100000000000000000000000000000000000000001011000010010000000000000000000000000000000000000000000000000000000000
101000000000000000000000000000000000001010000000000000000000000000000000000000000000000001100000000000000000000000000000000000000000000000000000000000
100000000000000000000000000000000000001010000000000000000000000000000000000000000000000000000000000000001100000000000000000000000000000000000000000001
110000000000000000000000000000000000000100000000000000000000000000000000000000000000011000000000000000001100000000000000000000000000000000000000000000
000000000000000000000000000000000000000000000000000000000000000000000000000000111000000000000000000000000000000000000000000000000000000000000000000000
110100000000000000000000000000000011000000011000000000000000000000001000000000100010000000000000000000000000000000000000000000000000000000000000000000
100000011100000000000000000000000100100000100100000000000000000000010100000000111110000100000000000000000000000000000001000000000000000000000000000000
011111110000000000000000000000000011000000011000000000000000000000001000000000000000000100000000000000000000000000000001000000000000000000000000000000
000011100000000000000000000000000000000000000000000000000000000000000000000000000111010010000000000000000000000000000001000000000000000000000000000000
000000000000000000000000000000000000000100000000000000000000000000000000000001000010100000000000000000000000000000000000000000000000000000000000000000
000000000000000000000000000000000000001010000000000000000000000000000000000010100000010100000000000000000000000000000000000000000000000000000000000000
000000000000000000000000000000000000001010000000000000000000000000000000000010010000000000000000000000000000000000000000000000000000000000000000000000
000000000000000000000000000000000000000100000000000000000000000000000000000001100000000000000000000000000000000000000000000000000000000000000000000000
100000000000000000000000000000000000000000000000000000000000000000000000000000000000000000000000000000000000000000000000000000000000000000000000000001
100000000000000000000000000000000000000000000000000000000000000011000000000000000000000000000000000000000000000000000000000000000000000000000000000001
000000000000000000000000000000000000000000000000000000000000000011000000000000000000000000000000000000000001000000000000000000000000000000000000011000
000000000000000000000000011000000000000000000000000000000000000000000000000000000000000000000001100000000010100000000111000000000000000000000000110000
000000000001100000000000011000000010000000000000000000000000000000000000000000000000000000000001100000000010100000000000000000000000000000000000011000
000000000001100000000000000000000010000000000000001110000000000000000000000000000000000000000000000000000001000000010000010000000000000000000000001110
000000000000000000000000000000000010000000000000000000000000000000000000000000000000000000000000000000000000000000010000010000000000000000000000000110
000000000000000000000000000000000000000000000000000000011000000000000000000000000000000000000000000000000000000000010000010000000000000010000000000010
000000000000000000000000000000000000000000000000000000100100000000000000000000000000000000000000000000000000000000000000000000000000000101000000000000
000000000000000000000000000000000000011000000000000000011000000000000000000000000000000000000000000000000000000000000111000000000000000100000000000000
000000000000000000000000000000000000011000000000000000000000000000000000000000000000000000000000000000000000000000000000000000000000000011100000000000
000000000000000000000000000000000000000000000000000000000000000000000000000000000000000000000000000000000000110000000000000000000000000010000000000000
000000000000000000000000000000000000000000000000000000000000000000000000000000000000000000000000000000000000110000000000000000001100001100010000000000
000000000000000000000000000000000000000000000000000000000000000000000000000000000000000000000000000000000000000000000000000000001100001010010000000000
000000000000000000000000000000000000000000000000000000000000000000000000000000000000000000000000000000000000000000000000000000000000001010000000000000
000000000000000000000000000000000000000000000000000110000000000000000000000000000000000000000000000000000000000000000000000000000000000100000011000000
000000000000000000000000000000000000000000000000001001000000000000000000000000000000000000000000000000000000000000000000000000000000000000001000000000
000000000000000000000000000000000000000000000000001010000000000000000000000000000000000000000000000000000000000000000000000000000000000000010010000000
000000000000000000000000000000000000000000000000000100000000000000000000000000000000000000000000000000000000000100000000000000000000000000010000000000
000000000000000000000000000000000000000000000000000000000000000000000000000000000000000000000000000000000000000100000000000000000000000000000010000000
000000000000000000000000000000000000000001100000000000000000000000000000000000000000000000000000000000000000000100000000000000000000000000010000000000
000000000000000000000000000000000000000001100000000000000000000000000000000000000000000001000000000000000000000000000000000000000000000000010010000000
000000000000000000000000000000000000100000000000000000000000000000000000000000000000000001000000000000000000000000000000000000000000000001101001000000
000000000000000000000000000000000000100000000000000000000000000000000000111010000000000111000000000000000000000000000000000000000000000010010101000000
000000000000000000000000000000000000100000000000000000000000000000000001010011000000000100000000000000000001100000000000000000000000000010010111000000
000000000000000000000000000000000000000000000000000000000000000001100001000000000000001010000000000000000001100000000000000000000000000010001010000000
000000000000000000000000000000000000000000000000000000000000000001100010010100000011000010000000000000000000000000000000001000000000011000011110000000
000000000000000000000000000000000000000000000000000000000000011000000001100000000000001110000000000000000000000000000000001000000000010100100001000000
000000000000000000000000000000000000000000000000000000000000011000000010000000000001011000000000000000000000000000000000001000000000001000100000100000
000000000000000000000000000011000000000000000000000000000000000000000011000000000001011000000000000000000000000000000000000000000000000000100000100000
000000000000000000000000000100100000000000000000000000000000000000000100010000000110000010000000000000000000000000000000000000000000000000001010000000
000000000001000000000000000011000000000000000000000000000000000000001100110000000010100010000000000000000000000000110000000000000000000000000111000000
000000000011110000000000110000000000000000000000000000000000000000001101010000000010000010000000001000000000000000110000000000000000000000000000000000
000000001100010000000001010000000000000000000000000000000000000000010000011000000000111000000000001000000000000000000000000000000000001100000000000000
000000001101000000000000100000000000000000000000000000000000000000011111000000000000111000000000000000000000000000000000000000000000000100000000000000
000000000001011000000000000000000000000000000000000000000000000000000011000000110000000000000000000000000000000000000000000000000011001000110000000000
110000000000011100000000000000000000000000000000000000000000000000000010000001011000000000000000000000000000000000000000000000000011001000110000000000
001000000000010110011000000000000000000000000000000000000000000000000011011011010000000000000000000000000000000000000000000000000000000000001000000011
001000000100100110000000000000000000000000000000000000000000000000000011011010100000000000000000000000000000000000000000000000000000001000110000000010
010000000000001110010000000000000000000000000000000000000000000000000000000011000000000000000000000000110000000000000000000000000000000110110000000100
000000001011000000100000000000000000000000000000000000000000000000100000110001000000000000000000000000110000000000000000000000000000000110000000000100
000000010010000000000000000000000000000000000000000000000000010001110000011000000000000000101000000000000000111000000000000000000000000000000000011001
111100011100000000000000000000000000000000000000000000000001110010001100011001010000000000010000000000000000011000000000000000000000000000000000101010
100100001000000000000000000000000000000000000000000000000011111111100000000000110000000000000000000000000000011000000000000000000000000000000110001001
010000000000000000110000000000000000000000000000000000000110000000110010000000000000000000000000000000000000000000000000000000000000000000000011000111
000000000000000000110100000000000000000000000000000000000010110000010001000000011000000000000000000000000000000000000000000001100000000000100111111000
000000000000000000110110000000000000000000000000000000000001110000001000100000001000000000000000000000000000000000000000000010010000000000000000001010
000000001101001000010001000000000000000000000000000000000000100000001000100000000000000000000000000000110110000000000000000001100000000001000000000010
100000000100001000001111100000000000000000000000000000000001110000000110010000000000000000000111000000110110000000000000000000000000000001110001110101
100000000000000000001100100000000000000000000000000000000010111000000010011000000000000000000000000000000000000000110000000000000000000000000000011001
100000000000000000000011000000000000000000000000000000000010000100001101010100000000000000000000000000000000000000110000000000000000000000000000001000
000000000000000000000000000000000000000000000000000000000001111000000001000100000000000000110000000000000000000000000000000000110000000000000000000000
000000000000000000000000000000000000000000000000000000000000010000000001111000000000000000110000000000000000000000000000000001001000000000000000001001
000000000000000000000000000000000000000000000000000000000000000000011100110000000000000000000000000000000000000000000000000000101000000000000000011011
000000000000000000000000000000000000000000000000000000000000000000001100000000000000000000000000000000000000000000000000000000010000000000000000001100
000000000000000000001100000000000000000000000000000000011000111001101100100000001100000000000000000000010000000000000000000000000000000000000000000100
000000000000000000001100000000000000000000000011100000111000011001100001010000001100000000000000000000001100000000000000000000000000000100000000000000
000000000000000000000000000000000000000000000000000001000000110011000011011000000000000001100000000000000000000000000000000000000000001010000000000000
000000000000000000000000000000000000000000000000000000100011001000000000100000000000000001100000100000000000001000000000000000000000001001000000000000
000000000000000000000000000000000000000000000000000000000010011110000000000000000000000000000001110000000000011100000000000000000000000110000000000000
001100000000000000000000000000000000000000000000000000000000111110000000000000000000000000000011011000001000000110000000000000000000000000000000000000
001010000000000000000000000000000000000000000000000000000000001100000000000000000000011000000110001100000100010110000000000000000000000000000000000000
000101000000000000000000011000000000000000000000000000000000000000000000000000111000011000000110101000001000111100000000000000000000000000000000000000
000010000000000000001100011000000110000000000000000000000000000000001000000001011000000000000110000100001000001000000000000000000010000000000001100000
000000000000000000001100000000000110000000000000000000000000000000010010000011001000000000101010101101101000100001100000000000000101111000000010010000
000000000000000000000000000000000000000000011000000000000000000001100010000001110000000000100010100001111001000001100000000000001000110100000010100000
000000000000000000000000000000000000000000011000000000000000000001001000000000110000000000100000011110000000000000000000000000001011000100000001000000
000000000111000000000000000000000000000000000000000000000000000001110011111000010000000000000000110000000011000000000000000000001011011100000000000000
000000000000000000000000000000000000000000000000000000000000000000000000000100000000000000001010111010000011000000000000000000000110000000000000000010
000000000000000000000000000000000000000000000000000000000000000000000000110000000000000000001001011000000010000000000000000000000000000000000000000101
000000000000000000000000000000000100000000000000000000000000000001110000000000000000000000000110000100011100000000000000000000000000000000000000000101
000000000000000000000000000000000100000000000000000000000000000010010000000000011100000000000000000011111000000000000000000000000000000000000000000010
000000000000000000000000000000000100000000000000000000000000000010001000001000101000000000000000000000000000000000000000000000000000000000000000000000
001100000010000000000000000000000000000000000000000000000000000100011000010100010000000000001000000000000000000000000000000000000000000000000001100000
010010000101000000000000000000000001110000000000000000000000001000001000010100000000110000011100000000000000000000000000000000000000000001000010010000
001100000100100000000110000000000000000000000000000000000000000000011110001000000000110000110111000000000000000000000000000000000000000010100001100000
000000000011000000000110000110000000000000000000000000000000000000011000000000011000000001110100100000000000000000000000000000000000000001100000000000
000000000000000000000000000110000000000000000000000000000000001000011000000000000000000001110100100000000000000000000000000000000000000000000000000010
000000000000000000000000000000000000000000000000000000000000000000000000000000000000000000000111000000000000000000000000000000000000001100000000000101
000000000000000000000000000000000000000000000000000000000000000100100000000000000000000000000000000000000000000000000000000000000000010100000000000101
000000000000000000000000000000000000000000000000000000000000000111000000000000000000000000000000000000000000000000000000000000000000001000000000000010
000000000000000000000000000000000000000000000000000000000000000000000000000000000010100000000000000000000000000000000000000000000000000000000000000000
000000000100000000000000000000000000000000000000000000000000000001000000000000000111000000000000000000000000000000000000000000000000000000000000000000
000000001010000000000000000000000000000000000000000000000000010101000000000000000111111000000000000011000000000000000000000000000000000000000000000000
000000001010000000000000000000000000000000000000000000000000010000000000000000000101110000000000000011000000000000000000000000000000000010000000000000
000000000100000000000000001100000000000000000000000000000000010001000000000000000101100000000000000000000000000000000000000000000000000010000000000000
000000000000000000000000001100000000000000000000000000000000010001000000000000000011000000000000000000000000000000000000000000000000000010000000000000
000000000000000000000000000000000000000000000000000000000000001010001000000000000000000000000000000000000000000000000000000000000000000000000000000000
000000000000000000000000000000000001000000000000000000000000000100000000000000000000000000000000011000000000000000000000000000000000000000000000000000
000000000000000000000000000000000001000000000000000000000000000000000000000000000000000000000000011000000000000000000000000000000000000000000000001100
000000000011100000000000000000000001000000000000000000000000000000000000000000000000000000000000000000000000000000000000000000000000000000000000001100
000000000000000000000000000000000000000000000000000000000000000000000000000000000000000000000000000000000000000000000000000000000000000000000000000000
000000000000000000000000000000011000011100000000000000000000000000000000000000000000000000000000000000000000000000000000000000000000000000000000000000
000000000000000110000000000000011000000000000000000000000000000000000000000000000000000000000000000000000000000000000000000000000000000000000000000000
000000000000001001000000000000000001000000000000000000000000000000000000000000000000000000000000000000001110000000000000000000000000000110000000000000
000000000000000110000000000000000001000000110000000000000000000000000011000000000000000000010000000000000000000000000000000000000000000110000000000000
000000000000000000000001100110000001000000110000000000000000000000000011000000000000000000101000000000000000000000000000000000000000000000000000000000
000000000000000000000001100110011000000000000000000000000000000000000000000000000000000001010000000000000000000000000000000000000000000000000000000000
000000000011000000000000000000011000001100000000000000000000000000100000000000000000000001100000000000000000010000000000000000000000000000000000000000
000000000101000000000000000000000000010010000000000000000000000001010000000000000000000000000000000000000000101000000000000000000000000000000000000000
000110000010000000000000000000000000001100000000000000000000000001010000000000000000000000000000000000000001001000000000000000000000000000001100000000
000110000000000000000000000000000000000000000000000000000000000000100000000000000000000000000000011000000000110000000000011000000000000000010010000000
000000000000000000000000000000000000000000000000000000000000000000000000000000000000000000000000100100000000000000000000011000000000000000010100000000
000000000000000000000000000000000000000000000000000000000000000000000000000000000000000000000000011000000000000000000000000000000000000000001000000000
000000000000000000000000000000000000000000000000000000000000000000000000000000000000000000000000000000000000000000000000000000000000000000000000000000
000000000000000000000000001100000000000000000000000001000000000001100000000000000000000000000000000000000000000000000000000000000000000000000000000000
000000000000000000000010001100000000000000000000000010100000000001100000000000000000000000000000000000000000000000000000000000000000000000000000000000
000000000000000000000010000000000000000000000000000010100000000000000000000000000000000000000000000000000000000000000000000000000000000000000000000000
000000000000000000000010000000000000000000000000000001000000000000000000000000000000000000000000000000000000000000011100000000000000000000000000000000
000000000000000000000000000000000000000000000000000000000000000000000000000000000000000000000000000000000000000000011100000000011000000011000000000000
000000000000000000111000111000000000000000000000110000000110000000000000000000000000000000000000000000000000000000001010000000100100000100100000000000
000000000000000000000000000000000000000000000001001000001001000000000000000000000000000000000000000000000000010001000011000000011000000011000000000000
000000000000000000000000000000000000000000000000110000000110000000000000000000000000000000000000000000000001111000100110000000000000000000000000000000
000000000000000000000000000000000000000000000000000000000000000000000000000000000000000000000000000000000001111000011010000000000000100000000000000000
000000000000001000000000000000000000000000000000000001000000000000000000000000000000000000000000110000011101000000011100000000000001010000000000000000
000000000000001000000000000000000000000000000000000010100000000000000000000000000000000000000000111010111100000111111100000000000001010000000000000000
000000000000001000000000000000000000000000000000000010100000000000000000000000000000000000000000000111110000000100000000000000000000100000000000000000
000000000001000001000000000000000000000001000000000001000000000000000000000000000000000000000000000100000000011100000100001000000000000000000000000000
000000000010100010100000000000000000000010100000000000000000000000000000000000000000000000000000000001001000000000001010110110000000000000000000000000
000000000010100010100000000000000000000010100000000000000000000000000000000000001100000000000000000000001000110000001010001000000000000000000000000000
000000000001000001000000000000000000000001000000000000000000000000000000000000001100000000000000000000000000100000001010000000000000100000000000000000
000000000000000000000000000000000000000000000000000000000000000000000000000000000000000000000000000000000000100000000000000000000001010000000000000000
000000000000000000000000111000000000000000000000000000000000000000000000000000000000000000000000000000000000000000001010000000000001010000000000000000
