000000000000000000000000010000000000000000000000000000000000000000000000000000000000000000000001001111100000000000000110001110000000001000010000000000
000000000000000000000000000000000000000000000110000000000000000000000000000000000000000000000000000001000000000000000111110000000000001000000000000000
000000000000000000000000000000000000000000000110000000000000000000000000000000000000000000000000010000000000000000000001100000000000001000000000000000
000000000000000000000000000000000000000000000000000000000000000000000000000000000000000000000001100000100000000000000000000000010000000000000000000000
000000000000000000000000000000000000000000000000000000000000000000000000000000000000000000000000010011000000000000000000000000010000000000000000000000
000000000000000000000000000000000000000000000000000000000000000000000000000000000000000000000000010000000000000000000000000000010000000000000000000000
000000000110000000000000000000000000000000000000000000000000000001100000000000000000000000000000000000000000000000000000000000000000000000000000000000
000000001001000000000000000000110000000000000000000000000000000001100000000000000000000000000000000000000000000000000000000000000000000000000000000000
000000001001000000000000000000110000000000000000000000000000000000000000000000000000000000000000000000000000000000000000000000000000000000000000000000
000000000110000000000000000000000000110000000000000000000000000000000000000000000000000000000000000000000000000000000000000000000000000000000000000000
000000000000000000000000000000000000110000000000011000000000000000000000000000000000000000000000000000000000000000000000000000000000000000000000000000
000000000000000000000000000000000000000000000000011000000000000000000000000000000000000000000000000000000000000000000000000000100000000000000000000000
000000000000000000000000000000000000000000000000000000000000000000000000000000000000000000000000000000000000000000000000000000100000000000000000000000
000000000000000000000000000000000000000000000000000000000000000000000000000000000000000000000001000000000000000000000000000000100000000000000000000000
000000000000000000000000000000000000000100000000000000000000000000000000000000000000000000000010100000000000000001100000000000000000000000000000000000
000000000000000000000000000000000000001010000000000000000000000000000000000000000000000000000010100000000000000001100000000000000000000000000000000000
000000000000000000000000000000000000001010000000000000000000000000000000000000000000000000000001000000000000000000000000000000000000000000000000000000
000000000000000000000000000000000000000100000000000000000000000000000000000000000000000000000000000000000000000000000000000000000000000000000000000000
000000000000000000000000000000000000000000000000000000000000000000000000000000000000000000110000000000000000000000000000000000000000000000000000000000
000000000000000000000000000000000011000000011000000000000000000000001000000000000000000001001000000000000000000000000000000000000000000000000000000000
000000000000000000000000000000000100100000100100000000000000000000010100000000000000000000110001100000000000000000000000000000000000000000000000000000
000000000000000011000000000000000011000000011000000000000000000000001000000000000000000000000001110000000000000000000011100000000000000000000000000000
000000000000000011000000000000000000000000000000000000000000000000000000000000000000000000000001110000000000000000000000000000000000000000000000000000
000000000000000000000000000000000000000100000000000000000000000000000000000001000000000000000000001100000000000000000000000000000000000000000000000000
000000000000000000000000000000000000001010000000000000000000000000000000000010100000000000000000001101110000000000000000000000000000000000000000000000
000000000000000000000000000000000000001010000000000000000000000000000000000010010000000000000000000101101000000000000000000000000000000000000000000000
000000000000000000000000000000000000000100000000000000000000000000000000000001100000000000000000010100000010110000000000000000000000000000000000000000
000000000000000000000000000000000000000000000000000000000000000000000000000000000000000000000000001111000011001000000000000000000000000000000000000000
000000000000000000000000000000000000000000000000000000000000000011000000000000000000000000000000000011000000001000000000000000000000000000000000000000
000000000000000000000000000000000000000000000000000000000000000011000000000000000000000000000000100000100001000000000000000000000000000000000000000000
000000000000000000000000000000000000000000000000000000000000000000000000000000000000000000000001111000000111001100000000000000000000000000000000000000
000000000000000000000000000000000000000000000000000100000000000000000000000000000000000000000000000110100000101100000000000000000000000000000000000000
000000000000001100000000000000000111000000000000000100000000000000000000000000000000000000000000101110010000010100000011000000000000000000000011000000
000000000000010010000000000000000000000000000000000100000000000000000000000000000000000000000000101110100000000111000100000000000000000000100100100000
000000000000110000000000000000000000000000000000000000011000000000000000000000000000000000000000000001000000101011000101110000000000000001010010100000
000000000000110000000000000000000000000000000000000000100100000000000000000000000000000000000000000000000110011001000100001100000000000000100001000000
000000000000011000000000000000000000011000000000000000011000000000000000000000000000000000000000000000000110000100000011100000000000000000000000000000
000000000000001001100000000000000000011000000000000000000000000000000000000000110000000000000000000000000000001000000011100010000000000000000000000000
000000000000001101110000000000000000000000000000000000000000000000000000000001010000001011100000000000000000000000000000000000000000000000000000000000
010000000000000011100000000000000000000000000000000000000000000000000000000011000110011001010000000000000000000000000000001100001100000000011000000000
010000000000000101000000000000000000000000000000000000000000000000000000000011010000001001111000000000000000000000000000110000001100000000100100000000
000000000000000010000000000000000000000000000000000000000000000000000000000001101110011010010000000000000000000000000011100000000000000000010100000000
010000000000000000000000000000000000000000000000000110000000000000000000000000000000011111110000000000000000000000000011100000000000000000001000000011
111000000000000000000000000000000000000000000000001001000000000000000000000000000000001010010000000000000000000000000000000000000000000000000000000010
001000000000000000000000000000000000000000000000001010000000000000000000000000000000001001110000000000000000000000000000000000000000000000000000001010
110000000000001000000000000000000000000000000000000100000000000000000000000000000000000001100000000000000000000000000000000000000000000000000000111000
000000000000001000000000000000000000000000000000000000000000000000000000000000000000000000000000000000000000001110000000000000000000000000000000111000
000011000000001000000000000000000000000001100000000000000000000000000000000001000000000000000000000000000000000000000000000000000000000000000000011000
000100000000000000000000000000000000000001100000000000000000000000000000000001000000000000000000000000000000000000000000000000000011000000000000000000
000000000000000000000000000000000000000000000000000000000000000000000000000001000000000000000000000000000000000000000000000000000100100000000000000000
000000000000000000000000000000000001110000000000000000000000000000000000000000000000000000000000000000000000000000000000000000000100100000000000000000
000000000000000000000000000000000000000000000000000000000000000000000000000000000000000000000110000000000001100000000000000000000011000011000000000000
000000000000000000000000000000000000000000000000000000000000000001100000000000000000000000000110000000000001100000000000000000000000000011000000000000
000000000000000000000000000000000000000000000000000000000000000001100110000000000000011100000000000000000000000000000000000000000000000000000000000000
000000000000000000000000000000000000000000000000000000000000011000000110000000000000000000000000000000000000000000000000000000000000000000000000000000
100000000000000000000000000000000000000000000000000000000000011000000000000000000001000001000000000000000000000000000000000000000000000000000000000000
011100000000000000000000000011000000000000000000000000000000000000000000000000000001000001000000000000000000000000000000000000000000000000000000000001
001010000000000000000000000100100000000000000000000000000000000000000000000001100001000001000000000000000000000000000000000000000000000111000000000001
010111000000000000000000000011000000000000000000000000000000000000000000000010010000000000000000000000011000000000000000000000000000000000000000000001
001101100000000010010000000000000000000000000000000000000000000000000000000001010000011100000000000000011000000000000000000000011000000000000100000000
000011000000000100010000000000000000000000000000000000000000000000000000000000100000000000000000000000000000000000000000000000100100000000001110000000
110110000000000100010000000000000000000000000000000000000000000000000000000000000000000000000000000000000000000000000000000000100100000000011000000000
111000000000000100000011000000000000000000000000000000000000000000000000000000100000000000000000000000000000000000001100000000011000000000010000000000
111000000000110000001110100000000000000000000000000000000000000000000000000001110000000000000000000000000000000000010010000000000000000000110110000000
000000010000010100110100100000000000000000000000000000000000000000000000000011001000000000000000000000000000000000001100000000000000000000001110000000
000001101100011100001111000000000000000000000000000000000000000000000000000011100000000000000000000000000100000000000000000000000000000000000000000000
000000010000000100100100000000000000000000000000000000000000000000000000000011100000110000000000000000001111110000000000000000000000000000000000000000
000000000000000001100000000000000000000000000000000000000000000000000000000000000000111000000000000000011000011100000000000000000000000000000000000000
000000000000000011110000000000000000000000000000000000000000100000000000000000000011001000000000000000001100000110000000000000000000000000000000000000
000000000000000010000000000000000000000000000000000000000001010000000000000000000011000100000000001100001100011011000000000001100000000000000000000000
000000000000000110000000000000000000000000000000000000000001100000000000000000101110111000000000110110001100010110000000000001100000000000000000000000
100000000000000000000000000000000000000000000000000000000000000000000000000000011100010000000000000100110000100000000000000000000000000000000000000000
010000000000011100000000000000000000000000000000000000000000000000011000000000010100000000000000110000001110100000000000000000000000000000000000000001
010000000000001110000000000000000000000000000000000000000000000000011000000000001111100000000000000000011100000000000000000000000000000000000000000001
100000000000000110000000000000000000000000000000000000000000000000000000000000011011000000001111111000000000000000000000000000000000000000000000000000
000000000110000000000000000000000000000000000000000000000000000000000000000000001010000000000011000111100000000000000000000011000000000000000000000000
000000000000000000000000000000000000000000000000000000000000000000000000000000000100000000010000010010110000000000000000000000000100000000000000000000
000000000000000000000000010000000000000000000000000000000000000000000000000000000000000000010111110110000011000000000000000000001011000000000000000000
000000000000000000011100011000000000000000000000000000000000000000000000000000000000000000100000011000000000000000000000000100000000000000000000000000
000000000000000000011100100100000000000000000000000000000000000000000000000000000000000000011000000000000000000000001000001100111000000000000000000000
000000000000000000100100011000000000000000000000000000000000000000000000000000000000000000000000000000001100000001010110001100100100100000000000000000
000000000000000011110000000000000000000000000000000000000000000000000000000000000000000000000000000000000100001101000100000101000010000000000000000000
000000000000000100010110000000000000000000000001000000000000011100000000000000000000000000000000000000000100010001111000001101100000001100000000000000
000000000000000011000000000000000000000000000001000000110000000000000000000000000000000000000000000000000000010000010000010101000000001100000000000000
000000000000000000000000000000000000000000000001000001001000000001000000000000000000000000000000000000010000011100000000111000000000000000000000000000
000000000000000000000000000000000000000000000000000000110000000001000000000000000000000000000000000001101100000000000000000000011000000000000000000000
000000000000000000000000000000000000000000000000000000000000000001000000000000000000000000000000000001101100000000000000000000011000000011000000000000
001100000000000000000000000000000000000000000000000000000000000000000000000000000000000000000000000001101100000000000000000000000000000011000000000000
001010000000000000000000000000000000000000000000000000000000011100000000000000000000000000000000000000100100000000000000000000000000000000000000000000
000101000000000000000000011000000000000000000000000000000000000000000000000000000000000000000000000000111100000010000101000000000000000000000000000000
000010000000000000001100011000000110000000000000000000000000000000000000000000000000000000000000000000000000000101001001000000000000000000000001100000
000000000000000000001100000000000110000000000000000000000000000000000000000000000000000000000000000001100000000101000100100000000000000000000010010000
000000000000000000000000000000000000000000011000000000000000000000000000000000000000000000000110011011000000000010000011000000000000000000000010100000
000000000010000000000000000000000000000000011000000000000000000000000000000000000000000000000110011110000000000000000000000000000000000000000001000000
000000000010000000000000000000000000000000000000000000000000000000000000000000000000000000000000010100000000000001010000000000000000000000000000000000
000000000010000000000000000000000000000000000000000000000000000000000000000000000000000000000000110101000000000010010000000000000000000000000000000010
000000000000000000000000000000000000000000000000000000000000100000000000000000000000000000000000000100000000000001001000000000000000000000000000000101
000000000000000000000000000000000000000000000000000000000001010000000000000000000000000000000000000010100000000000110000000000000000000000000000000101
000000000000000000000000000000001110000000000000000000000001010000000000000000000000000000000000000000000000000000000000000000000000000000000000000010
000000000000000000000000000000000000000000000000000000000000100000000000010000000000000000000000000001110011000000000000000000000000000000000000000000
001100000010000000000000000000000000100000000000000000000000000000000000010100000000000000000000000000100011000000000000000000000000000000000001100000
010010000101000000000000000000000000100000000000000000000000000000000000011000000000000000000000000000000000000000000000000000000000000001000010010000
001100000100100000000110000000000000100000000000000000000000000000000000000000000000000000000000000000000000000000000000000000000000000010100001100000
000000000011000000000110000110000000000000000000000000000000000000000000000000000000000010000001100000000000000000000000000000000000000001100000000000
000000000000000000000000000110000000000000000000000000000000000000000000110000000000000010000001100000000000000000000000000000000000000000000000000010
000000000000000000000000000000000000000000000000000000000000000000000001010000000000000010000000000000000000000000000000000000000000001100000000000101
000000000000000000000000000000000000000000000000000000000000000000000001100000000000000000000000000000000000000000000000000000000000010100000000000101
000000000000000000000000000000000000000000000000000000000000000000000000000000000000000000000000000000011000000000000000000000000000001000000000000010
000000000000000000000000000000000000000000000000000000000000000000000000000000000000000000000000000000011000000000000000000000000000000000000000000000
000000000100000000000000000000000000000000000000000000000000000000000000000000000000000000000001100000000000000000000000000000000000000000000000000000
000000001010000000000000000000000000000000000000000000000000000000000000000000000000000000000001100011000000000000000000000000000000000000000000000000
000000001010000000000000000000000000000000000000000000000000001110000000000000000000000000000000000011000000000000000000000000000000000000000000000000
000000000100000000000000001100000000000000000000000000000000000000000000000000000000000000000000000000000000000000000000000000000000000111000000000000
000000000000000000000000001100000000000000000000000000000000100000100000000000000000000000000000000000000000000000000000000000000000000000000000000000
000000000000000000000000000000000000000000000000000000000001010001010000000000000000000000000000000000000000000000000000000000000000000000000000000000
000000000000000000000000000000000000000000000000000000000001010001010000000000000000000000000000011000000000000000000000000000000000000000000000000000
000000000001000000000000000000000011100000000000000000000000100000100000000000000000000000000000011000000000000000000000000000000000000000000000001100
000000000001000000000000000000000000000000000000000000000000000000000000000000000000000000000000000000000000000000000000000000000000000000000000001100
000000000001000000000000000000000000001000000000000000000000000000000000000000000000000000000000000000000000000000000000000000000000000000000000000000
000000000000000000000000000000011000001000000000000000000000000000000000000000000000000000000000000000000000000000000000000000000000000000000000000000
000000000000000110000000000000011000001000000000000000000000000000000000000000000000000000000000000000000100000000000000000000000000000000000000000000
000000000000001001000000000000000000000000000000000000000000000000000000000000000000000000000000000000000100000000000000000000000000000110000000000000
000000000000000110000000000000000011100000110000000000000000000000000011000000000000000000010000000000000100000000000000000000000000000110000000000000
000000000000000000000001100110000000000000110000000000000000000000000011000000000000000000101000000000000000000000000000000000000000000000000000000000
000000000000000000000001100110011000000000000000000000000000000000000000000000000000000001010000000000000000000000000000000000000000000000000000000000
000000000011000000000000000000011000001100000000000000000000000000100000000000000000000001100000000000000000010000000000000000000000000000000000000000
000000000101000000000000000000000000010010000000000000000000000001010000000000000000000000000000000000000000101000000000000000000000000000000000000000
000110000010000000000000000000000000001100000000000000000000000001010000000000000000000000000000000000000001001000000000000000000000000000001100000000
000110000000000000000000000000000000000000000000000000000000000000100000000000000000000000000000011000000000110000000000011000000000000000010010000000
000000000000000000000000000000000000000000000000000000000000000000000000000000000000000000000000100100000000000000000000011000000000000000010100000000
000000000000000000000000000000000000000000000000000000000000000000000000000000000000000000000000011000000000000000000000000000000000000000001000000000
000000000000000000000000000000000000000000000000000000000000000000000000000000000000000000000000000000000000000000000000000000000000000000000000000000
000000000000000000000000001100000000000000000000000000000000000001100000000000000000000000000000000000000000000000000000000000000000000000000000000000
000000000000000000000000001100000000000000000000000000000000000001100000000000000000000000000000000000000000000000000000000000000000000000000000000000
000000000000000000000111000000000000000000000000000000000000000000000000000000000000000000000000000000000000000000000000000000000000000000000000000000
000000000000000000000000000000000000000000000000000001000000000000000000000000000000000000000000000000000000000000000000000000000000000000000000000000
000000000000000000010000010000000000000000000000000000010000000000000000000000000000000000000000000000000000000000000000000000011000000011000000000000
000000000000000000010000010000000000000000000000000010010000000000000000000000000000000000000000000000000000000000000000000000100100000100100000000000
000000000000000000010000010000000000000000000000000001000000000000000000000000000000000000000000000000000000000000000000000000011000000011000000000000
000000000000000000000000000000000000000000000000000000011000000000000000000000000000000000000000000000000000000000000000000000000000000000000000000000
000000000000000000000000000000000000000000000000000000100000000000000000000000000000000000000000000000000000000000000000000000000000100000000000000000
000000000000000000000000000000000000000000000000000000011000000000000000000000000000000000000000110000000000000000000000000000000001010000000000000000
000000000000011100000000000000000000000000000000000000000000000000000000000000000000000000000000110000000000000000000000000000000001010000000000000000
000000000000000000000000000000000000000000000000000000000000000000000000000000000000000000000000000000000000000000000000000000000000100000000000000000
000000000001000001000000000000000000000001000000000000000000000000000000000000000000000000000000000000000000000000001100011000000000000000000000000000
000000000010100010100000000000000000000010100000000000000000000000000000000000000000000000000000000000000100000000000001000100000000000000000000000000
000000000010100010100000000000000000000010100000000000000000000000000000000000001100000000000000000000011100000001110011000110000000000000000000000000
000000000001000001000000000000000000000001000000000000000000000000000000000000001100000000000000000000000011110001110110111101000000000000010000000000
000000000000000000000000010000000000000000000000000000000000000000000000000000000000000000000000001000101101010000100000000101100000000000101000000000
000000000000000000000000010000000000000000000000000000000000000000000000000000000000000000000000110000110000000000010000000111000000000000101000000000
