001000000000000001100111000000
011100000010110001010101000000
110111000010010000000000110001
000110110010000001011000110001
010110010001111111011000001001
110011100000010001011101101000
000001000000010100000110000000
000000000000001111011000010000
000000000000001110000010010000
000000000000000000110000000000
100000000000110110000000001110
110000000001000110000001100001
011100000010010110001100001110
011001000000000000001111111000
000010000011000000010000100000
000110000001111100110110000000
000110000000100010010000000000
000100000000000000101101000010
100011000000100000100101001101
000000000000010010110011000001
100000000000000000000000000011
100011000000100000000000110001
000011000111101010000000111000
000000001000000001000001001000
100000011010001111000001001001
000000010001111000000011111000
000000001101111000000010001100
000000001100010011100111000000
000000000001100000000000000000
000000000010000100000111000000
