001111101000100000101110000011111001000000000110010011010000101000000001100011110000000000000001010000111000000011000010110010000000110100100010000111
000010101000100100001100001000010111000000000010111001010000001110000110000000100011100000000000011000000000110010100010010001100000001000000011011010
000000000000110000001101010000000111010000001100110000010000010010000000101011101101000000000000010001001000000100000001111110001100000000101011100111
000000000000000000000010110100100001110000000101101000100000000111000000111000011110010000001000011110000011101000010100000000100000000000100000010000
010100000000000010100100011111000000011000010000000011000000010100000001111100000110110100000000010001110000010000011000000010000101000001010001010101
001000000111000110010100010000010000101000001101011001000001110000000010110000000110010010000000010000000100000000010000000000001011000010000000010001
011110000000011011111101001000000000000010101101000000000000101000100000000000001001011100000000110000000000001000010100000111000000100000100010010001
111100001110000100010101111000011000000110000000000100011000100010111000000000001001100010000001010000000000110001110100000011000101001101000001010001
010001100000111101100000110101000000000111110001000100000000110100100100000000000001001000000010000001000000000000010000000000100000001000000000000101
010101011000010000000000111101010010011011010010000001100000000100000000000000010010101101010000000000000001111100011000000001000100000100000000011100
000000000000000011100000111000100010001010000110000000100010000101000000000000101000000000010000000000000100100010100001110001100000000000000000000000
000000101100001110000010000011000000000001101100000010001010000100010000000000110000000000010000000000100000000010000100000000111000001010000000111100
000100000101000000100000000111100000001000011000000011001011000111101000000000001100000000000000001000001100111010000010100001000000010011110101000000
000101111101101100010100000100000000000000001000010001011000011000001000000000010000001000000000000000000011000001011111010000110000100101101111000100
000001000000000011010101000000000000000000001111000001010000100010000000010000000111001000000000101000011100101111010000111000000001101100011010000000
110100000000101100100100000000000000010000000100000000110000100000110001101010000000001001010000000000000001010000001000000000001001010000110100011000
000011100011100101010001100000000110001000000111000001011000110111000010000010000001111000011110101000001101000000110000000000001000100000000110001000
011010101101000000000000000000111100000000010000000001100000000011010001111010000010001101100110100000000001000000111000000000000000000001010000011001
000001000100001000000000001111000111100000000010000101010000101100010000100010000000010100011000000000000111000000000000010000011100000101000000111010
101100000001000000000000000100111111010000000000000000001000001110000001101101000000000011000000111000111100000000000100100101100100100000000000010110
100000000001001000000100010110001000000110000000001110100000010011000000101001000000001010110000000101000010000000000000000000100000000000010001100010
101100000000000010110000011000010000001110000000010000001000000001110110101001000000001001000001111010000001100100000000001110111000000000000000011010
110000000001000010000000000000000000000000000000000001110110000111000101001001000111000110100000010000111000001100000000000000101010100000111000000000
001100000000001001000101010000011001000000001001110000010111000001011010100000000000010110000010000000001011010110010110000000001010100001000000000000
111000011100000011101100010000000100000001000100000101000010000101000111100000001110000110100000001010001100000000000000000000001010001101011100000010
000000000001000100010100100011110000100110110100011010000010000001010000101000111100010001011000011011111111000001000010000000000010000011111110000001
000000000000011000000001011100101000100000010000100000000110001000000111000001000000000110000000000010001100000001011000000001000010100100100100000001
000001000000110000001100011001110000000010011010000010111101111000000000001100000000001010111000101111100001100000000100000001100000000010001000000000
000001100000100000101111101000000001000011111110000010101100111000000110100000000000000101011011000011110011000010110101000000000010100000010000101000
010000100000101000011010101000000010000000010000100001000000000110100000001101100100000100001010010100001110100000010000110001000000101101000000011000
000000000011000001100010101100000001000100000101101000001110111111000001110011111000000000110000100101010110110000000100010001000000000000010100111000
111110001100000000000000000101010100000000000001110100000100101000010000000001001110000000100000110100000011000000100011101100000000111000000001110000
001000100011010000000000000101000001101100000011000011001111001111000001100000111100000001100000000101001010000001111111100100000000000000000001111111
000110101011000000000000000001000100000010000111011000110000110000001110000001010001100010101011100101100010000100001001110000000100110000000000101011
110000000000000000000000100001101000110000000001000000101000000000010001000000101101110101011100010111000100000100000000110000000100001111000111111101
101000000010101000000000100000010000000001001011110000100000000000101011000011101101000001110100010011100100000101110000010000010000000000000111000100
100011100000100000001000000000101000101010110001000000100000000010000000001000001100011010011000110011100100000100000001110101100000000110000001010010
000110000001001001110010000000000011100000000000011001100000001001101000110111010000000011110000000011100000000101010000111011010000000010000101010100
001100101001001000000000000001011111111110000010000110000000010010000000011100011000000000000000100011100000000101100000100010001010101100000001011010
001110000011011000110000001101000100100000000000101000100000011010000000100100001000000011110001010000000000010010000000001010111001011001101101101010
101001110011010000000000001011001100100000000000000000001010000000000100000000011000000010000000011001000000000000011110001010001101010110000000010111
001110000000111000101100000110000111100000000000000000001000000000000000001100010100010101100000110111100001101110000000000000000000000100001001010011
101001110100000000000100010100000000110000000001100010101100000000001111010100000000010110100000001100000001110010000000000001010000000011000000000101
000000100100010101011110000110000100101010000000010010000111100001110000010100000100101011000100001000000000000000000000110000000000000010011101000011
000001001100000000000000101111000000001010000000010000110011011000010000000100000001010101010100000011010001000111000100000001011100000100000011000000
000001001101000000000010001110000110100010011000000000111111100000000000001010000001000100000111010100000000000001100001110000011010000000111000000010
000001000011000000000000000110000001000000000010101001011101000000000000001011000000000010100000110100000000000010000010000001011010100001010111000010
000001101010100000000000000000000011000010100000100000000000000000000010101011010000000011000010110000001100000001000010110100111000000000011100000000
000001100000100001011100001111001100000001100010100001000001000000001100101010100000000011001011100000001111000011100100000110100001100000000000001000
000100100000010001000000100101010110010100000110101000000001100101000101111110100000100000010001000001110110000000101111010100011110110000001000001010
000100101001000010100000101101010110110100101111010101000101000110001111011010100000100001101010001110001001000000100011000001000110100000000000001111
000000000010000000000000011000001100010100001111011001000110010001101000111010100000100100100001100010111111100000100110000000000100110000000100000000
000100010100000001000000111000001101110100000001010010010101010110101110000011100001100000000010000111000101000010100101100000000000000000000100000011
011000010011000001000000000000010111100001000111011100011101000110001110110001110000101000000000000000010010100001101000011000010100000000000010000000
101000000010001011000000000000000011000011111010111000011100000000000010000001000011101010100011000011001100100011110001110000010000000000001100010101
000000111011010010000010000000000011111100000010010100011000000111000011000000000101011110000000000010101000000001100000001000111101000000000100101000
011110011000000100100000000010010110001010010100001100011100011110000000000000001101010000000000000010001010000011000010000101001000000000000101001000
010000000000110100000001000011001010101100000000001001101001000100000011010000000110000110110001000010000100000000000010001011101010100000000100000000
010010000010101011100000000000101010001010100000000001101100000010001100000000000110000110001100001100000100000111100000010000100000000101010011101100
011000000010000000000000000010000000011101101010100001100000000000000000100000000111100000010000010001000111110000001100000000000000001000011000101000
010000100000000100001100000000000100011010101010100001100001000001110000000000000100000000000000000000000010000111101001000100100000010000000001110000
010000000100000011000100000101000001100010101101000111010000110001000000000000010000100000011000010000000100000000000000000010000000000000100100110001
000001111100101111000111000000000100110000000100000000010000101010011100010000000110100000000000000000000111000101000000001011110000100000010001101000
101000000000011000000000000010000001001000000001000000000000001000011001010010000000100000001000100000011001000101011000111000000010000000011000100010
101001000000110110000011010000100000000001000001100000100000000000000111010110100001011000001000000001001011000001000000000000101010100000010100001110
000000000001111000000001010000001011101100111100011000001000010100000000101011010000110111010000000000000111000000110100000000001001000000010100000110
111000010000001110000000000000000000000110000000001000100101000111000010000000111000010101000010000001000100000000000000000000000100100001110101011001
000000010001001001110000000000000111111101111111101000000001011010000000000011111000011110000101000000000101001000000000001010000010000011111101011110
000001100100000001001010000000000010000000000011000000000000001001000000000000011000011000100000000001010101000010000010100001010010000110010000110010
110100001110000110100000000000001111110000100000000010100001110010000000001010101000010100010010000000010001111010000110111001110010000110010110010101
000010000010000110101011100000000111101011001110000011000000010010101010100000000011010100101010000000001000000100000000001010111000001011010010000000
100010100011011100000000010110010001100000001100000100000110111010110010101000000101010001100110100000001011000110000011110010101000011100011001000110
010000000000011001000001111000000011000001100110000000100001000001110111100000000101100010101001000000001010000110100000010000101000000100001100000010
110000000001101001000100111111101001010000000010001000101111000000010101000000000100111110010011000000000110000110000100000100110100000000001000000010
101000000000000101000110000000010011000000111000010001000000010000000000000000011001000000010011000000000101001011000100011110000111100000010000000001
001010101101110011110000001101100010010000111000100001100110111100101100000000000000110000011001000000000100000100000000010100001110000000000000000011
110001101000011110000100011111100011000001011000011000001110110110100100000101100000001100000101000000000111100001000000010110000001110000000000000010
100001110111100101110000001011100011000000100000011001110111101000111100001001000101010000000000000111000101000001110000011000000001000000000010000010
010001010000100000000100001111010000010000001001101111111111001010101100001010011000011011000000000000000000000001000000001000000000100000001101110110
000000010001010001000000001000011111000000000001101100001011000010010000000010110110001001000001011100000100000001001011111010000111000000001000110011
000000011100000100001000011000000001100100000100100101100010000100100001000111110000100011100001010110110000000000001010001100000100001000111000100010
000010000110000111110000111100010100000010000110100100000101000001000010000111100000100001100011010001000000100011001110010111000100011101000000001010
000110000000000110101001010101000001000100101000100010001000000100001000010111101000000100100001010000010001010000010000000100000011110101010000100000
000001101000000000011100001110010011000010101111100000000000000000000000000000001000100100100011100000000001010111010110000100000010000101000010000010
000010101011110001110000000010010000000000001000011000000000000010000000000000110000000001100010100100000011110001000000001010001010100000100010000000
010010000000000001000100001100010111000011101110111100000000000100001111100000100001000010000010101101000001100111000001110000000010100000001000000000
101100001111100000010111000011010000000000101000000000000000000000001000001001101101100000101010101100000001100000000001001000100111000000001001000011
110100000000000010000111000000100110000100001000110111000000000000001010110101011000000011100000000110000001000000000000101000101110110000000101100110
000001001000000010100010100001100000000000000000000001010100010000001011111100001001100011101000001000010111000000010000100010000110000000000011110000
110100110000000000010000110000010000000011100000100000011000000011101010100000000010000011000000001000001011100000110000000001000010000001000000001111
110110000100100000010010010000100000000011100000000000011000010001011010111000000000000010111000000000001010111100000000001010100000011001000111100000
010110000000110001110001000100110101001001110001101110010000000000001000011000000000000111000000000000000001101000000000001110000001000000011000010000
010101001000010000000010110001010001111001110000001111010100010100000000000000000000000010101011100000000010101010000010000000000000010110110011000100
010000000000000000000010010011001001001010000000011001010000011000000000010000000001111010100000101111010100101000101010100000000000000000010000000001
010000101000000000000000010111100101001010000111111010001000010010000001010100001101010000011010000111000001110000000010101000000000000100010100000001
000000001000101001010111011110111100001000000001100000001101011100000110100011100110000001000000000111111001111110011100110100000000000100001000001100
000000000000010000001000100110000000001110000000000001010111101110000001010101100111000000011000000001000000000000000000110110000010000101010000000000
000000001001001010000110000000000000001110000000000000011000101000001011010101100010110000001000000011110000110100000000111100100000001101010000000010
111000101000000101001000000010110111000100100000000101111101000011001101010000111100110110101101000111101000000000000010010110000110100111011100000010
000000001011010100001000000010010000010010100010001100000001100110101001011000101001110111000000101000111000000000001100100011000010110100100000010111
100001111000011000001010000001001111010000100000010100001010100010101110000010111000000111000000010000100101000000000101000010001000000100111000000110
000000000100110110101010000001110100000001101010000100111010101110101000001100000000000000001000011000000100000010001011000001101010001010001000000000
101011110001101100101100000111101001000000101010101110000001001100111000001111000010000010100000000010111000110100000100000110001010101001110100111110
101010000001100000000000000011100110000000000101000000001000001100010000100000000101111100000000000010000100000110001100001101000110101000110000110110
000010100011010000000000000011010000000000000101100000010000010100000001110000000001100100001010000000110000000000000100000111010000101010101000010000
000000000001000000000000000011000000010000000011000000100000000100010000000000000100100100000101000001000010000000000001000100010110000001011000110000
001010100011001101110000001111000000010000000000000001100000000000000010100000000010000001010000000100000000100000000110000000011011100000100001000000
011000000101100000100000001001100001011111000000000000000000000000000000000000101110000001010000000100000001100000000011110010010000000000110000000000
010111110101011110100000001000101011010000000000000011000000000000000111100010001111000000000000000000010111111110100110000001010000100000101110000000
010100000110000010110001101001100111111110010110100000000000000100111011000010110001000000000000000101000111111000100100010000110001100001010010000000
010000110100100000010110001010111100001000010100100101001111000101001000100011000000000000000111010100011100000111011100000101110001101001111100000000
000000010111000000000001100011000100000000010010110000000101110101010000000000000000101001010011010101000000011000011100010000101000011000010100001000
000110000000001000000100000000000100000000001000100011111101100001010000000000000001110000101011011100111010110000000111110001001000010101010100000110
011001000010001010000100000100011000000000001000101010100001110001000000000011000010010001010100011100110011000110001100100000110001010101110000010010
011011110001101010001000011000000000001110000011000000011110000001110111011100100000101100110000100100000011011010011011010000000001110110001101100011
010001100101001100101000011000110000000101000100000000000100001100000001000010110000011000000000001000011100000000000010100000100011101010000001101100
000100000010011000010110000000000000001111111010000001000010100000000001100001000001010000000000101000001110000000000101111000000000101001010000101000
000011000010001010110001010001100000101011000100000100000010110100000000001000100000010110000001010100011000000100000001011100101011010010100000000000
000010000000111000111100010000000010000000010010000101110000101100000000011010000000100010100100000100010000101000000101100010000110000000100000000010
000010000000000000000010110100000010100001000010000100000000011000000111000110000000000100011010100000010000100100001101011010010000001010001000000000
000111110000111100000000000100000010110011100100000000010100010001000001010000000010000110011001111011111000001000000000000011000001101010001010000101
010000000000000000000010100111000000010010000001010000000110011111100011100000001100000000100000101010111100001111000001000000001101100010001000011100
100010010101010000000100000000011100110110011111000000010011001011000110101010101000000000100000101010011100000100000100000001101001100000001100100000
100010000000011011000000100010000000000110000000110000000010111000001110100010011000000000000100000001011001100000000011000000101010010000010000010100
000000010000010100000100011000001000001010011110001000000000011011100100101011010100000000010000000000001011010000100010000011101010000001010111000110
001100010000000101010001000000000000010010100110111000000001010000100010101000010000000001010100000001000000010110000100000000101011100000110000001111
001101010000110000000101001101000000001010001010011100000001010100000101010110100000000000010101100000010111010000000001100000101111000000000000111010
000010000011100001100011000000000010100000001001010101000111000000110001010000101000000000010110100010101111001100001101000100000000011111011000000011
000010000011100000000001000011001000101100010011100101000000001100110101000010101011000000000010001000000000100000001100001101000010001000100010100000
010010100011110011010000000100000101000000010111110110100010000010000101000000000110000000000010100010000010000110000110101111000000001010100010000000
010101000001000000010001000001011000000000011000000000100010001000000100000000100001100000000011100000000000000001100011000101000000001000100010000000
110001000000000010001000000001001100000011100000000000110010000000000000000000000000000000101101000000000100000111011110110001000000011000010011000000
000001000000000000100000110000010000001101100000000000001110101100000000010101010001000000110100100000000001000110010010110111110001011000010001010000
000000000000010111000000010100000000000001100000000000001000101110000101010101010000000000100010000000001100001000010110000001000000010000000101000000
000000000011010101000000010000010110000011000000011000000001110001100011101101000001000000000000010000000000101010111011000001010001010101011000000000
000000000111100000101010000000010000000000000010000100000111001001100011010000011011000000000000000000011010001100000110000000000000010101000000110000
100000010100000110101010000000110101000000101001010101000000010111000111011000001110010100000000001000000010010000001100000000000001110100111000000001
000000010100100110100010000000010001010000110111100000000001000011000000000000001110000000000000001000000000000010100010000100000010000000110011110011
100000000000000000000000000000100000000011010000100100000000000000000000000000000010000000100000111010001000011111100000000000001010010001100001010101
100000000000011101110110001000001000101000000011100000001010000000000000000010000010000000000010001010100000000000100010000100101000000100010000011001
000000000000000010000000011000001000100010000000000000011000000000001000100000001010000011000110110010111000100000000000000100000000000001001001001000
000000100000001000001110000100011000100100000000000000011000000000001001100000001010101000000101000000000001000000101110001001000000000111000100101100
000110000001100110000000110000001010000100000101000000110100000000010000100001111000000001100000000000000001010000001010000000000100000000100010001100
000100010000000000010100101111101101100000000001110000110100000000000001000000011000000000101000000000000001000000000100101100110010011101110001000100
000110000000100000100100011100001010000100001101110000010000000001001000000010001000000000100000000001000000000000001010100011000000011100000000001011
000110000000100001010101011010101010000011101000101001111110100010000011111001000000001100111100001010110000000011100000100001000000010000111010100001
110101000000000000000110001010000000000000100000100111000000001001000000000010000100001000000000000001100000000101010000000001000000000000000011100110
000110000000000111000011100000000000000000001000010001000010000010000010100000000000000000001101000011100000000000010100000110000000111000011101000010
111111010000000000000010000000000000110000000000001011110001000000100010000000000000000000010001010000110001000001000000001000000001000111100001010011
000101000000001110001000000000000100001000000000000110000000101010001100000000001010100000001100010111100000001011000000000010000000000010000001101101
