00000000000000000000000000000011000010000000000000
00000000000000000000000000000000000000000000000000
00000000000000001110000000000000000000000000000000
00000000000000000000000000000000000000100000000000
00000000000000100000100000000000000001110000000100
00000000000000100000100000000010100000000000000100
00000000000000100000100000000101000000000000001000
00000000000000000000000000001001001001110010000110
00000000011100001110000000001000010011110100010000
00000000100010000000000000000100010010110001100010
00000001010111000000000000000100010000001101010000
00000001000010000000000000000001000000000000001100
01000000111100000000000000000000000000000001010000
01000000110000000000000000000000000000000001110001
11000000000000000000000000000000000000000000000000
00000000000000000000000000000000000000000000000000
00000000000000000000000000000000000000000000000000
00000000000000000000000000001000000000000000100000
00000000000000000000000000011000000000000001101000
00000110000000000000000000010100000000000001001000
00000110000110000000000000000000000000000010110000
00000000000110000000000000000000000000000110110000
00000000000000000000000000000000000000000010100000
00000000000000000000000000000000000000000001000000
00000000000000000011100110000000000000000000001000
00000000000000000010001010000000000000000000011100
00000000000000000001000100000000000000000000011110
00000000000000000000100100000100000000000000000000
01100000000000000000000000000100000000000000000000
10100000000000000000000000000100000000000000011100
00100000000000000000000000000000000000000000011101
00100000000000000000000000011000000000000000000110
01000000000000000000000000001100000000000000000001
00000000000000000000000000010001100000000000000001
00000000000000000000000001110000011000000000000000
00000000000000000000000000110010000100000000000000
00000000000000000000000000110101010100000000000000
00000000000000000000000000010110101000000000000000
00000000000000000000000000010001000000000000000000
00000000000000000000000000001000100000000000000000
00000000000000000000000000000100100000000000000000
00000000000000000001110000000001100000000000000011
10000000000000000000000000000000000000000000000100
00000000000000000000000000000000000000000000000011
00000000000000000000000000000000000000000000000000
00000000000000000000000000000000000000000000000000
00000000000000000000000000000000000000000000000000
00000000000000000000000000000000000011000000000000
00000000000000000000000000000000000010000000000000
00000000000000000000000000000011000101000000000000
