000000000000000000000000000000000000000000000000000000000000000000000000000000000000000000000000000000000000000000000000000000000000000000010000000000
000000000000000000000000000000000000000000000110000000000000000000000000000000000000000000000000000000000000000000000000000000000000011100000000000000
000000000000000000000000000000000000000000000110000000000000000000000000000000000000000000000000011100000000000000000000000000000000000000000000000000
000000000000000000000000000000000000000000000000000000000000000000000000000000000000000000000000000000000000000000000011000000000000000000000000000000
000000000000000000000000000000000000000000000000000000000000000000000000000000000000000000000000000000000000000000000100100000111000000000000000000000
000000000000000000000000000000000000000000000000000000000000000000000000000000000000000000000000000000000000000000000010100000000000000000000000000000
000000000110000000000000000000000000000000000000000000000000000001100000000000000000000000000000000000000000000000000001000000000000000000000000000000
000000001001000000000000000000110000000000000000000000000000000001100000000000000000000000000000000000000000000000000000000000000000000000000000000000
000000001001000000000000000000110000000000000000000000000000000000000000000000000000000000000000000000000000000000000000000000000000000000000000000000
000000000110000000000000000000000000110000000000000000000000000000000000000000000000000000000000000000000000000000000000000000000000000000000000000000
000000000000000000000000000000000000110000000000011000000000000000000000000000000000000000000000000000000000000000000000000000000000000000000000000000
000000000000000000000000000000000000000000000000011000000000000000000000000000000000000000000000000000000000000000000000000000000000000000000000000000
000000000000000000000000000000000000000000000000000000000000000000000000000000000000000000000000000000000000000000000000000001110000000000000000000000
000000000000000000000000000000000000000000000000000000000000000000000000000000000000000000000001000000000000000000000000000000000000000000000000000000
000000000000000000000000000000000000000100000000000000000000000000000000000000000000000000000010100000000000000001100000000000000000000000000000000000
000000000000000000000000000000000000001010000000000000000000000000000000000000000000000000000010100000000000000001100000000000000000000000000000000000
000000000000000000000000000000000000001010000000000000000000000000000000000000000000000000000001000000000000000000000000000000000000000000000000000000
000000000000000000000000000000000000000100000000000000000000000000000000000000000000000000000000000000000000000000000000000000000000000000000000000000
000000000000000000000000000000000000000000000000000000000000000000000000000000000000000000110000000000000000000000000000000000000000000000000000000000
000000000000000000000000000000000011000000011000000000000000000000001000000000000000000001001000000000000110000000000000000000000000000000000000000000
000000000000000000000000000000000100100000100100000000000000000000010100000000000000000000110000000000000101000000000000000000000000000000000000000000
000000000000000011000000000000000011000000011000000000000000000000001000000000000000000000000000000000000011000000000000000000000000000000000000000000
000000000000000011000000000000000000000000000000000000000000000000000000000000000000000000000001000000000000110000000000000000000011000000000000000000
000000000000000000000000000000000000000100000000000000000000000000000000000001000000000000000010100001100000101000000000000000000011000000000000000000
000000000000000000000000000000000000001010000000000000000000000000000000000010100000000000000010100001010000010000000000000000000000000000000000000000
000000000000000000000000000000000000001010000000000000000000000000000000000010010000000000000001000000110000000000000000000110000000000000000000000000
000000000000000000000000000000000000000100000000000000000000000000000000000001100000000000000000000000001100000000000000001001000000000011100000000000
000000000000000000000000000000000000000000000000000000000000000000000000000000000000000000000000000000001010000000000000011101100000000000000000000000
000000000000000000000000000000000000000000000000000000000000000011000000000000000000000000000000000000000110000000000000001101100000001000001000000000
000010000000000000000000000000000000000000000000000000000000000011000000000000000000000000000000000000000000000000000000000110100000001000001000000000
000101000000000000000000000000000000000000000000000000000000000000000000000000000000000000000000000000000000000000000000000011000000001000001000000000
000100100000000000000000000000000010000000000000000000000000000000000000000000000000000000000000000000000000000000000000000000000000000000000000000000
000011000000000000000000000000000010000000000000001110000000000000000000000000000000000000000000000000000000000000000000000000000000000011100000000000
000000000000000000000000000000000010000000000000000000000000000000000000000000000000000011000000000000000000000000000000000000000000000000000000000000
000000000000000000000000000000000000000000000000000000011000000000000000000000000000000011000000001100000000000000000000000000000000000000000000000010
000000000000000000000000000000000000000000000000000000100100000000000000000000000000000000000000010010001000000000000000000000000000000000000000000101
000000000000000000000000000000000000011000000000000000011000000000000000000000000000000000000000010000110111000000000000000000000000000000000000000101
000000000000000000000000000000000000011000000000000000000000000000000000000000000000000000000000011100010000000000000001101000000000000000000000000010
000000000000000000000000000000000000000000000000000000000000000000000000000000000000000000000000000000010101100000011111111100000000000000000000000000
000000000110000000000000000000000000000000000000000000000000000000000000000000011100000000000000000000110101000000111111000000000000000000000000000000
000000001001000000000000000000000000000000000000000000000000000000000000000000001110000000000000000001010011010001000010101000000000000000000000000000
000000000110000000000000000000000000000000000000000000000000000000000000000000000000000000000000000001010001100000100001010000000000000000000000001110
000000000000000000000000000000000000000000000000000110000000000000000000000000000000000000000000000001100000000000100000000100000000000000000000110000
000000000000000000000000000000000000000000000000001001000000000000000000000000000000000010000000000000000000001100000010100110000000000000110000000001
000000000000000000000000000000000000000000000000001010000000000000000000000000000000000101000000000000000000001100011100010100000000000001110001000110
000000000000000000000000000000000000000000000000000100000000000000000000000000000000000011000000000000000000000000101000011000000000000010010000000000
000000000000000000000000000000000000000000000000000000000000000000000000000000000000000000000000000000000000000000101000010000000000000110100010110000
000000000000000000000000000000000000000001100000000000000000000000000000000000000000000000000000000000000000000000011000000000000000000100100010000000
000000000000000000000000000000000000000001100000000000000000000000000000000011100000000000000000000000000000000000001000000000000000000111000000010000
000000000000000000000000000000000000100000000000000000000000000000000000000000000000000000000000000000000000000000000000000000000000000010000000000000
000000000000000000000000000000000000100000000000000000000000000000000000000000000000000000000000000000000000000001100001100000000000000000000000000000
000000000000110000000000000000000000100000000000000000000000000000000000000000000000000000000110000000000001100001100001100000000000000000000000000000
000000000000110000000000000000000000000000000000000000000000000001100000000000000000000000000110000000000001100000000000000000000000000000000000000000
000000000100000000000000000000000000000000000000000000000000000001100110000000000000000000000000000000000000000000000000000000000000000000000000000000
000000000100000000000000000000000000000000000000000000000000011000000110000000000000000000000000000000000000000000000000000000000000000000000000000000
000000000100000000000000000000000000000000000000000000000000011000000000000000000000000000000000000000000000000000000000000000000000000000000000000000
000000000000000000000000000011000000000000000000000000000000000000000000000000000000000000000000000000000000000000001110000000000000000000000000000000
000000000000000000000000000100100000000000000000000000000000000000000000000001100000000000000000000000000000000011001011100000000000000000000000000000
000000000000000110000000000011000000000000000000000000000000000000000000000010010000000000000000000000010010001111010010110000000001000000000000000000
000000000000000110000000000000000000000000000000000000000000000000000000000001010000000000000000000000000001001001011011111000000010100000000000000000
000000000000000000000000000000000000000000000000000000000000000000000000000000100000000000000000000000100000001110000100001000000010100000000000000000
000000000000000000000000000000000000000000000000000000000000000000000000000000000000000000000000000000000000000000001100011000000000000000001000000000
000000000000000000000000000000000000000000000000000000000000000000000000000000000000000000000000000000000000100011000110011000000000000000011100000000
000000000000000000000000000000000000000000000000000000000000000000000000000000000000000000000001000000011010001001000111010000000000000000000100000000
000000000000000000000000000000000000000000000000000000000000000000000000000000000000000100000001000000000010001001000011100000000000000000001000000000
000000000000000000000000000000000000000000000000000000000000000000000000000000000000000110000001000000000000001000100000010000000000000000000100000000
110000000000000000000011000000000000000000000000000000000000000000000000000000111001010001000000011100000000000111000000000000000000001000000100000000
101000000000000000000100100000000000000000000000000000000000000000000000000000000011000110000000011100000000000111000010000000000000010010010000000000
001000000000000000000011100000000000000000000000000000000000100000000000000000000010110100000000000000000000000000000000000000000000001010000000100000
000100000000000000000111000011000000000000000000000000000001010000000000000000000101000000000000000000000000000000000000000001100000000100000001100010
000100000000010101000110000011000000000000000000000000000001100000000000000000010011000000000000000000000000000000000000000001100000000000110011100010
000101100011001001000100000000000000000000000000000000000000000000000000000000000010000000000000000000000000000000000000000000000000000001001001100010
110100010111011000100000000000000000000000000000000000000000000000011000000000000010000000000000000000000000000000000000000000000000000010011000000000
011001101001101100000010100000000000110000000000000000000000000000011000000001000100000000000000000000000000000000000000000000000000001110010000000000
011100010000001100000000000001100000110000000000000000000000000000000000000001001000000000000000000000010000000000000000000000000000000000110000000000
101000000000011010000000000001100000000000000000000000000000000000000000000000110000000000000000000001001000000000000000000000000000011011100000000000
110000000000011001000011100000000000000000000000000000000000000000000000000000000000000000000000000001010000000000000000000000000000000011000000000000
100000000000110101000000100000000000000000000000000000000000000000000000000000000000000000000000000000000000000000011000000000000000011110000000000000
000000000000010100000011010000000000000000000000000000000000000000000000000000000000000000000000000000000011000000011000000000000000011100000000000000
000000000000001000000101100000000000000000000000000000000000000000000000000000000000000000000000001000000011000000000000000000000000000000000000000000
000000000000000000000000100100000000000000000000000000000000000000000000000000000000000000000000011100000000000000000000000000000000000000000000000000
000000000000000000000000000111000000000000000000000000000000001000000000000000000000000000000000110010000000000000000000000000000000000000000000000000
000000000000000001110000100100000000000000000000000000000000001000000000000000001110000000000000000110100000000000000000000000000000000000000000000000
000000000000000000010011100000000000000000000011100000110000001000000000000000000000000000000000001001100000000000010000000000000000000000000000000000
000000000000000000000011010000000011000000000000000001001000000000000000000000000000000000000000000100010000000000111000000110000000000000000000000000
000000000000000000000010100000000000000000000000000000110000000011100000000000000000000000000000000101101011000001000100000101000000000000000000000000
000000000000000000000101100000000110110000000000000000000000000000000000000000000000000000000000000001111011010011010000000010000000000011000000000000
001100000000000000000111000000000000000000000000000000000000001000000000000000000000000000000000000000010001011001000000000000000000000011000000000000
001010000000000000000010000000000001001000000000000000000000001000000000000000000000000000000000000000000000101001010000000000000000000000000000000000
000101000000000011000000000000000000000110000000000000000000001000000000000000000000000000000000000000000000101001001000000000000000000000000000000000
000010000000000100100000000000000001000110000000000000000000000000000000000000000000000000000000000000000000000001001000000000000000000000000001100000
000000000000000011000000000000010101101001000000000000000000000000000000000000000000000000000000000000000000001000000100000000000000000000000010010000
000000000000000000000000000000001100100111000000000000000000000000000000000000000000000000000110000000000001000010010000000000000000000000000010100000
000000000000000000000000000000000110011101100000000000000000000000000000000000000000000000000110000000000000000000100000000000000000000000000001000000
000000000111000000000000000000000110011001100000000000000000000000000000000000000000000000000000000000000000000000000000000000000000000000000000000000
000000000000000000000000000000000111000110100000000000000000000000000000000000000000000000000000000000000000000001000000000000000000000000000000000010
000000000000000000000000000000000111000010100000000000000000100000000000000000000000000000000000000000000000111110000000000000000000000000000000000101
000000000000000000000000000000000011000011000000000000000001010000000000000000000000000000000000000000000000100000000000000000000000000000000000000101
000000000000000000000000000000000110000000000000000000000001010000000000000000000000000000000000000000000011001000000000000000000000000000000000000010
000000000000000000000000000000000000000000000000000000000000100000000000000000000000000000000000000000000011110000000000000000000000000000000000000000
001100000010000000000000000000000000000000000000000000000000000000000000000000000000000000000000000000000000100000000000000000000000000000000001100000
010010000101000000000000000000000000000000000000000000000000000000000000000000000000000000000000000000000000000000000000000000000000000001000010010000
001100000100100000000110000000000000000000000000000000000000000000000000000000000000000000000000001000000000000000000000000000000000000010100001100000
000000000011000000000110000110000000000000000000000000000000000000000000000000000000000000000000010100000000000000000000000000000000000001100000000000
000000000000000000000000000110000000000000000000000000000000000000000000110000000000000000000000110100000000000000000000000000000000000000000000000010
000000000000000000000000000000000000000000000000000000000000000000000001010000000000000000000001010110000000000000000000000000000000001100000000000101
000000000000000000000000000000000000000000000000000000000000000000000001100000000000000000000011100100000000000000000000000000000000010100000000000101
000000000000000000000000000000000000000000000000000000000000000000011000000000000000000000000100000010000000000000000000000000000000001000000000000010
000000000000000000000000000000000000000000000000000000000000000000000000000000000000000000000011000000000011000000000000000000000000000000000000000000
000000000100000000000000000000000000000000000000000000000000000000000000000000000000000000000001000000000011000000000000000000000000000000000000000000
000000001010000000000000000000000000000000000000000000000000000000011011000000000000000000000000000000000000000000000000000000000000000000000000000000
000000001010000000000000000000000000000000100000000000000000000000011011000000000000000000000000000000000000000000000000000000000000000010000000000000
000000000100000000000000001100000000001100010000000000000000000001001110000000000000000000000000000000000000000000000000000000000000000010000000000000
000000000000000000000000001100000000000101100000000000000000000001100110000000000000000000000000111000000000000000000000000000000000000010000000000000
000000000000000000000000000000000000000011100000000000000000000000001100000000000000000000000000000000000000000000000000000000000000000000000000000000
000000000000000000000000000000000001000000000000000000110000000000011100000000000000000000000000000000000000000000000000000000000000000000000000000000
000000000000000000000000000000000001000000000000000000110000000000001000000000000000000000000000000000000000000000000000000000000000000000000000001100
000000000011100000000000000000000001000000000000000000000000000000010000000000000000000000000000000000000000000000000000000000000000000000000000001100
000000000000000000000000000000000000000000000000000000000000000000000000000000000000000000000000000000000000000000000000000000000000000000000000000000
000000000000000000000000000000011000011100000000000000000000000000000000000000000000000110000000000000000000000000000000000000000000000000000000000000
000000000000000110000000000000011000000000000000000000000000000000011000000000000000001001000000000000000000000000000000000000000000000000000000000000
000000000000001001000000000000000001000000000000000000000000000001011000000000000000000110000000000000000000000000000000000000000000000110000000000000
000000000000000110000000000000000001000000110000000000000000000000110000000000000000000000010000000000000000000000000000000000000000000110000000000000
000000000000000000000001100110000001000000110000000000000000000000000000000000000000000000101000000000000000000000000000000000000000000000000000000000
000000000000000000000001100110011000000000000000000000000000000000000000000000000000000001010000000000000000000000000000000000000000000000000000000000
000000000011000000000000000000011000001100000000000000000000000000000000000000000000000001100000000000000000010000000000000000000000000000000000000000
000000000101000000000000000000000000010010000000000000000000000000000000000000000000000000000000000000000000101000000000000000000000000000000000000000
000110000010000000000000000000000000001100000000000000000000000000000001100000000000000000000000000000000001001000000000000000000000000000001100000000
000110000000000000000000000000000000000000000000000000000000000000000010010000000000000000000000011000000000110000000000011000000000000000010010000000
000000000000000000000000000000000000000000000000000000000000000000000001100000000000000000000000100100000000000000000000011000000000000000010100000000
000000000000000000000000000000000000000000000000000000000000000000000000000000000000000000000000011000000000000000000000000000000000000000001000000000
000000000000000000000000000000000000000000000000000000000000000000000000000000000000000000000000000000000000000000000000000000000000000000000000000000
000000000000000000000000001100000000000000000000000000000000000000000000000000000000000000000000000000000000000000000000000000000000000000000000000000
000000000000000000000010001100000000000000000000000000000000000000000000000000000000000000000000000000000000000000000000000000000000000000000000000000
000000000000000000000010000000000000000000000000000000000000000000000000000000000000000000000000000000000000000000000000000000000000000000000000000000
000000000000000000000010000000000000000000000000000000010000000000000000000000000000000000000000000000000000000000000000000000000000000000000000000000
000000000000000000000000000000000000000000000000000000101000000000000000000000000000000000000000000000000000000000000000000000011000000011000000000000
000000000000000000111000111000000000000000000000000000101000000000000000000000000000000000000000000000000000000000000000000000100100000100100000000000
000000000000000000000000000000000000000000000000000000010000000000000000000000000000000000000000000000000000000000000000000000011000000011000000000000
000000000000000000000000000000000000000000000000000000000000000000000000000000000000000000000000000000000000000000000000000000000000000000000000000000
000000000000000000000000000000000000000000000000000000000100000000000000000000000000000000000000000000000000000000000000000000000000100000000000000000
000000000000001000000000000000000000000000000000000000001100000000000000000000000000000000000000110000000000000000000000000000000001010000000000000000
000000000000001000000000000000000000000000000000000000001000000000000000000000000000000000000000110000000000000000000000000000000001010000000000000000
000000000000001000000000000000000000000000000000000000000000000000000000000000000000000000000000000000000000000000000000000000000000100000000000000000
000000000001000001000000000000000000000001000000000000000000000000000000000000000000000000000000000000000000000000000000000000000000000000000000000000
000000000010100010100000000000000000000010100000000000000000000000000000000000000000000000000000000000000000000000000000000000000000000000000000000000
000000000010100010100000000000000000000010100000000000000000000000000000000000001100000000000000000000000000000000000000000000000000000000000000000000
000000000001000001000000000000000000000001000000000000000000000000000000000000001100000000000000000000000000000000000000000000000000000000010000000000
000000000000000000000000000000000000000000000000000000000000000000000000000000000000000000000000000000000000000000000000000000000000000000101000000000
000000000000000000000000111000000000000000000000000000000000000000000000000000000000000000000000000000000000000000000000000000000000000000101000000000
