000000000000000000000000010000000000000000000000000000000000000000000000000000000000000000000011000000000000000000000000000000000000100000010000000000
000000000000000000000000000000000000000000000110000000000000000000000000000000000000000000000011000000000000000000000000000000000000000000000000000000
000000000000000000000000000000000000000000000110000000000000000000000000000000000000000000000000000000000000000000000000000000000000000000000000000000
000000000000000000000000000000000000000000000000000000000000000000000000000000000000000000000000000000000000000000000000000000000000000000000000000000
000000000000000000000000000000000000000000000000000000000000000000000000000000000000000000000000000000000000000000000110000000000000000000000000000000
000000000000000000000000000000000000000000000000000000000000000000000000000000000000000000000000000000000000000000000100000000000000000000000000000000
000000000110000000000000000000000000000000000000000000000000000001100000000000000000000000000000000000000000000000000010000000000000000000000000000000
000000001001000000000000000000110000000000000000000000000000000001100000000000000000000000000000000000000000000000000000000000000000000000000000000000
000000001001000000000000000000110000000000000000000000000000000000000000000000000000000000000000000000000000000000001000000000000000000000000000000000
000000000110000000000000000000000000110000000000000000000000000000000000000000000000000000001000000000000000000000000001000000000000000000000000000000
000000000000000000000000000000000000110000000000011000000000000000000000000000000000000000110000000100000000000000001001000000000000000000000000000000
000000000000000000000000000000000000000000000000011000000000000000000000000000000000000000011000000011000000000000000011100000100000000000000000000000
000000000000000000000000000000000000000000000000000000000000000000000000000000000000000000000000000001000000000000000011100000100000000000000000000000
000000000000000000000000000000000000000000000000000000000000000000000000000000000000000000000000000100000000000000000100100000100000000000000000000000
000000000000000000000000000000000000000100000000000000000000000000000000000000000000000000000000000010000000000001100101000000000000000000000000000000
000000000000000000000000000000000000001010000000000000000000000000000000000000000000000011000000000000000000000001100111000000000000000000000000000000
000000000000000000000000000000000000001010000000000000000000000000000000000000000000000011000000000000001100000000000000000000000000000000000000000000
000000011000000000000000000000000000000100000000000000000000000000000000000000000000000011011100000000010010000000000000000000000000000000000000000000
000000010100000000000000000000000000000000000000000000000000000000000000000000000000000000000011000000010010000000000000000000000000000000000000000000
000000010000000000000000000000000011000000011000000000000000000000001000000000000000000000000100000000010110000000000000000000000000000000000000000000
000000000000000000000000000000000100100000100100000000000000000000010100000000000000011100000000000000110000000000000000000000000000000000000000000000
000000000000000000000000000000000011000000011000000000000000000000001000000000000000000000011000000000111000000000000011100000000000000000000000000000
000000000000000000000000000000000000000000000000000000000000000000000000000000000000000001000100000000000000000000000000000000000000000000000000000000
000000000000000000000000000000000000000100000000000000000000000000000000000001000000000001100100000000000000000000000000000000000000000000000000000000
000000000000000000000000000000000000001010000000000000000000000000000000000010100000000001111000000000000000000000000000000000000000000000000000000000
000001000000000000000000000000000000001010000000000000000000000000000000000010010000000000000000000000000000000000000000000000000000000000000000000000
000011100000000000000000000000000000000100000000000000000000000000000000000001100000000000000000000000000000000000000000000000000000000000000000000000
000110010000000000000000000000000000000000000000000000000000000000000000000000000000000000000000000000000000000000000000000000000000000000000000000000
001000110000000000000000000000000000000000000000000000000000000011000000000000000000000000000000000000000000000000000000000000000000000000000000000000
001001100000000000000000000000000000000000000000000000000000000011000000000000000000000000000000000000000001000000000010000000000000000000000000000000
011000000111000000110010000000000000000000000000000000000000000000000000000000000000000000000001100000000010100000000010000000000000000000000000000000
011100000001000000110101000000000000000000000000000100000000000000000000000000000000000000000001100000000010100000000010000000000000000000000000000000
000000001001000000100001100000000111000000000000000100000000000000000000000000000000000000000000000000000001000000000000000000000000000100000000000000
000000001010000000000000100000000000000000000000000100000000000000000000000000000000000000000000000000000000000000111000111000000000001110000000000000
000000001100000000011000110000000000000000000000000000011000000000000000000000000000000000000000000000000000000000000000000000000000011111000000000000
000000000000000000000000001000000000000000000000000000100100000000000000000000000000000000000000000000000000000000000010000000000000110001100000000000
000000000000000000000001111000000000011000000000000000011000000000000000000000000000000000000000000000000000000000000010000000000000011100000110000000
000000011000000000000001100000000000011000000000000000000000000000000000000000000011000000000000000000000000000000000010000000000000001111000000000000
000000101000000000000000000000000000000000000000000000000000000000000000000000000010100000000000000000000000110000000000000000000000000111000010000000
000000010001000000000000000000000000000000000000000000000000000000000000000000000001000000000000000000000000110000000000000000001100000000010010000000
100000000010100000000000000000000000000000000000000000000000000000000000000000000000000000000000000000000000000000000000000000001100000000000001000001
100000000010010000000000000000000000000000000000000000000000000000000000000000000000000000000000000000000000000000000000000000000000000000000001000001
000000000001100000000000000000000000000000000000000110000000000000000000000000000000000000000000000000000000000000000000000000000000000000001001000000
000000000000000000000000000000000000000000000000001001000000000000000000000000000000000000000000000000000000000000000000000000000000000000000110000000
000000000000000000000000000000000000000000000000001010000000000000000000000000000001000000000000000000000000000000000000000000000000000000000000111000
000000000000000000000000000000000000000000000000000100000000000000000000000000000011100000000000000000000000000000000000000000000000000000000000001000
000000000000000000000000000000000000000000000000000000000000000000000000000000000110010000000000000000000000001110000000000000000000000000000000010000
000000000000000000000000000000000000000001100000000000000000000000000000000000000100000000000000000000000000000000000000000000000000000000000000001000
000000000000000000000000000000000000000001100000000000000000000000000000000000000111000000000000000000000000000000000000000000000011000000000000011000
000000000000000000000000000000000000000000000000000000000000000000000000000000000110110000000000000000000000000000000000000000000100100000000010010000
000000000000000000000000000000000001110000000000000000000000000000000000000000000000101100000000000000000000000000000000000000000100100000000001010000
000000000000000000000000000000000000000000000000000000000000000000000000000000000001100100000110000000000001100000000000000000000011000011000001100000
000000000000000000000000000000000000000000000000000000000000000001100000000000000000011000000110000000000001100000000000000000000000000011000000000000
000000000000000000000000000000000000000000000000000000000000000001100110000000000000000000000000000000000000000000000000000000000000000000000001100000
000000000000000000000000000000000000000000000000000000000000011000000110000000000000000000000000000000000000000000000000000000000000000000000001110000
000000000000000011000000000000000000000000000000000000000000011000000000000000000000000000000000000000000000000000000000000000000000000000000001111000
000000000000010011000000000011000000000000000000000000000000000000000000000000000000000000000000000000000000000000000000000000000000000000000000010100
000000000000010010011000000100100000000000000000000000000000000000000000000000000000000000000000000000000000000000000000000000000000000000000000111000
000000000000010010010100000011000000000000000000000000000000000000000000000000000000000000000000000000011000000001110000000000000000000000000010011000
000000000000000110100010000000000000000000000000000000000000000000000000000000000000000000000000000000011000000010101100000000000000000000000011100000
100000000000000110100011000000000000000000000000000000000000000000000000000000000000000000000000000000000000000010001010000000000000000000000011000011
100000000000000000100000000000000000000000000000000000000000000000000000000101101100000000000000000000000000000011111011000000000000000000000000000001
000000000000000000011010000000000000000000000000000000000000000000000000001110000110000000000000000000000000000001110000000000000101000000000000000000
000000000000111000000000000000000000000000000000000000000000000000111000000110110000000000000000000000000000000000011000100000000100100000000000000000
000000000000001010001010000000000000000000000000000000000000000000000000000111110000000000000000000000000000000000011000100000001000100000000000000000
011100000000101001101010000000000000000000000000000000000000000000000000000011000000000000000000000000000010000011000000100000000100100000000000010000
011100000000110001100100000000000000000000000000000000000000000001000000000001000000000000000000000000000110000110110000000000000111000000000000100000
000000000011000101000000000000000000000000000000000000000000000001000100000000000000000000000000000011101001000011011000000000000000000000000000011000
000000000000010100000000000000000000000000000000000000000000100000101010000000000000000000000000000010000010000001110010000000100000000000000000001000
000000000010110000000000000000000000000000000000000000000001010000010100000000000000000000000000000001010110000000000000000001010000000000000000000000
000000000011110000000000000000000000000000000000000000000001100000000000000000000000000000000000000000000000000000000000000001010000000000000000000000
100000000100000100000000000000000000000000000000000000000000000000000000000000000000000000000000000000000000010000000000000000100000000000000000000000
010000000100000100000000000000000000000000000000000000000000000000000000000000100000000000000000000000111100000000000000000001000000000000000000000001
010000000001000100000000000000000000000000000000000000000000000000000000000001100000000000000000000000000100010000000000000111000000000000000000000001
100000000001000000000000000000000000000000000000000000000000000000000000000000000000000000000010000000000001100000000000000100100000000000000000000000
000000000000000000000000000000000000000000000000000000000000000000000000000011000000000000000010000000100100000000100000100001000000000000000000000000
000000000000110000000000000000000000000000000000000000000000000000000000000010000000000000000010000000000000000010010001101111000000000000000000000000
000000000000000000000000000000000000000000000000000000000000000000000000000000000000000000000000000000000000000010100010000001000000000000000000000000
000000000000000000000000000000000000000000000000000000000000000000000000000000110000000000110000000001000000000010100001111110000000000000000000000000
000000000000000000000000000000000000000000000000000000000000000000000000001110111000000000110000000001000110000000000000000000000000000000000000000000
000000000000000010000000000000000000000000000000000000000000000000000000000101000100000000000000000011011000000000000100000000000000000000000000000000
000000000000000101000000000000000000000000000000000000000000000000000000000111100000000000000000000111000000000000000100000000000000000000000000000000
000000000000000101001100000000000000000000000001000000000000011100000000000010001100000000000000000011000000000000000100000000000011000000000000000000
000000000000000010001100000000000000000000000001000000110000000000000000000001110000000000000000000001000000000000000000000000000010000000000000000000
000000000000000000000000000000000000000000000001000001001000000001000000000001001000000000000000000000000000000000000000000000000001000000000000000000
000000000000000000000000000000000000000000000000000000110000000001000000000000000000000000000000000000000000000000000000000000000000000110000000000000
000000000000000000000000000000000000000000000000000000000000000001000000000000000000000000000000001000000000000000000000000000000000000101000000000000
001100000000000000000000000000000000000000000000000000000000000000000000000000000000000000000000011100000000000000000000000100000000000101000000000000
001010000000000000000000000000000000000000000000000000000000011100000000000000000000000000000000011111000000000000000000000000110000100001100000000000
000101000000000000000000011000000000000000000000000000000000000000000000000000000000000000000000000001010000000000000000010000101000010101000000000000
000010000000000000001100011000000110000000000000000000000000000000000000000011000000000000000000000000110000000000100001000000101100011110000001100000
000000000000000000001100000000000110000000000000000000000000000000000000000110000000000000000000000010000000000001001001100001001100000100000010010000
000000000000000000000000000000000000000000011000000000000000000000000000010010000000000000000110101000100000000000110000000010011000000000000010100000
000000000010000000000000000000000000000000011000000000000000000000000001110000000000000000001010000001010000000000011100000000101000000000000001000000
000000000010000000000000000000000000000000000000000000000000000000000000001010000000000000001000100010001000000000000100100000010000000000000000000000
000000000010000000000000000000000000000000000000000000000000000000000110110010111000000000000111000001110000000000000000101000001000000000000000000010
000000000000000000000000000000000000000000000000000000000000000000000110101101011000000000000111000001110000000000000001001000000000000000000000000101
000000000000000000000000000000000000000000000000000000000000000000000000000000100100000000000000000000000000000000000000110000000000000000000000000101
000000000000000000000000000000001110000000000000000000000000000000000101100000011000000000000000000000000000000000000000000000000000000000000000000010
000000000000000000000000000000000000000000000000000000000000000000001110001000000000000000000000000000000000000000000000000000000000000000000000000000
001100000010000000000000000000000000100000000000000000000000000000011000001100000000000000000000000000000000000000000000000000000000000000000001100000
010010000101000000000000000000000000100000000000000000000000000000110000000010000000000000000000000000000000000000000000000000000000000001000010010000
001100000100100000000110000000000000100000000000000000000000000000000000011100000000000000000000000000000000000000000000000000000000000010100001100000
000000000011000000000110000110000000000000000000000000000000000000010110111000000000000010000001100000000000000000000000000000000000000001100000000000
000000000000000000000000000110000000000000000000000000000000000000000011100000000000000010000001100000000000000000000000000000000000000000000000000010
000000000000000000000000000000000000000000000000000000000000000000011000100000000000000010000000000000000000000000000000000000000000001100000000000101
000000000000000000000000000000000000000000000000000000000000000000000011100000000000000000000000000000000000000000000000000000000000010100000000000101
000000000000000000000000000000000000000000000000000000000000000000001000000000000000000000000000000000011000000000000000000000000000001000000000000010
000000000000000000000000000000000000000000000000000000000000000000000000000000000000000000000000000000011000000000000000000000000000000000000000000000
000000000100000000000000000000000000000000000000000000000000000000000000000000000000000000000001100000000000000000000000000000000000000000000000000000
000000001010000000000000000000000000000000000000000000000000000000000000000000000000000000000001100011000000000000000000000000000000000000000000000000
000000001010000000000000000000000000000000000000000000000000001110000000000000000000000000000000000011000000000000000000000000000000000000000000000000
000000000100000000000000001100000000000000000000000000000000000000000000000000000000000000000000000000000000000000000000000000000000000111000000000000
000000000000000000000000001100000000000000000000000000000000100000100000000000000000000000000000000000000000000000000000000000000000000000000000000000
000000000000000000000000000000000000000000000000000000000001010001010000000000000000000000000000000000000000000000000000000000000000000000000000000000
000000000000000000000000000000000000000000000000000000000001010001010000000000000000000000000000011000000000000000000000000000000000000000000000000000
000000000001000000000000000000000011100000000000000000000000100000100000000000000000000000000000011000000000000000000000000000000000000000000000001100
000000000001000000000000000000000000000000000000000000000000000000000000000000000000000000000000000000000000000000000000000000000000000000000000001100
000000000001000000000000000000000000001000000000000000000000000000000000000000000000000000000000000000000000000000000000000000000000000000000000000000
000000000000000000000000000000011000001000000000000000000000000000000000000000000000000000000000000000000000000000000000000000000000000000000000000000
000000000000000110000000000000011000001000000000000000000000000000000000000000000000000000000000000000000100000000000000000000000000000000000000000000
000000000000001001000000000000000000000000000000000000000000000000000000000000000000000000000000000000000100000000000000000000000000000110000000000000
000000000000000110000000000000000011100000110000000000000000000000000011000000000000000000010000000000000100000000000000000000000000000110000000000000
000000000000000000000001100110000000000000110000000000000000000000000011000000000000000000101000000000000000000000000000000000000000000000000000000000
000000000000000000000001100110011000000000000000000000000000000000000000000000000000000001010000000000000000000000000000000000000000000000000000000000
000000000011000000000000000000011000001100000000000000000000000000100000000000000000000001100000000000000000010000000000000000000000000000000000000000
000000000101000000000000000000000000010010000000000000000000000001010000000000000000000000000000000000000000101000000000000000000000000000000000000000
000110000010000000000000000000000000001100000000000000000000000001010000000000000000000000000000000000000001001000000000000000000000000000001100000000
000110000000000000000000000000000000000000000000000000000000000000100000000000000000000000000000011000000000110000000000011000000000000000010010000000
000000000000000000000000000000000000000000000000000000000000000000000000000000000000000000000000100100000000000000000000011000000000000000010100000000
000000000000000000000000000000000000000000000000000000000000000000000000000000000000000000000000011000000000000000000000000000000000000000001000000000
000000000000000000000000000000000000000000000000000000000000000000000000000000000000000000000000000000000000000000000000000000000000000000000000000000
000000000000000000000000001100000000000000000000000001000000000001100000000000000000000000000000000000000000000000000000000000000000000000000000000000
000000000000000000000000001100000000000000000000000010100000000001100000000000000000000000000000000000000000000000000000000000000000000000000000000000
000000000000000000000111000000000000000000000000000010100000000000000000000000000000000000000000000000000000000000000000000000000000000000000000000000
000000000000000000000000000000000000000000000000000001000000000000000000000000000000000000000000000000000000000000000000000000000000000000000000000000
000000000000000000010000010000000000000000000000000000000000000000000000000000000000000000000000000000000000000000000000000000011000000011000000000000
000000000000000000010000010000000000000000000000110000000110000000000000000000000000000000000000000000000000000000000000000000100100000100100000000000
000000000000000000010000010000000000000000000001001000001001000000000000000000000000000000000000000000000000000000000000000000011000000011000000000000
000000000000000000000000000000000000000000000000110000000110000000000000000000000000000000000000000000000000000000000000000000000000000000000000000000
000000000000000000000000000000000000000000000000000000000000000000000000000000000000000000000000000000000000000000000000000000000000100000000000000000
000000000000000000000000000000000000000000000000000001000000000000000000000000000000000000000000110000000000000000000110000000000001010000000000000000
000000000000011100000000000000000000000000000000000010100000000000000000000000000000000000000000110000000000000000000100100000000001010000000000000000
000000000000000000000000000000000000000000000000000010100000000000000000000000000000000000000000000000000000000000000011000000000000100000000000000000
000000000001000001000000000000000000000001000000000001000000000000000000000000000000000000000000000000000000000000000001000000000000000000000000000000
000000000010100010100000000000000000000010100000000000000000000000000000000000000000000000000000000000000000001000000000000000000000000000000000000000
000000000010100010100000000000000000000010100000000000000000000000000000000000001100000000000000000000000000010100000000000000000000000000000000000000
000000000001000001000000000000000000000001000000000000000000000000000000000000001100000000000000000000000000010100000000000000000000100000010000000000
000000000000000000000000010000000000000000000000000000000000000000000000000000000000000000000000000000000000001000000000000000000001010000101000000000
000000000000000000000000010000000000000000000000000000000000000000000000000000000000000000000000000000000000000000000000000000000001010000101000000000
