000000000000000000000000010000000000000000000000000000000000000000000000000000000000000000000011000000000000000000011011000000000000100000010000000000
000000000000000000000000000000000000000000000110000000000000000000000000000000000000000000000011000000000000000000000100000000000000000000000000000000
000000000000000000000000000000000000000000000110000000000000000000000000000000000000000000000000000000000000000000000000000000000000000000000000000000
000000000000000000000000000000000000000000000000000000000000000000000000000000000000000000000000000000000000000000000000000000000000000000000000000000
000000000000000000000000000000000000000000000000000000000000000000000000000000000000000000000000000000000000000000000011000000000000000000000000000000
000000000000000000000000000000000000000000000000000000000000000000000000000000000000000000000000000000000000000000000100100000000000000000000000000000
000000000110000000000000000000000000000000000000000000000000000001100000000000000000000110000000000000000000000000000101000000000000000000000000011100
000000001001000000000000000000110000000000000000000000000000000001100000000000000000100010000000000000000000000000000010000000000000000000000000010000
000000001001000000000000000000110000000000000000000000000000000000000000000000000001000100000000000000000000000000000000000000000000000000000000001000
000000000110000000000000000000000000110000000000000000000000000000000000000000000010000000000000000000000000000000000000000000000000000000000000000000
000000000000000000000000000000000000110000000000011000000000000000000000000000000011100000000000000000000000000000000000000000000000000000000000000000
000000000000000000000000000000000000000000000000011000000000000000000000000000000000000000000000000000000000000000000000000000100000000000000000000000
000000000000000000000000000000000000000000000000000000000000000000000000000000000000000011000000000000000000000000000000000000100000000000000000000000
000000000000000000000000000000000000000000000000000000000000000000000000000000001111010010000000000000000000000000000000000000100000000000000000000000
000000000000000000000000000000000000000100000000000000000000000000000000000000011011010000000000000000000000000000000000000000000000000000000000000000
000000000000000000000000000000000000001010000000000000000000000000000000000000011111000100000000000000000000000000000000000000000000000000000000000000
000000000000000000000000000000000000001010000000000000000000000000000000000000000000000000000000000000001100000000000000000000000000000000000000000000
000000000000000000000000000000000000000100000000000000000000000000000000000000000101000000011100000000001100000000000000000000000000000000000000000000
000000000000000000000000000000000000000000000000000000000000000000000000000000001111000110011000000000000000000000000000000000000000000000000000000000
000000000000000000000000000000000011000000011000000000000000000000001000000000010011010010010000000000000000000000000000000000000000000000000000000000
000011000000000000000000000000000100100000100100000000000000000000010100000000011000010101000000000000000000000000000000000000000000000000000000000000
100101000000000000000000000000000011000000011000000000000000000000001000000000000000000000000000000000000000000000000011100000000000000000000000000001
110001000000000000000000000000000000000000000000000000000000000000000000000000000000000000000000000000000000000000000000000000000000000000000000000001
010000100000000000000000000000000000000100000000000000000000000000000000000001000000000000000000000000000000000000000000000000000000000000000000000000
010000100000000000000000000000000000001010000000000000000000000000000000000010100000000000000000000000000000000000000000000000000000000000000000000000
000000100000000000000000000000000000001010000000000000000000000000000000000010010000000000000000000000000000000000000000000000000000000000000000000000
001001000000000000000000000000000000000100000000000000000000000000000000000001100000000000000000000000000000000000000000000000000000000000000000000000
000111000000000000000000000000000000000000000000000000000000000000000000000000000000000000000000000000000000000000000000000000000000000000000000000000
000000000000000000000000000000000000000000000000000000000000000011000000000000000000000000000000000000000000000000000000000000000000000000000000000000
000000000000000000000000000000000000000000000000000000000000000011000000000000000000000000000000000000000001000000000010000000000000000000000000000000
000000000000000000000000011000000000000000000000000000000000000000000000000000000000000000000001100000000010100000000010000000000000000000000000000000
000000000001100000000000011000000000000000000000000100000000000000000000000000000000000000000001100000000010100000000010000000000000000000000000000000
000000000001100000000000000000000111000000000000000100000000000000000000000000000000000000000000000000000001000000000000000000000000000000000000001110
000000000000000000000000000000000000000000000000000100000000000000000000000000000000000000000000000000000000000000111000111000000000000000000000001001
000000000000000000000000000000000000000000000000000000011000000000000000000000000000000000000000000000000000000000000000000000000000000000000000001011
000000000000000000000000000000000000000000000000000000100100000000000000000000000000000000000000000000000000000000000010000000000000000000010000000000
000000000000000000000000000000000000011000000000000000011000000000000000000000000000000000000000000000000000000000000010000000000000000001111000000111
000000000000000000000000000000000000011000000000000000000000000000000000000000000000000011000000000000000000000000000010000000000000000010000010000000
000000000000000000000000000000000000000000000000000000000000000000000000000000001000110011100000000000000000110000000000000000000000000000010000000110
000000000000000000000000000000000000000000000000000000000000000000000000000000010000101011110000000000000000110000000000000000001100000111111100000000
000000000000000000000000000000000000000000000000000000000000000000000000000000010100111000011000000000000000000000000000000000001100000000000000000000
000000000000000000000000000000000000000000000000000000000000000000000000000000010000111000001000000000000000000000000000000000000000000000000000000000
000000000000000000000000000000000000000000000000000110000000000000000000000000001110010010001000000000000000000000000000000000000000000000000000000000
000000000000000000000000000000000000000000000000001001000000000000000000000000001100001100010000000000000000000000000000000000000000000000000000000000
000000000000000000000000000000000000000000000000001010000000000000000000000000000000000001000000000000000000000000000000000000000000000000000000000000
000000000000000000000000000000000000000000000000000100000000000000000000000001111110100000000000000000000000000000000000000000000000000000000000000000
000000000000000000000000000000000000000000000000000000000000000000000000000100011100000100000000000000000000001110000000000000000000000000000000000000
000000000000000000000000000000000000000001100000000000000000000000000000001000010100000000000000000000000000000000000000000000001100000000000000000000
000000000000000000000000000000000000000001100000000000000000000000000000001000100010001000000000000000000000000000000000000000000000000000000000000000
000000000000000000000000000000000000000000000000000000000000000000000000000111000001110000000000000000000000000000000000000000000100000000000000000000
000000000000000000000000000000000001110000000000000000000000000000000000000000000000000000000000000000000000000000000000000001011000100000000000000000
000000000000000000000000000000000000000000000000000000000000000000000000111000000000000000000110000000000001100000000000000011001011011000000000000000
000000000000000000000000000000000000000000000000000000000000000001100000100000000000001100000110000000000001100000000000000001011000001000000000000000
000000000000000000000000000000000000000000000000000000000000000001100111010000000001000110000000000000000000000000000000000000100000000011000000000000
000000000000000000000000000000000000000000000000000000000000011000000110000000000010001100000000000000000000000000000000000000011000000001000000000000
000000000000000000000000000000000000000000000000000000000000011000000000000000000110000000000000000000000000000000000000000000000101000001000000000110
000000000000000000000000000011000000000000000000000000000000000000000000000000000011000000000000000000000000000000000000000000000000100010000000000110
000000000000001100000000000100100000000000000000000000000000000000000000000000000000000000000000000000000000000000000000000000000000011100000000000000
000000000000010010000000000011000000000000000000000000000000000000000000000010000000000000000000000000000000000000000000000000000110000000000000000000
000000000000001000000000110000000000000000000000000000000000000000000000000010000000001110000000000000000000100000100000000000000110000000000000000000
000000000011000000000001010000000000000000000000000000000000000000000000000000000000000000000000000000000001110001100000000000000000010000000000000000
000000000100100000000000100000000000000000000000000000000000000000000000000011000000000000000000000000100010101011111000000000000000100000000000000000
000000000000000000001000000000000000000000000000000000000000000000000000000011100001100001110000000000100111010010000000000000000000000011000000000000
000000000000010000000000000000000000000000000000000000000000000000000000000000000100000001110000000000100010100001000100000000000000000011000000000000
001000000010001000010110000000000000000000000000000000000000000000000000000000000001011111000000000000000001111111100000000000000000000000000000000000
010100000001110000000100000000000000000000000000000000000000000000000000000000000100000100000000000000000000100000100000000000000000000000000000000000
010100000000100000000100000000000000000000000000000000000000000000000000000000001110111100000000000010000000000000000000000000000000110000000000000000
001000000000000000001001000000000000000000000000000000000000000000000000000000111110011000000000000101000000000000000000000000000000110000000000000000
000000000000000000000110000000000000000000000000000000000000100000000000000000110110000000000000000100100000000000000000000000000000000000000000000000
000000000000000000000000000000000000000000000000000000000001010000000000000000100111000000000000000011000000000000000000000000000000000000000000000000
000000000000000000000000000000000000000000000000000000000001100011100000110001001011000000000000000000000000000000000000000000000000000000000000000000
100000000000000000000000000000000000000000000000000000000000000010000000000011011110000000000000000000000000000000000000000000000000000000000000000000
010000000000000000000000000000000000000000000000000000000000000010100000001010001100000000000000000000000000000000000000000000000000000000000000000001
010000000000011100000000000000000000000000000000000000000000000001100010011001100000000000000000000000000000000000000000000010000000000000000000000001
100000001100101110000000000000000000000000000000000000000000000000000001000010000000000000000010000000110110000000000000000001000000000010001000000000
000110011100110001000000000000000000000000000000000000000000000000000000000000000000000000000010000000110110000000000000000010000010000111111100000000
001010010010011101000000000000000000000000000000000000000000101000000000000000000000000000000010000000000000000000110000000011100001011000000110000000
011010001110001110000000000000000000000000000000000000000000110000000000000000000000000000000000000000000000000000110000000000100101111100001100000000
001101001110000100000000000000000000000000000000000000000000010000000000000000000000000000110000000000110000000000000000000001100010011100001000000000
000111000000000000000000000000000000000000000000000000000000000000000000000000000000000000110000000000110000000000000001000000000000001100010000000000
000000000000000000000000000000000000000000000000000000000000000000000000000000000000000000000000000000000110000000000010100000000000000000000000000000
000000000000000010000000000000000000000000000000000000000000011101000000000000000000000000000000000000000110000000000010100000000000000000000000000000
000000000000000101001100000000000000000000000001000000000000011001100000000000001100000000000000000000000000000000000001000000000000000000000000000000
000000000000000110001100000000000000000000000001000000110000001001010000000000001100000000000000000000000000000000000000000000000000000100000000000000
000000000000000000000000000000000000000000000001000001001000011101111000101000000000000001000001010000000000000000000000000000000000001010000000000000
000000000000000000000000000000000000000000000000000000110000011110000011101000000000000100100000001000000000000000000000000000000000001001000000000000
000000000000000000000000000000000000000000000000000000000000010101010011010000000000000100010000001000010000000000000000000000000000000110000000000000
001100000000000000000000000000000000000000000000000000000000000000000001000000001100001000010000000000111000000000000000000000000000000000000000000000
001010000000000000000000000000000000000000000000000000000000011010000010000000111100000110110000000011001000000000000000000000000000000000000000000000
000101000000000000000000011000000000000000000000000000000000011101100010000011111100000110111010000010010000000000000000000000011000000011000000000000
000010000000000000001100011000000110000000000000000000000000000000000000000100100000000001001000000011100000000000000000000011110000000011000001100000
000000000000000000001100000000000110000000000000000000000000000000000000000111000000000000001110000000000000000001100000000000100000000000000010010000
000000000000000000000000000000000000000000011000000000000000000000000000000100100000000000000000000000000000000001100000000000000000110000000010100000
000000000010000000000000000000000000000000011000000000000000000000001000000010010000000000000000000000000000000000000000000000000001001000000001000000
000000000010000000000000000000000000000000000000000000000000000000011000000010010000000000000000000000000000000000000000000000000000001100000000000000
000000000010000000000000000000000000000000000000000000000000000000010000000001110000000000000000000000000000000000000000000000000000001000000000000010
000000000000000000000000000000000000000000000000000000000000000000011000000000000000000000000000000000000000000000000000000000000000000000000000000101
000000000000000000000000000000000000000000000000000000000000000000010100000000000000000000000000100100000000000000000000000000000000000000000000000101
000000000000000000000000000000001110000000000000000000000000000000010100000000000000000000000001000110000000000000000000000000000000000000000000000010
000000000000000000000000000000000000000000000000000000000000000000001000000000000000000000000001000001000000000000000000000000000000000000000000000000
001100000010000000000000000000000000100000000000000000000000000000000000000000110000000000000000101100100000000000000000000000000000000000000001100000
010010000101000000000000000000000000100000000000000000000000000000000000000000110000000000000000000111000000000000000000000000000000000001000010010000
001100000100100000000110000000000000100000000000000000000000000000000011100001000000000000001000000011000000000000000000000000000000000010100001100000
000000000011000000000110000110000000000000000000000000000000000000011010000101011000000011000010000000000000000000000000000000000000000001100000000000
000000000000000000000000000110000000000000000000000000000000000000100100011001011000000110000010000000000000000000000000000000000000000000000000000010
000000000000000000000000000000000000000000000000000000000000000000010000100000100000001000000001000000000000000000000000000000000000001100000000000101
000000000000000000000000000000000000000000000000000000000000000000010111000001000000001111010011000000000000000000000000000000000000010100000000000101
000000000000000000000000000000000000000000000000000000000000000000001101000001000000000100000000000000011000000000000000000000000000001000000000000010
000000000000000000000000000000000000000000000000000000000000000000000010010010000000000000000001000000011000000000000000000000000000000000000000000000
000000000100000000000000000000000000000000000000000000000000000000000000000000000000000000000001100000000000000000000000000000000000000000000000000000
000000001010000000000000000000000000000000000000000000000000000000000000000000000000000000000001100011000000000000000000000000000000000000000000000000
000000001010000000000000000000000000000000000000000000000000001110000000000000000000000000000000000011000000000000000000000000000000000000000000000000
000000000100000000000000001100000000000000000000000000000000000000000000000000000000000000000000000000000000000000000000000000000000000111000000000000
000000000000000000000000001100000000000000000000000000000000100000100000000000000000000000000000000000000000000000000000000000000000000000000000000000
000000000000000000000000000000000000000000000000000000000001010001010000000000000000000000000000000000000000000000000000000000000000000000000000000000
000000000000000000000000000000000000000000000000000000000001010001010000000000000000000000000000011000000000000000000000000000000000000000000000000000
000000000001000000000000000000000011100000000000000000000000100000100000000000000000000000000000011000000000000000000000000000000000000000000000001100
000000000001000000000000000000000000000000000000000000000000000000000000000000000000000000000000000000000000000000000000000000000000000000000000001100
000000000001000000000000000000000000001000000000000000000000000000000000000000000000000000000000000000000000000000000000000000000000000000000000000000
000000000000000000000000000000011000001000000000000000000000000000000000000000000000000000000000000000000000000000000000000000000000000000000000000000
000000000000000110000000000000011000001000000000000000000000000000000000000000000000000000000000000000000100000000000000000000000000000000000000000000
000000000000001001000000000000000000000000000000000000000000000000000000000000000000000000000000000000000100000000000000000000000000000110000000000000
000000000000000110000000000000000011100000110000000000000000000000000011000000000000000000010000000000000100000000000000000000000000000110000000000000
000000000000000000000001100110000000000000110000000000000000000000000011000000000000000000101000000000000000000000000000000000000000000000000000000000
000000000000000000000001100110011000000000000000000000000000000000000000000000000000000001010000000000000000000000000000000000000000000000000000000000
000000000011000000000000000000011000001100000000000000000000000000100000000000000000000001100000000000000000010000000000000000000000000000000000000000
000000000101000000000000000000000000010010000000000000000000000001010000000000000000000000000000000000000000101000000000000000000000000000000000000000
000110000010000000000000000000000000001100000000000000000000000001010000000000000000000000000000000000000001001000000000000000000000000000001100000000
000110000000000000000000000000000000000000000000000000000000000000100000000000000000000000000000011000000000110000000000011000000000000000010010000000
000000000000000000000000000000000000000000000000000000000000000000000000000000000000000000000000100100000000000000000000011000000000000000010100000000
000000000000000000000000000000000000000000000000000000000000000000000000000000000000000000000000011000000000000000000000000000000000000000001000000000
000000000000000000000000000000000000000000000000000000000000000000000000000000000000000000000000000000000000000000000000000000000000000000000000000000
000000000000000000000000001100000000000000000000000001000000000001100000000000000000000000000000000000000000000000000000000000000000000000000000000000
000000000000000000000000001100000000000000000000000010100000000001100000000000000000000000000000000000000000000000000000000000000000000000000000000000
000000000000000000000111000000000000000000000000000010100000000000000000000000000000000000000000000000000000000000000000000000000000000000000000000000
000000000000000000000000000000000000000000000000000001000000000000000000000000000000000000000000000000000000000000000100000000000000000000000000000000
000000000000000000010000010000000000000000000000000000000000000000000000000000000000000000000000000000000000000000001010000000011000000011000000000000
000000000000000000010000010000000000000000000000110000000110000000000000000000000000000000000000000000000000000000000110000000100100000100100000000000
000000000000000000010000010000000000000000000001001000001001000000000000000000000000000000000000000000000000000000001100000000011000000011000000000000
000000000000000000000000000000000000000000000000110000000110000000000000000000000000000000000000000000000000000000001110000000000000000000000000000000
000000000000000000000000000000000000000000000000000000000000000000000000000000000000000000000000000000000000000001101100000000000000100000000000000000
000000000000000000000000000000000000000000000000000001000000000000000000000000000000000000000000110000000000000000010000000000000001010000000000000000
000000000000011100000000000000000000000000000000000010100000000000000000000000000000000000000000110000000000000000000001110000000001010000000000000000
000000000000000000000000000000000000000000000000000010100000000000000000000000000000000000000000000000000000000001000010001000000000100000000000000000
000000000001000001000000000000000000000001000000000001000000000000000000000000000000000000000000000000000000000010100010001000000000000000000000000000
000000000010100010100000000000000000000010100000000000000000000000000000000000000000000000000000000000000001000010100010001000000000000000000000000000
000000000010100010100000000000000000000010100000000000000000000000000000000000001100000000000000000000000110110001000001110000000000000000000000000000
000000000001000001000000000000000000000001000000000000000000000000000000000000001100000000000000000000000001000000000000000000000000100000010000000000
000000000000000000000000010000000000000000000000000000000000000000000000000000000000000000000000000000000000000000000000000000000001010000101000000000
000000000000000000000000010000000000000000000000000000000000000000000000000000000000000000000000000000000000000000011011000000000001010000101000000000
