000000000000000000000100000000000110000000000000000000000000000000000000000000000000000100000000000000000000000000000000000000101110000000000000000000
000000000000000000000100000000000000000000000000000000000000000000000000110000000000001110000000001000000000000000000000000000101000000000000000000000
000000000000000000000100000000000000000000000000000000000000000000000000110000000001110000000000001000000000000000000000000000111000001000000000000000
000000000000000000000000000000000000000000000000000000000000000000000000000000000001101100000000001000000000000000000000000001001100010100000000000000
000000000000000000100000000000000000000000000000000000000000000000000000000000000001101000000000000000000000000000000000000001101100010010000000000000
000000000000000001010000000000000000000000000011100000000000000000000000000000000000010000000000000000000000000000000000000000101101100010000000000000
000000000000000001010000000000000000000000000000000001110000000001100000000000000000000000000000000000000001100000000000000000010000110111000000000000
000000000000000000000000000000000000110000000000000000000000000001100000110000000000000000000000000000000001100000000000000000000000011001000000000000
000000000000011000000000000000000000110000000000000000000000000000000000110000000000000000000000000000000000000000000000000000000000000010000000000000
000000000000011000000000000000000000000000000000000000000000000000000000000000000000000000000000000000000000000000000000000000000000000000000000000011
000000000000000100000000000000000000000000000000000000000000000000000000000000000000000000000000000000000000000000000000000000000000000000000000000011
000000000000001110000000000000000000000000000000000000000000000000000000000000000000000000000000000000000000000000000000000000000000000000000000000000
000000000000001110000000000000000000000000000000000000000000000000000000110000000000000000000000110000000000000000000000000000000000000000000000000000
000000000000000000000000000000000000000000000000000000000000000000000000110000000000000000000000110000000000000000000000000000000000000000000000000000
000000000000000000010000000000000000000000000000000000000000000000000000000000000000000000000000000000000000000000000000000000000000000000000000000000
000000000000000000010100000000000000000000000000000000000000000000000000000000000000000000000000000000000000000000000000000000000000000000000000000000
110000000000000000011000000000000000000000000000000000000000000000000000000000000000000000000000000000111000000000000000000000000000000000000000000000
110000000000000000000000000000000000000000000000000000000000000000000001000000000000000000000000000000010000000000000000000000000000000110001100000000
000000000000000000000000000000000000000000000000000000000011000000000010100000000000000000000000000001101100000000000000000000000000011001001100000000
000000000100000000000000000000000000000000000000000000000011000000000001000000000000000000001000000010011111100000000000000000000000100001000000000000
000010000100000000000000000000000000000000000000000000000000000000000000000000000000000000011001000100110100001100000000000000000000100010000000000000
000010000100000000000000000000000000000000000000000000000000000000000000000000000000000000111110000010100100000100000000000000000100100000000000000000
000010000000000000000000000000000000000000001100000000000000000000000000000000000000000001110110000011000000000100000000000000000110011100000000000000
000000000000000000000000000000000000000000001100000000000000000000000000000000000000011000110000000000000111011000000000000001110001000100011110000000
000000000000000011100000000000000000000000000000000000000000000000000000000000000000100100010000000000000101000000000000000100010001001000000000000000
000000000000000000000000000000000000000000000000000000000000000000000000000000000000011000000000000000010001110000000000001000001110000100100010011011
100000000000000000000000000000000000000000000000000000000000000000000000000000000000000000000000000000011111110000000000011001100110010000110010000101
000000000000100000000000000000000000000000000000000000000000000000000000000000000000000000000000000000011010001000110000000100000011101000111001010001
000000000011110000000000000000000000000000000000000000000000000000000000000000000000000000000000000000000100001000110000011010100000000000111001110010
000000000110101000000000000000000000000000011000000000000000000000000000000000000000000000000000000000000110000000000000011010000000000000011000000000
010100001010001100000000000000011000000000011000000000000000000000000000000000000000000000000000000000000100110000000000100010000000000000011000000000
010100011000101100000000000000011000000000000000000000000000000000000011000000000000000000000000000100000000000000000000010001000000111000110000000000
011100001010000000000000000000000000000000000000000000000000000000000100100000000000000000000000000010000000000000000000001111000000100000000000000000
000000000111000010000000000000000000000000000011000000000000000000001001000000000000000000000001100000000000100000000000000100000000011010000000000000
000000000010010001000000000000000000000000000111000000000000000000001010000010000000000000000001000010000000100000000000000000000000000010000000000000
000001100000000101000000000000000000000000001100000000000000000000001000000010000000000000000001000011000000100000000000000001000000000000000000000000
000001100000000010000000000000000000000000011000000000000000000000000000000010000000000010000000111110000000000000000000000011100000000000000000110000
000000000000000000000000000000000000000000000000000110000000000000000000001000000000000101000000001100000000000000000000000100110000101000000001001000
000000000000000000000000000000000000000000000000000110000000000000000000011100000000000101000000000000000000000000000000000001110000110100000000110000
000000000000000000000000000000000000000000001000000000000000000000000000100010000000000010000000000000000000000000000000000000000010010110000000000000
000011101110000000000000000000000000000000001010000000000000000000000000101100000000000000000000000000000000000000000000000000000010110100001110000000
000010000010000000000000000000000000000000000010000000000000000000000000011000000000000000000010000000000001011000000011100000000010000000000000000000
000010000010000000000000000000000000000000000000000000000000000000000000000001000000000000000101000000000001011110000000000001000000000000000000000000
000001000100000000000000000000000000000000000000000000000000000000000000000111000000000000000011000000000000010001000000000011101100000000000000000000
100000111001000010000000000000000000000000000000000000000000000000000000001001000000000000000000000000000000000101000000001000000010000000000000000001
010000000010100011000000000000000000000000000000000000000000000000000000000000000000000000000000000000000000000101000000001110000001000000000000000001
110000000011011101100000000000000000000110000000000000000000000000000000001110000000000000000000000000000000000011000000001100000001110000000000000000
000000000000001100000000000000000000000110000000000000000000000000000000000100011100000000000110000000000000000100000000000000100001100000000000000000
000000000000000100000000000000000000000000000000000000000000000000000000000000011000000000000110000000000000000000000000000000000001010000000000000000
000000000000000010000000000000000000000000000000000000000000000000000000011100000000000000000000000000000111000000000000000000000000000000000000000000
000000000000000001000000000000000000000000000000000000000000000000000000001011010000000000000000000000001011100000000000000000110000000000000000000000
000000000001101110000000010000000000000000000000000000000000000000000000001110110000000000000000000000010001010000000000000001001000000000000000000000
000000000010111010000000101000000000000000000000000000000000000011000000000100010000000000000000000000010001010000000000000000110000000000000000000000
000000000000001000000001101000000000000000000000001100000000000101100000000011100000000000000000000000010111100000000000000000000000000000000000000000
000000000000011010000000000000000000000000000000001100000000000000111101000001000000000000000000000000110100000000000000000000000000000000000000000000
000000000000010110000000000000000000000000000000000000000000000001000100000000000000000000001000000000100010000000000000000000000000000000000000000000
000110000000001110000000000000000000000011000000000000000000001010000001000000000000000000100100000000011100000000000000000000000000000000000000000000
001001000000011000000001100000000000000000001100000000000000000100001111001000000000000000111000000000011100000000000000000000000000000000000000000000
000110000000100000000000101000000000000111010000000000000000000000000011000000110000011000010000000000000000000000000000000000000000000000000000000000
000000000000101100000000001000000000001001001100000000000000000001100000111001010000000000000000000000000000000000000000000000000000000000000000000000
000000000000000000001100000000000000001001000000000000000000000001000000000000100000010000000001010000000000000000000000000000000000000000000000000000
000000000000000000000110000000000000000101000000000000000000000001011000000000000000000001100001010000000000000000000000000000000000000000000000000000
000000000000000000010100000000000000000010000000000000000011000000111000000000000000001000110001100000000000000000000000000000101000100000000000000000
000000000000000000011000000000000000000000000000000000000011000011000110000000000000100010101000000000000000000000000000000000011001010000000000000000
000000000000000000010000000000000000000000000000000000000000000001100011000000000000100000110000000000000000000000000000000000010001010000000000000000
000000000000000000000000000000000000000000000000000000000000000000010010000000000000100001100000000000000000000000000000000000000000100000000000000000
000000000000000000000000000000000000000000000000000000000000000000011100000001100000011011000000000000000000000000000000000000000000000000000000000000
000000000000000000000000000000000000000000000000000000000000000000001000000001100111000000000000000000000000000000000000000000000000000000000000000000
000000000000000001110001111111000000000000000000000000000000000000000000000000000111000000000000000000000000000000000000000000000000000000000000000000
000000000000000000001001000001000000010100110000000011000000000000000000000000001000100000000000000000000000000000000000000000000000000000000000000000
000000000000000000101001100010000000010011000000000011000000001100000000000001000111000000000000000000000000000000000000000000000000000000000000000000
000000000000000000111000011000000000010011001000000000000000010010000000000010110111000000000010000000000000000000000000000000000000000000000000000000
000000000000000000011000000000000000001100101000000000011000001100000000000010000000000000000011110000000000011100000000000000000000000000000000000000
000001110000000000011000000000000000000000000000000000011000000000000000000000001000000000000100001000000000000000000000000000000000000000000000000000
000001110000000000011000000000000000000000000000000000000000000000000000000000000000000000000001011000000000000000000000000000000000000000000000000000
000000101000000000000000000000000000000000000000000000000000000000000000000000000001101100000111100000000000000000000000000000000000000000000000000000
000000011100000001100000000000000000000000000000000000000000000000000000010000000011000100000010100000000000000000000000000000000000000000000000001100
001110000000000110100000000000000000000000000000000000000000000000000000010110000011010100000000100110000000000000000000000000000000000000000000001100
000000000000000110110000000000000000000000000000000000000000000000000000000000000000001000000100001110000000000000000000000000000000000000000000000000
000000100000000011000000000000000000000000000000000000000000000000000000000001100000001000000100010001000000000000000000000000000000000000000000000000
000001110000000110110000000000000000000000000000000000000000000000000000010001100000001000000011110000000000000000000000000000000000000000000000000000
000001110000000110110000000000000000000000000000000000000000000000000000000000100000000000000000100000000000000000000000000000000000000000000000000000
000000000000000010100000000000000000000000000000000000000000000000000000010010011001111000000000010100000000000000010000000000000011000000000000000000
000000000000000001000000000000000000000000000000000000000000000000000000001000000010000000000000000000000000000000101000000000000011000000000110000000
000000000000000000000000000000000000000000000000000000000000000000000000000000000010000000000000000000000000000000110000000000000000000000001010000000
000000110000000000000000000000000000000000000000000000000000000000000000000000000001100000000000000000000000000000000000000000000000000000000100000000
000000110000000000000000000000000000000000000000000000000000000000000000000000000011100000000000000000000000000000000000000000000000000000000000000000
000000000011000000000000000000001100000000000000000000000000000111000000000000000011100000000000000000000000000000000000000000000001000000000000000000
000000000100100000000000000000010010000000000000000000000000000000000000000000000110110000000000000000000000000000000000000000000001000000000000000000
000000000010100000000000000000001100000000000000000000000000010000000000000000000000001000001000000000000000000000000000000000000001000000000000000000
000000000001000000000000000000000000000000000000000000000000010000000000000000000100010000011100000000000000000000000000000000000000000000001100000000
000000000000000000000000000000000000000000000000000000000000010000000000000000000011100000110010000000000000000100000000000000000000000000001100000000
000000000000000000000000000000000000000000000000000000000000000000000011000000000000000000100110000000000110000100000000000000000000000000000000000000
000000000000000000000000000000000000011100000000000000000000000111000011000000000000000001101000000000000010000100000000000000000000000000000000000000
000000000000000000000000010000000000011100000000000000000000000000000000000000000000000001001000000000000011000000000000000000000000110000000000000000
010000000000000000000000110000000000100001000000000000000000000000000000000000000000010000110000001110001111100000000000000000000000110000000000000000
101000000000000000000001100000000001110101000000000000000000000000110000000000000001111000000000001110000001100000000000000000000000000000000000000000
101000000000000000000001010000110110111000000000000000000000000000110000000000000001001000000000000000000100000000000000000000000000000000000000000000
010000000000000000000001100000000110011011100000000000000000000000000000000000000010000100000000000000000000000000000000000000000000000000000000000000
000000000000000000000100000000000100111011100000000000000110110000000000000000000010001100000000000000000000000000000000000000000000000000000000000000
000000010000000000001000111000100110011000000000000000000110110000000000000000000100001110000000000000000000000000000000000000000000000000000000000000
000000010000000000000111000000010001100000000000000000000000000000000000000000000011100011000000000000000000000000000000000000000000000000000000000000
000000010000000000000010000100000000100000000000000000000000000000011000000000001101100000000000000000000000000000001000000000000000000000000000000000
000000000000000000000000000000000111000000000000000000000000000000100100000000001001000000000000000000000000000000010100000000000000000000000000000000
000000000000000000000011010000000010000000000000000000000000000000011000000000001010000000000000000000000000000000100100000000000000000000000000000000
000000000000000000000100010000000000000000000000000000000000000110000000000000000100000000000000000000000000000000011000000000000000001100000000000000
000000000000000000000000010110000000000000000000000000000000001000000000000000000000000000000000000000000000000000000000000000000000010100000000000000
000000000000000000001000010110000000000000000000000000000000001010000000000000000000000000000000000000000000000000000000000000000000001000000000000000
000000000000000000000000011000000000000000000000000000000000000000101000011110000000000000000000000000000000000000000000000000000000000000000000000000
000000000000000000000100010000000000000000000000000000001000000010010000100001000000000000000000000000000000000000000000000000000000000000000000000000
000000000000000000000010000000000000000000000000000000001000100011100000000000100000000000000000000000000000000000000000000000000000000000000000000000
000000000000000000000001100000000000010100000000000000010110100000000110011111000000000000000000000000000000000000000000000000000000000000000000000000
000000000000000000000000000000000000001100000000000000001000100000000000000000000010000000000000000000000000000000000000000000000000000111000000001100
000000000000000000000111000000000000001000000000000000001000000000000000000000011110000000000000000000000000000000000000000000000000000000000000001100
000000000000000000010011100001100000000000000001000000000000000000000000001001101001000000000000000000000000000000000000000000000000000000000000000000
000000000000000000100000100010000000001000001001100001010011000000000000100110000010000000000000000000000000000000000000000000000000000000000000000000
000000000000000000100011000010010000110110110000000100001011100000000001011101101110000000000000000000000000000000000000000000000000000000000000001100
000000000011100001100111000001010000110110001000011000010011000000000011111010011000000000000000000000000000000000000000000000000000000000000000001100
000000000000010000101011011100001000011100000000101000000000000000000000001000011100000000000000000000000000000000000000000000000000000000000000000000
000000001000001000011100000001100000000000000000011011000000000000000011010000000000000000000000000000000000000000000000000000000000000000000000000000
000000001000000100001000000000000000000000000000000000000000000000000011001100000000100000000000000000000000000000000000000000000000000000000000000000
000000001010100100001100000001110000000000000000000000000000000000000100000010000001010000000000000000000000000000000000000000000000000110000000000000
000000000000100000010010000000100000000000000000000001000000000000011111000111000001010000000000000000000000000000000000000000000000000110000000000000
000000000000000000100001000000000000000000000000000010100000000000010000100111000000100000000000000000000000000000000000000000000000000000000000000000
000000000000111000100001001000000000000000000000000010100000000000011100010011000000000000000000000000000000000000000000000000000000000000000000000000
000000001011000001000000000010000001000000000000000001000000000000000100101000000000000000000000000000000000010000000000000000000000000000000000000000
000000001001000010110001111100000011000000000000000000000000000000000010001011100000000000000000000000000000101000000000000000000000000000000000000000
001110001001000010000000101100000011000000000000000000000000000000000010001111100000000000000000000000000001001000000000000000000000110000001100000000
000000000011000011010000000000000000000000000000000000000000000000000010000000000001110000000000000000000000110000000000011000000000110000010010000000
000000000011000000001010100000000000000000000000000000000000000000000000001000000001110000000000000000000000000000000000011000000000000000010100000000
000000000000000000000000100000000000000000000000000000000000000000000001001000000011000000000000000000000000000000000000000000000000000000001000000000
000011100011100000000001100010000000000000000000000000000000000000000001110000000101100000000000000000000000000000000000000000000000000000000000000000
000000000000000000000001000011000000000000000000000000000000000100000000000000001100100000000000000000000000000000000000000000000000000000000000000000
000000001000000000000000000101000000000000000000000000000000001010000000000000001000000000000000000000000000000000000000000000000000100000000000000000
000000001000000000000000000000000000001100000000011000000000001010000000000000000100100000000000000000000000000000000000000000000001110000000000000000
000000001000000000000000000000000000001100000000011000000000000100000000000000000011100001000000000000000000000000000000000000000011111000000000000000
000000000000000000000010000000000000000000000000000000011000000000000000000000000000001000110000000000000000000000000000000000000110001100000000000110
000000000000000000000110001000000000000000000000000000100100000000000000000000000000011110000000000000000000000000000000000000001110001110000000000100
000000000000000000000100000000000000000000000000000000011000000000000000000000000000100000001000000000000000000000000000000000000110001100000000000111
100000000000000000001101110000000000000000000000000000000000000000000000000000000000101100000000000000000000000000000000000000000011111000000000000010
000000000000000000000100000000000000000000000000000000000000000000000000000001000000010000010000000000000000000000000000000000000001110000000000000001
110000000000000000000010001000000000000000000000000000000000000000000000000010000010000100100000110000000000000000000000000000000000100000000000000110
100000000000000000000010010000000000000000000000000000000000000000000000000010001001000001000000110000000000000000000011000000000000000000000000000110
000000000000000000000001110000000000000000000000000000000000000000000000100001000110000000000000000000000000000000000011100000000000000000000000000110
000000000000000000000000000000000000000000000000000000000000000000000000100000000100000000000000000000000000000000001000100000000000000000000000000100
000000000000000000000000000000000000000000000000000000000000000000000000100000000000000000000000000000000000000000001001000000000000000000000000001001
000000000000000000000000000000000000000000000000100000000000000000000000000000000000000000000000000000000000000000001001000000000000000000000000001001
000000000000000000000000000000000000000000000001010000000000000000000000000000000000000000000000000000000000000000000000000000011000000000000000010011
000000000000000000000000000000000000000000000001010000000000000000000000000000000000000000000000000000000000000000000000000000100100011000000000001100
000000000000000000000000000000000110000000000000100000000000000000000000000000000000000000000000000000000000000000000000000000100000111000000000000000
