000000000000000000000000010000000000000000000000000000000000000000000000000000000000000000000010100001101000000001011010110000001000001000010000000000
000000000000000000000000000000000000000000000110000000000000000000000000000000000000000000000110000000111000000000110000010000000000001000000000000000
000000000000000000000000000000000000000000000110000000000000000000000000000000000000000000000011000100000000000000011101100000000000001000000000000000
000000000000000000000000000000000000000000000000000000000000000000000000000000000000000000000011000100000000000000000000100000010000000000000000000000
000000000000000000000000000000000000000000000000000000000000000000000000000000000000000000000000000100000000000000000000000000010000000000000000000000
000000000000000000000000000000000000000000000000000000000000000000000000000000000000000000000000000000000000000000000000000000010000000000000000000000
000000000110000000000000000000000000000000000000000000000000000001100000000000000000000000000000000000000000000000000000000000000000000000000000000000
000000001001000000000000000000110000000000000000000000000000000001100000000000000000000000000000000000000000000000000000000000000000000000000000000000
000000001001000000000000000000110000000000000000000000000000000000000000000000000000000000000000000000000000000000000000000000000000000000000000000000
000000000110000000000000000000000000110000000000000000000000000000000000000000000000000000000000000000000000000000000000000000000000000000000000000000
000000000000000000000000000000000000110000000000011000000000000000000000000000000000000000000000000000000000000000000000000000000000000000000000000000
000000000000000000000000000000000000000000000000011000000000000000000000000000000000000000000000000000000000000000000000000000100000000000000000000000
000000000000000000000000000000000000000000000000000000000000000000000000000000000000000000000000000000000000000000000000000000100000000000000000000000
000000000000000000000000000000000000000000000000000000000000000000000000000000000000000000000001000000000000000000000000000000100000000000000000000000
000000000000000000000000000000000000000100000000000000000000000000000000000000000000000000000010100000000000000001100000000000000000000000000000000000
000000000000000000000000000000000000001010000000000000000000000000000000000000000000000000000010100000000000000001100000000000000000000000000000000000
000000000000000000000000000000000000001010000000000000000000000000000000000000000000000000000001000000000000000000000000000000000000000000000000000000
000000000000000000000000000000000000000100000000000000000000000000000000000000000000000000000000000000000000000000000000000000000000000000000000000000
000000000000000000000000000000000000000000000000000000000000000000000000000000000000000000110000000000000000000000000000000000000000000000000000000000
000000000000000000000000000000000011000000011000000000000000000000001000000000000000000001001111000000000000000000000000000000000000000000000000000000
000000000000000000000000000000000100100000100100000000000000000000010100000000000000000000110111100000000000000000000000000000000000000000000000000000
000000000000000011000000000000000011000000011000000000000000000000001000000000000000000000001100110011000000000000000011100000000000000000000000000000
000000000000000011000000000000000000000000000000000000000000000000000000000000000000000000000011100110000000000000000000000000000000000000000000000000
000000000000000000000000000000000000000100000000000000000000000000000000000001000000000000000001000001000000000000000000000000000000000000000000000000
000000000000000000000000000000000000001010000000000000000000000000000000000010100000000000000000000000000000000000000000000000000000000000000000000000
000000000000000000000000000000000000001010000000000000000000000000000000000010010000000000000000000000000000000000000000000000000000000000000000000000
000000000000000000000000000000000000000100000000000000000000000000000000000001100000000000000000000000000000000000000000000000000000000000000000000000
000000000000000000000000000000000000000000000000000000000000000000000000000000000000000000000000000000000000000000000000000000000000000000000000000000
000000000000000000000000000000000000000000000000000000000000000011000000000000000000000000000000000000111000000000000000000000000000000000000000000000
000000000000000000000000000000000000000000000000000000000000000011000000000000000000000000000000000000000000000000000000000000000000000000000000000000
000000000000000000000000000000000000000000000000000000000000000000000000000000000000000000000001100000000000000000000000000000000000000000000000000000
000000000000011000000000000000000000000000000000000100000000000000000000000000000000000000000001100000000000000000000000000000000000000000000000000000
000000000000100100000000000000000111000000000000000100000000000000000000000000000000000000000000000000011011000000000010000000000000000000000011000000
000000000000101000000000000000000000000000000000000100000000000000000000000000000000000000000000000000000010101100000011011000000000000000100100100000
000000000000010000000000000000000000000000000000000000011000000000000000000000000000000000000000000001001000000000000010000000000000000001010010100000
000000000000000000000000000000000000000000000000000000100100000000000000000000000000000000000000000010000110001100000000000000000000000000100001000000
000000000000010000110000000000000000011000000000000000011000000000000000000010000000000100000000000000000010001100000000000000000000000000000000000000
000000000000101001001000000000000000011000000000000000000000000000000000000011000000011000110000000000000010010000000000000000000000000000000000000000
000000000000010011000100000000000000000000000000000000000000000000000000000100100000011000110000000000000001110000000000000000000000000000000000000000
000000000000010000000100000000000000000000000000000000000000000000000000000001101100011000101100000000000000000000000000000000001100000000011000000000
000000000000001010000100000000000000000000000000000000000000000000000000000000001110000101011000000000000000000000000000000000001100000000100100000011
100000000000000101101000000000000000000000000000000000000000000000000000000001110000000001101000000000000000000000000000000000000000000000010100000101
100010000000000000000000000000000000000000000000000110000000000000000000000011010000000001111100000000000000000000000000000000000000000000001000001001
000111000000000000000000000000000000000000000000001001000000000000000000000010000000000001000100000000000000000000000000000000000000000000000000000110
001001000000000000000000000000000000000000000000001010000000000000000000000001100000000000110000000000000000000000000000000000000000000000000000000000
001100000000001000000000000000000000000000000000000100000000000000000000000000000000000000000000000000000000000000000000000000000000000000000000000000
000000000000001000000000000000000000000000000000000000000000000000000000000000000000000000000000000000000000001110000000000000000000000000000000000000
000000000000001000000000000000000000000001100000000000000000000000000000000001000000000000000000000000000000000000000000000000000000000000000000000000
000000000000000000000000000000000000000001100000000000000000000000000000000001000000000000000000000000000000000000000000000000000011000000000000000000
000000000000000000000000000000000000000000000000000000000000000000000000000001000000000000000000000000000000000000000000000000000100100000000000000000
000000000000000000000000000000000001110000000000000000000000000000000000000000000000000000000000000000000000000000000000000000000100100000000000000000
000000000000000000000000000000000000000000000000000000000000000000000000000000000000000000000110000000000001100000000000000000000011000011000000000000
000000000000000000000000000000000000000000000000000000000000000001100000000000000000000000000110000000000001100000000000000000000000000011000000000000
000000000000000000000000000000000000000000000000000000000000000001100110000000000000011100000000000000000000000000000000000000000000000000000000000000
000000000000000000000000000000000000000000000000000000000000011000000110000000000000000000000000000000000000000000000000000000000000000000000000000000
110000000000000000000000000000000000000000000000000000000000011000000000000000000001000001000000000000000000000000000000000000000000000000000000000000
000000000000000000000000000011000000000000000000000000000000000000000000000000000001000001000000000000000000000000000000000000000000000000001110000001
110000000000000000000000000100100000000000000000000000000000000000000000000001110001000001000000000000000000000000000000000000000000000111000000000001
000000000000000000000000000011000000000000000000000000000000000000000000000010010000000000000000000000011000000000000000000000000000000000001010000010
000100000000001110000000000000000000000000000000000000000000000000000000000001100000011100000000000000011000000000000000000000011000000001000001000010
000100000000001001000000000000000000000000000000000000000000000000000000000000000000000000000000000000000000000000000000000000100100000010100011000010
000000000000001111100000000000000000000000000000000000000000000000000000000000000000000000000000000000000000000000000000000000100100000010010000000001
110001100000000001100000000000000000000000000000000000000000000000000000000000000000000000000000000000000000000000001100000000011000000000000100100001
000010010000001001100001100000000000000000000000000000000000000000000000000000000000000000000000000000000000000000010010000000000000000001000001100000
001100100011000000000001100000000000000000000000000000000000000000000000000001100000000000000000000000000000000000001100000000000000000001100000000001
110011000010000100000000000000000000000000000000000000000000000000000000000010110000000000000000000000001100000000000000000000000000000000001110000000
010010000010000101110000000000000000000000000000000000000000000000000000000110110000000000000000000000011010000000000000000000000000000000000000000000
000000000000111000000000000000000000000000000000000000000000000000000000000010100000001000000000000000011011001100010000000000000000000000000000000000
000000111000001100000000000000000000000000000000000000000000100000000000000001000000001000000000000000000011010000111000000000000000000000000000000000
000000000000001010000000000000000000000000000000000000000001010000000000000000000000000000000000110000000011001110000100000001100000000000000000000000
000000000000011110000000000000000000000000000000000000000001100000000000000000000000000000000000110111110010011100111000000001100000000000000000000000
100000000000010101000000000000000000000000000000000000000000000000000000000000000000000000000000100111110001011100110000000000000000000000000000000000
010000000000110001000000000000000000000000000000000000000000000000011000000000000000000000000000101011010000011100000000000000000000000000000000000001
010000000000010001000000000000000000000000000000000000000000000000011000000000000000000000000000000110100000000000000000000000000000000000000000000001
100000000000010010000000000000000000000000000000000000000000000000000000000000000000000000000000000101000000000000000000000000000000000000000000000000
000000000000000000000000000000000000000000000000000000000000000000000000000000000100000000000000001100000000000000000000000000000000000000000000000000
000000000000000000011000000000000000000000000000000000000000000000000000000000000100000000000000111010100000000000000000000000000000000000000000000000
000000000000000000011000000100000000000000000000000000000000000000000000000000000000000000000000110001110000000000000000000000000000000000000000000000
000000000000000000000000001010000000000000000000000000000000000000000000000000000000000000000000111000011110000000001110000000000000000000000000000000
000000000000000000000000000000000000000000000000000000000000000000000000000000000000000000000000000100000010000000000100001000000000000000000000000000
000000000000000010000000000000000000000000000000000000000000000000000000000000000000000000000000000000100010000000000000001000000100000000000000000000
000000000000000101000000000000000000000000000000000000000000000000000000000000000000000000000000000001001000000000000000000000010100000000000000000000
000000000000000101001100000000000000000000000001000000000000011100000000000000000000000000000000000000000000000000000000000000011100001100000000000000
000000000000000010001100000000000000000000000001000000110000000000000000000000000000000000000000000010010010000000000000011100011000001100000000000000
000000000000000000000000000000000000000000000001000001001000000001000000000000000000000000000000000000010101000000000000000000100000000000000000000000
000000000000000000000000000000000000000000000000000000110000000001000000000000000000000000000000000010010001000000000000000001001000000000000000000000
000000000000000000000000000000000000000000000000000000000000000001000000000000000000000000000000000010011110000000000000000000101000000011000000000000
001100000000000000000000000000000000000000000000000000000000000000000000000000000000000000000000000000111000000000000000000000010000000011000000000000
001010000000000000000000000000000000000000000000000000000000011100000000000000000000000000000000000000000000000000000001000000000000000000000000000000
000101000000000000000000011000000000000000000000000000000000000000000000000000000000000000000000000000000011100011000000101000000000000000000000000000
000010000000000000001100011000000110000000000000000000000000000000000000000000000000000000000000000001010011001101010000101100000000000000000001100000
000000000000000000001100000000000110000000000000000000000000000000000000000000000000000000000000000001110000001111001000101000000000000000000010010000
000000000000000000000000000000000000000000011000000000000000000000000000000000000000000000000000000001100000001001110000110000000000000000000010100000
000000000010000000000000000000000000000000011000000000000000000000000000000000000000000000000000000000000000000111100000000000000000000000000001000000
000000000010000000000000000000000000000000000000000000000000000000000000000000000000000000000000001000000000000010000100000000000000000000000000000000
000000000010000000000000000000000000000000000000000000000000000000000000000000000000000000000000110110000000000000000011000000000000000000000000000010
000000000000000000000000000000000000000000000000000000000000100000000000000000000000000000000000000000000000000000011010000000000000000000000000000101
000000000000000000000000000000000000000000000000000000000001010000000000000000000000000000000000000000000000000001110100000000000000000000000000000101
000000000000000000000000000000001110000000000000000000000001010000000000000000000000000000000000000000110111000001110000000000000000000000000000000010
000000000000000000000000000000000000000000000000000000000000100000000000100000000000000000000000000001001000000000000000000000000000000000000000000000
001100000010000000000000000000000000100000000000000000000000000000000001110000000000000000000000000000111111000000000000000000000000000000000001100000
010010000101000000000000000000000000100000000000000000000000000000000001010000000000000000000000000000110000000000000000000000000000000001000010010000
001100000100100000000110000000000000100000000000000000000000000000000000000000000000000000000000000000000000000000000000000000000000000010100001100000
000000000011000000000110000110000000000000000000000000000000000000000000000000000000000010000001100000000000000000000000000000000000000001100000000000
000000000000000000000000000110000000000000000000000000000000000000000000000100000000000010000001100000000000000000000000000000000000000000000000000010
000000000000000000000000000000000000000000000000000000000000000000000011111000000000000010000000000000000000000000000000000000000000001100000000000101
000000000000000000000000000000000000000000000000000000000000000000000001110000000000000000000000000000000000000000000000000000000000010100000000000101
000000000000000000000000000000000000000000000000000000000000000000000001000000000000000000000000000000011000000000000000000000000000001000000000000010
000000000000000000000000000000000000000000000000000000000000000000000000000000000000000000000000000000011000000000000000000000000000000000000000000000
000000000100000000000000000000000000000000000000000000000000000000000000000000000000000000000001100000000000000000000000000000000000000000000000000000
000000001010000000000000000000000000000000000000000000000000000000000000000000000000000000000001100011000000000000000000000000000000000000000000000000
000000001010000000000000000000000000000000000000000000000000001110000000000000000000000000000000000011000000000000000000000000000000000000000000000000
000000000100000000000000001100000000000000000000000000000000000000000000000000000000000000000000000000000000000000000000000000000000000111000000000000
000000000000000000000000001100000000000000000000000000000000100000100000000000000000000000000000000000000000000000000000000000000000000000000000000000
000000000000000000000000000000000000000000000000000000000001010001010000000000000000000000000000000000000000000000000000000000000000000000000000000000
000000000000000000000000000000000000000000000000000000000001010001010000000000000000000000000000011000000000000000000000000000000000000000000000000000
000000000001000000000000000000000011100000000000000000000000100000100000000000000000000000000000011000000000000000000000000000000000000000000000001100
000000000001000000000000000000000000000000000000000000000000000000000000000000000000000000000000000000000000000000000000000000000000000000000000001100
000000000001000000000000000000000000001000000000000000000000000000000000000000000000000000000000000000000000000000000000000000000000000000000000000000
000000000000000000000000000000011000001000000000000000000000000000000000000000000000000000000000000000000000000000000000000000000000000000000000000000
000000000000000110000000000000011000001000000000000000000000000000000000000000000000000000000000000000000100000000000000000000000000000000000000000000
000000000000001001000000000000000000000000000000000000000000000000000000000000000000000000000000000000000100000000000000000000000000000110000000000000
000000000000000110000000000000000011100000110000000000000000000000000011000000000000000000010000000000000100000000000000000000000000000110000000000000
000000000000000000000001100110000000000000110000000000000000000000000011000000000000000000101000000000000000000000000000000000000000000000000000000000
000000000000000000000001100110011000000000000000000000000000000000000000000000000000000001010000000000000000000000000000000000000000000000000000000000
000000000011000000000000000000011000001100000000000000000000000000100000000000000000000001100000000000000000010000000000000000000000000000000000000000
000000000101000000000000000000000000010010000000000000000000000001010000000000000000000000000000000000000000101000000000000000000000000000000000000000
000110000010000000000000000000000000001100000000000000000000000001010000000000000000000000000000000000000001001000000000000000000000000000001100000000
000110000000000000000000000000000000000000000000000000000000000000100000000000000000000000000000011000000000110000000000011000000000000000010010000000
000000000000000000000000000000000000000000000000000000000000000000000000000000000000000000000000100100000000000000000000011000000000000000010100000000
000000000000000000000000000000000000000000000000000000000000000000000000000000000000000000000000011000000000000000000000000000000000000000001000000000
000000000000000000000000000000000000000000000000000000000000000000000000000000000000000000000000000000000000000000000000000000000000000000000000000000
000000000000000000000000001100000000000000000000000000000000000001100000000000000000000000000000000000000000000000000000000000000000000000000000000000
000000000000000000000000001100000000000000000000000000000000000001100000000000000000000000000000000000000000000000000000000000000000000000000000000000
000000000000000000000111000000000000000000000000000000000000000000000000000000000000000000000000000000000000000000000000000000000000000000000000000000
000000000000000000000000000000000000000000000000000001000000000000000000000000000000000000000000000000000000000000000000000000000000000000000000000000
000000000000000000010000010000000000000000000000000011100000000000000000000000000000000000000000000000000000000000000000000000011000000011000000000000
000000000000000000010000010000000000000000000000000110110000000000000000000000000000000000000000000000000000000000000000000000100100000100100000000000
000000000000000000010000010000000000000000000000001110111000000000000000000000000000000000000000000000000000000000000000000000011000000011000000000000
000000000000000000000000000000000000000000000000000110110000000000000000000000000000000000000000000000000000000000000000000000000000000000000000000000
000000000000000000000000000000000000000000000000000011100000000000000000000000000000000000000000000000000000000000000000000000000000100000000000000000
000000000000000000000000000000000000000000000000000001000000000000000000000000000000000000000000110000000000000000000000000000000001010000000000000000
000000000000011100000000000000000000000000000000000000000000000000000000000000000000000000000000110000000000000000000000000000000001010000000000000000
000000000000000000000000000000000000000000000000000000000000000000000000000000000000000000000000000000000000000000000000000000000000100000000000000000
000000000001000001000000000000000000000001000000000000000000000000000000000000000000000000000000000000000000000000000000000000000000000000000000000000
000000000010100010100000000000000000000010100000000000000000000000000000000000000000000000000000000000000000100000000000000000000000000000000000000000
000000000010100010100000000000000000000010100000000000000000000000000000000000001100000000000000000000000001010000000000000000010000000000000000000000
000000000001000001000000000000000000000001000000000000000000000000000000000000001100000000000000000001001110010000100001110000010100000000010000000000
000000000000000000000000010000000000000000000000000000000000000000000000000000000000000000000000000001001111100001110000001100000010000000101000000000
000000000000000000000000010000000000000000000000000000000000000000000000000000000000000000000001000000000011000011010010001100001100000000101000000000
