000000000000000000000110000000000000000010100000000000000000000000000000000000000011000000000000000000000000000000000000000000000000001000010000000000
000000000000000000001001000000000000000000000000000000000000000000000000000000000000000000000000001000000000000000000000000000000000001000000000000000
000000000000000000000110000000000000000000000000000000000000000000000000000000000000000000000000001000000000000000000000000000000000001000000000000000
000000000000000000000000000000000000000000000000000000000000000000000000000000000000000000000000001000000000000000000011000000010000000000000000000000
000000000000000000000000000000000000000000000000000000000000000000000000000111000000000000000000000000000000000000000100100000010000000000000000000000
000000000000000000000000000000000000000000000000000000000000000000000000000011100000000000000000000000000000000000000010100000010000000000000000000000
000000000110000000000000000000000000000000000000000000000000000001100000000001100000000000000000000000000000000000000001000000000000000000000000000000
000000001001000000000000000000000000000000000000000000000000000001100000000000000000000000000000000000000000000000000000000000000000000000000000000000
000000001001000000000000000000000000000000000000000000000000000000000000000000000000000000000000000000000000000000000000000000000000000000000000000000
000000000110000000000000000000000000000000000000000000000000000000000000000000000000000000000000000000000000000000000000000000000011100000000000000000
000000000000000000000000000000000000000000000000000000000000000000000000000000000000000000000000000000000000000000000000000001100001100000000000000000
000000000000000000000000000000000000000000000000000000010000000000000000000000000110000000000000000000000000000000000000000010000010010000000000000000
000000000000000000000000000000000000000000000000000000010000000000000000000000000110000000000000000000000000000000000000000000001101001000000000000000
000000000000000000000000000000000000000000000000000000010000000000000000000000000000000000000001000000000000000000000000000000000100010000000000000000
000000000000000000000000000000000000000000000000000000000000000000000000000000000000000000000010100000000000000000000000000000000001000001100000000000
000000000110000000000000000000000001100000000000000000000000000000000000000001110000000000000010100000000000000000100000000000000000000010010000000000
000000000110000000000000000000000001100000000000000000000000000000000000000001111100000000000001000000000000000001010000000000000000000001100000000000
000000000000000000000000000000000000000000000000000000000000000000000000000000001100000000000000000000000000000000100000000000000000000000000000000000
000000000000000000000000000000000000000000000000000000000000000000000000000101000000000000110000000000000000000000000000000000000000000000000000000000
000000000000000000000000000000000000000000000000000000000000000000001000000101000000000001001000000000000000000000000000000000000000000000000000000000
000000000010000000000000000000000000000000000000000000000000000000010100000100000000000000110000000000000000000000000000000000000000000000000000000000
000001100101000011000000000000000000000000000000000000000000000000001000000010000000000000000000000000000000000000000000000000000000000000000000000000
000001100101000011000000000000001000000000000000000000000000000000000000000001100000000000000001000000000000000000000000000011000000000000000000000000
000000000010000000000000000000001000000000000000000000000000000000000000011011000000000000000010100000000000000000010000000011000000000000000000000000
000000000000000000000000000000001000000000000000000000000010000000000000011011000000000000000010100000000000000000010000000000000000000000000000000000
000000000000000000000000000000000000000000000000000000000101000000000000000100000000000000000001000000000000000000010000000000000000000000000000000000
000000000000000000000000000000000000000000000000000000000100100000000000000000000000000000000000000000000000000000000000000000000000000000000000000000
000000000000000000000000000000000000000000000000000000000011000000000000000000000000000000000000000000000000000000000000000000000000000000000000000000
000000000000000000000000000000000000000000000000000000000000000000000000000000000000000000000000000000000000000000000000000000000000000000000000000000
000000000000000000000000000000000000000000000000000000000000000000000000000000000000000000000000000000000000000000000000000000000000000000000000000000
000000000000000000110000000000000000000000000000001000000000000000000000000000000000000000000000000000000000000000000000000000000000000000000000000000
000000010000000000110000000000000000000000000000010100000000000000000000000000000000000000000000000000000000000000000100000000000000110000000000000000
011000111100000000000000000000000111000000000000001100000000000000000000000000000000000000000000000000000000000000001100000000000000000000000000000011
011001001111100000000000001100000000000000000000000000000000000000000000000000000000000011000000000000000000000000010100000000000000000000000000000011
000001100000100000010000010010000000000000000000000000000000000000000000000000000000000011000000000000001100000000110000000000000000000000000000000000
000000011010000000101000100000000000000000000000000000000000000000000000000000000000000000000000000000001100000000010010000000000110000000000000000000
000000110010000000100100010010000000011000000000010000000000000000000000000000000000000000000000000000000000000000001011000000000001000000000000000000
000000010110000000011000010001000000011000000000010000000000000000000000000000000000000000000000000000000000000000000110000000001010000000000000000000
000000001100000000000000010001000000000000000000010000000000000000000000000000000000000000000000000000000000000000000000000000000100000000000000000000
000000000000100000000011001010000000000000000000000000000000000000000000000000000000000000000000000000000000000000000000000000000000000000000000000000
000000000000100000000011000100000000000000000000000000000000000000110000000000000000000000000000000000000000000000000000000000000000000000000000000000
000000000000100000000001000000000000000000000000000000000000000001001000000001000000000000000000000000000000000000000000000010000000000000000000000000
000000000000000000000100000000000000000000011100000000000000000000101000000001000000000000000000000000000000000000000000000111100000000000000000000000
000000000000000000000100000000000000000000011100000110000000000000010000000001000000000010000000000000000000000000000000001101110000000000000000000000
000000000000000000000000000000000000000000100000111001000000000000000000000000000000000101000000000000000000000000000000001100111000000000000000000000
000000000000000000000000000000000000000000011110000110000000000000000000011100011100000011000000000000000000000000000000000000100000000000000000000000
000000000000000000000000000000000000000011011010000100000000000000000000000000000000000000000000000001000000000000000000000000011000000000000000000000
000000000000000000000000000000000000001000100000101000000000000000000000000001000000000000000110000010100000000000000000000100010000000000000000000000
000000000000001000000000000000000000001000100000010000000000000000000000000001000000000000000110000010100000000000000000001010000000000000000000000000
000000000000001000000000000000000000000011000000000000000000000000000000000001000000000000000000000001000000000000000000011000000000000000000000000000
000000000000001000000000000000000000000001000000000000000000000000000000000000000000000000000000000000000000000000000000011100000000000000000000000000
000000000000000000000000000000000000000000000000000000000000000000000000000000000000000000000000110000000000000000000000001000000000000000000000000000
000000000000000000000000000000000000000000000000000000000000000000000000000000000000000000000001001000000000000000000000001101000000000000000000000000
000000000000000000000000000000000000000000000000001100000000000000000000000000000000000000000000110000000000000000000000000101000000000000000000000000
000000000000000000000000000000000000000000000000001100000000000000000000000000000000000000000000000000000000000000000000000111000000000000000000000000
110000010000000000000000000000000000000000000000000000000000000000000000000000000000000000000000000001000000000000000000000000000000000000000000000000
110000101000000000000000000000000000000000000000000000000000000000000000000000000000000000000000000010100000000000000000000000000000000000000000000000
000000011000000000000000000000000000000000000000000000000000000000011100000001100000000000000000000010100000000000001100000000000000000000000000000100
000000000000000000000000000000000000000000000000000000000000000000000000000010010000000000000000000001000000000000001100000000000000001100000000001010
000000000000000000000000000000000000000000000000000000000000000000000000000001010000000000000000000000000000000000000000000000000000001100000000001001
000000001100000000000000000000000000000000000000000000000000000000000000000000100000000000000000000000000000000000000000000000000000000000000000000110
000000001010000000000000000000000000000000000000000000000000000000000000000000000000000000000000000000000110000000000000000000000000000000000000000000
000000000100000000000000000000000000000000000000000000000011000000000000000000000000000000000000000000000110000000000000000000000000000000000000000000
000000000000000000000000000000000000000000000000000000000011000000000000000000000000000000000000000000000000000000000000000000000000000000000000000000
000000000000000000000000000000000000000000000000000000000000000000000000000000000000000000000000000000000000000000000000000000000000000000000000000000
000000000000000000000000000000000000000000000000000000000000000000000000000000000000000000000000000000000110000000000000000000000000000000000000000000
000000000000000000000000000000000000000001100000000000000000000000000000000000000000000100000000000000000110000000000000000000000000000000000000000000
000000000000000000000000000000000000000001100000000000000000000000000000000000000000001010000000001000000000000000000000000000000000000000000000000000
000000000010000000000000000000000000000000000000000000000000000000000000000000000000000100000000010100000000000000000000000000000000000000000000000000
000000000101000000000000000000000000000000000000000011000000000000000000000000000000000000000000010010000000000000000000000000000000000000000000000000
000000000101000000000000000000000000000000000000000011000000000000000000000000000000000000000000001100000000000000000000000000000000000000000000000000
000000000010000000000000000000000000000000000000000000000000000000110000001100000000000000000000000000000010000000000000000000000000110000000000000000
000000000000000000000000000000000000000000000000000000011000000000110000001010000000000000000000000000000010000000000000000000000001001000000000000000
000000000000000000000000000000011000000000000000000000011000000000000000000110000000000000000000000000000010000000000000000000000001001000000000000000
000000000000000000000000000000001010000000000000000000000000000000000000000000000000000000000000000000000000000000000000000000000000110000000000001100
000000000000000000000000000000000000000000000000000000000000000000000000000000000000000000000000000000000000000000000000010000000000000000000000010010
000000000000000000000000000010000101000000000000000000000000000000000000000000000000000000000000000000000000000000000000101000000000000000000000001100
000000000000000000000000000101000010000110000000000000000000000000000000000000000000000000000000000000000000000000000000101000001100000000000000000000
000000000000000000000000000101000011000110000000000000000000000000000000000000000000000000000000000000000110000000000000010000010100000000000000000000
000000000000000000000000000010000100100000000000000000000000000000000001111110000000000000000000000000000110000000000000000000001000000000000000000000
000000000000000000000000000000001100100000000000000000000000000000000001011110000000001100000000000000000000000000000000000000000000000000000000000000
000000000000000000000000001100010000100000000000000000000000000000000001111000000000001100000000000000000000000000000000000000000000000000000000000000
000000000000000000000000011110100000000000000000000000000000000000000000000000000000000000000000000000000000000000000000000000000000000000000000000000
000111000000001000000000110100110011100000000000000000000000000000000000000000000000000000000000000000000000000000000000000000000000000000000000000000
000000000000001000000001100000000000100000000000000000000000000000000000000000000000000000000000000000000000000000000000000000000000000000000000000000
010000000000001000000000110000000001000000000000000000000000000000000000000000000000000000000000000000000000000000000000000000000000000000000000000000
010000000000000000000000010000000000101000000000000000000000000000000000000000000000000000000000000000000000000000000000000000000000000000000000000000
010000000000000000000000011000000000101000000000000000000000000111000000000001100000110000000000000000000000000000000000110000000001000000000000000000
000000000000000000000000000000000000001000000000000000000000000000000000000001100001001000000000000000000000000000000000010000000001000000000000000000
000000000000000000000000001001100001001000000000000000000000000000000000000000000000110000000000000000000000000000000000000000000001000000000000000000
000000000000000000000000000111000000000000000000000000000000000000000000000000000000000000000000000000000000000000000000000100000000000000001100000000
000011000000111000000000000010000001010000000000000000000000000000000000000000000000000000000000000000000000000000000000001100000000000000001100000000
000011000001001000000000000000000000000000000000000000000000000000000000000000000000000000000000000000000000000000000000000000000000000000000000000000
000100100010000000000000000000000000000000000000000000000000000000000000000000000000000000000000000001100000000000000000000000000000000000000000000000
100011010001001000000000000000000000000000000000000000000000000000000000000000000000000000000000000001100000000000000000000000000000110000000000000001
100011010000111000000000000100000000000000000000000000000000000000000000000000000000000000000000000000000000000000000000000000000000110000000000111001
000000100000000000000011001100000000000000000000000000000000000000000000000000000000000000000000000000000000000000000000000000000000000000000000100111
000000000000000000000111001000000000000000000000000000000000000000000000000000000000000000000000000000000000000000000000000000000000000000000000110110
000000000000000000000100000000000011100000000000000011000000000000000000000000000000000000000000000000000000000000000000000000000000000000000000001110
000000000000000000000010001000000001011000000000000100100000000000000000010000000000000000000000000000000000000000000000000000000000000000000000000000
000000000000000000010000110010000001110000000000000011100000000000000000101000000000000000000000000000000000000000000000000000000000000000000000000000
000000000000000000011000000010000000100000000000000000100000000000000001101100000000000000000000000000000000000000000000000000000000000000000000000000
000000010000000000000100010000000000000000000000000010100000000000000001000000000000000000000000000000000000000000001000000000000000000000000000000011
100000101010000000000010011100000000000000000000000110110000000000000101000000000000000000000000000000000000000000010100000000000000000000000000000010
100001011110000000000001110000000000100000000000000010100000000000000011000000000000000000000000000000000000000000100100000000000000000000000000000000
110110001110000000000000010000000001010000011000000001000000000000101000010000000000000000000000000000000000000000011000000000000000001100000000000010
101100111000000000000000000000000110001000100100000000000000000001100000010110000000000000000000000000000000000000000000000000000000010100000000000010
100010111000000000000000000000000110000100010100000000000000000001100000000111100000000000000000000000000000000000000000000000000000001000000000000001
000101000100000000000000000000011000001100001000000000000000010100001111000001010000000000000000000000000000000000000000000000000000000000000000000000
000101101100000010000000000000010011110100000000000000000000101100000001000010001000000000000000000000000000000000000000000000000000000000000000000000
001000000000000101001100000000110000000000000000000000001100001100000001000001010000000000000000000000000000000000000000000000000000000000000000000000
110000000000001001001100000000010010000100000000000000001011010000011001101111100000100000000000000000000000000000000000000000000000000000000000000000
000000000000000110000000000000010000000100000000000000000011000000001000001010000001010000000000000000000000000000000000000000000000000111000000001100
000000000000000000000000000110001100000100000000000000000010000000000100110010000010010000000000000000000000000000000000000000000000000000000000001100
000000000000000000000000000110000000000000000000000000000010110000000111110100000001100000000000000000000000000000000000000000000000000000000000000000
000000000000000000000000000000000000000000011000000000000100000000001100011000000000000000000000000000000000000000000000000000000000000000000000000000
000000000000000000000000000000001100000000011000000000000000110000111011001000000000000000000000000000000000000000000000000000000000000000000000001100
000000000000000000000000000000001010000000000000000000000000000000101100010000000000000000000000000000000000000000000000000000000000000000000000001100
000000000000000000000000000000000000000000000000000000000000000001110000000000000000000000000000000000000000000000000000000000000000000000000000000000
000000000000000000000000000000000100000111010000000000000000000000000000110000000000000000000000000000000000000000000000000000000000000000000000000000
000000000000000000000000000000000100000010010000000000000000000000000000000000000000100000000000000000000000000000000000000000000000000000000000000000
000000000000000000000000000000010011000010000000000000000000000000000000000000000001010000000000000000000000000000000000000000000000000110000000000000
000000000011000001100000000000010010011010000000000000000000000000000000000000000001010000000000000000000000000000000000000000000000000110000000000000
000000000011000001100000000000001110000000100000000000000000000000000000000000000000100000000000000000000000000000000000000000000000000000000000000000
000000000000000000000000000000000000000011000000000000000000000000000000000000000000000000000000000000000000000000000000000000000000000000000000000000
000000000000000000000000000000000000100011000000000000000000000000110000000000000000000000000000000000000000010000000000000000000000000000000000000000
000000000000000000000000000000000001101010000000000000000000011001001000000000000000000000000000000000000000101000000000000000000000000000000000000000
000000000000000000000000000000000010110110000000000000000000100010001000000000000000000000000000000000000001001000000000000000000000000000001100000000
000000000000000000000000000000000010001110000000000000000000010000001000000000000000000000000000000000000000110000000000011000000000000000010010000000
000000000000000000000000000000000011001100000000000000000000010000000000000000000000000000000000000000000000000000000000011000000000000000010100000000
000000000000000000000000000000000011100000000000000000001000001000110000000000000000000000000000000000000000000000000000000000000000000000001000000000
000000000000000000000000000000000001100000000000000000010100001010000000000000000000000000000000000000000000000000000000000000000000000000000000000000
000000000000000000000000000000000000000000000000000000010100000100000000000000000000000000000000000000000000000000000000000000000000000000000000000000
000000000000000000000000000000000000000000000000000000001000000000000000100000000000000000000000000000000000000000000000000000000000000000000000000000
000000000000000000000000000000000000001100000000000000000000000000000001010000000000000000000000000000000000000000000000000000000000000000000000000000
000000000000000000001100000000000000001100000000000000000000000000000001010000000000000000000000000000000000000000000000000000000000000000000000000000
000000000000000000001100000000000000000000000000000000000000000000000000100000000000000000000000000000000000000000000000000000011000000011000000000000
000000000000000000000000000000000000000000000000000000000000000000000000000000000000000000000000000000000000000000000000000000100100000100100000000000
000000000000000000000000000000000000000000000000000000000000000000000000000000000000000000000000000000000000000000000000000000011000000011000000000000
000000000000000000000000000000000000000000000000000000000000000000000000000000000000000000000000000000000000000000000000000000000000000000000000000000
000000000000000000000000000000000000000000000000000000000000000000000000000000000000000000000000000000000000000000000000000000000000100000000000000000
000000000000000000000000000000000000000000000000000000000000000000000000000000000001000000000000110000000000000000000000000000000001010000000000000000
000000000000000000000000000000000000000000000000000000000000000000001100000000000001000000000000110000000000000000000000000000000001010000000000000000
000000000000000000000000000000000000000000000000000000000000000000001100000000000001000000000000000000000000000000000000000000000000100000000000000000
000000000000000000001100011000000000000000000000000000000000000000000000000000000000000000000000000000000000000000000000000000000000000000000000000000
000000000000000000010010011000000000000000000000000000000000000000000000000000001000000000000000000000000000000000000000000000000000000000000000000000
000000000000000000010100000000000000000000000000100000000000000000000000000000010110000000000000000000000000000000000000000000000000000000000000000000
000000000000000000001000000000000000000000000001010000000000000000000000000000110110000000000000000000000000000000000000000000000000000000010000000000
000000000000000000000000000000000000000001000001010000000000000000000000000000001011000000000000000000000000000000000000000000000000000000101000000000
000000000000000000000000000000000000000011000000100000000000000000000000000000000011000000000000000000000000000000000000000000000000000000101000000000
