000000000000000000000000010000000000010000000000000000000000000000000000000000000000000000000000000000000000000000000000000000000000001000010000000000
000000000000000000000000000000000000011000000000000000000000000000000000000000000000000000000000001000000000000000000000000000000000001000000000000000
000000000000000000000000000100000000101000011000000000000000000000000000000000000000000000000000001000000000000000000000000000000000001000000000000000
000000000000000000000000000101000000000000011000000000000000000000000000000000000000000000000000001000000000000000000011000000010000000000000000000000
000000000000000000000000000110000000000000000000011100000000000000000000000000000000000000000000000000000000000000000100100000010000000000000000000000
000000000000000000000000000000000000000000000000000000000000000000000000000000000000000000000000000000000000000000000010100000010000000000000000000000
000000000110000000000000000000000000000000000001000001000000000001100000000000000000000000000000000000000000000000000001000000000000000000000000000000
000000001001000000000000000000000000000000000001000001000000000001100000000000000000000000000000000000000000000000000000000000000000000000000000000000
000000001001000000000000000000000000000000000001000001000000000000000000000000000000000000000000000000000000000000000000000000000000000000000000000000
000000000110000000000000000000000000000000000000000000000000000000000000000000000000000000000000000000000000000000000000000000000000000000000000000000
000000000000000000000000000000000110000000000000011100000000000000000000000000000000000000000000000000000000000000000000000000000000000000000000000000
000000000000000000000000000000001010000000000000000000000000000000000000000000000000000000000000000000000000000000000000000000100000000000000000000000
000000000000000000000000000000011100000000000000000000000000000000000000000000000000000000000000000000000000000000000000000000100000000000000000000000
000000000000000000000000000000000000000000000000000000000000000000000000000000000000000000000001000000000000000000000000000000100000000000000000000000
000000000000000000000000000000000000000000000000000000000000000000000000000000000000000000000010100000000000000001100000000000000000000000000000000000
000000000110000000000000000000000000000000000000000000000000000000000000000000000000000000000010100000000000000001100000000000000000000000000000000000
000000000110000000000000000000000100100000000000000000000000000000000000000000000000000000000001000000000000000000000000000000000000000000000000000000
000000000000000000000000000000000111000000000000000000000000000000000000000000000000000000000000000000000000000000000000000000000000000000000000000000
000000000000000000000000000000000010000000000000000000000000000000000000000000000000000000110000000000000000000000000000000000000000000000000000000000
000000000000000000000000000000000000000000000000000000000000000000001000000000000000000001001000000000000000000000000000000111000000000000000000000000
000000000010000000000000000000000000000000000000000000000000000000010100000000000000000000110000000000000000000110000000000000000000000000000000000000
000000000101000011000000000000000000000000000000000000000000000000001000000000000000000000000000000000000000000110000000000000000000000000000000000000
000000000101000011000000000000001000000000000000000000000000000000000000000000000000000000000001000000000000000000000000000000000000000000000000000000
000000000010000000000000000000001000000000000000000000000000000000000000000001000000000000000010100000000000000000000000000000000001100000000000000000
000000000000000000000000000000001000000000000000000000000000000000000000000010100000000000000010100000000000000000000000000000000001100000000000000000
000000000000000000000000000000000000000000000000000000000000000000000000000010010000000000000001000000000000000011100000000000000000000100000000000000
000000000000000000000000000000000000000000000000000000000000000000000000000001100000000000000000000000000000000000000000000000000000000100000000000000
000000000000000000000000000000000000000000000000000000000000000000000000000000000000000000000000000000000000000000000000000000000000000100000000000000
000000000000000000000000000000000000000000000000000000000000000011000000000000000000000000000000000000000000000000000000000000000001100000000000000000
000000000000000000000000000000000000000000000000000000000000000011000000000000000000000000000000000000000000000000000000000000000010010000000000000000
000000000000000000000000000000000000000000000000000000000000000000000000000000000000000000000000000000000000000000000000000000000001010000000000000000
000000110000000000000000000000000000000000000000000100000000000000000000000000000000000000000000000000000000000000000000000000000000100000000000000000
000000110000000000000000000000000111000000000000000100000000000000000000000000000000000000000000000000000000000000000000000000000000000000000000000000
000000000000000000000000000000000000000000000000000100000000000000000000000000000000000011000000000000000011000000000000010000000000000000000000000000
000000000000000000000000000000000000000000000000000000011000000000000000000000000000000011000000000000000011000000000000101000000001100000000000000011
000000000000000000000000000000000000000000000000000000100100000000000000000000000000000000000000000000000100000000000001000100000000100000000000000011
000000000000000000000000000000000000011000000000000000011000000000000000000000000000000000000000000000000000000000000001000100000100000000000000000000
000000000000100000000000000000000000011000000000000000000000000000000000000000000000000000000000000000000000000000000001000100000110000000000000000000
000000000001010000000000000000000000000000000000000000000000000000000000000000001000000000000000000000000000100110000000101000000000000000000000000000
000000000001010000000000000000000000000000000000000000000000000000000000000000010010000000000000000000000000100000100000010011100000000000000000000000
000000000000100000000000000000000000000000000000000000000000000000000000000000010010000000000000000000000010100101000000000010010000000000000000000000
000000000000000000000000000000000000000000000000000000000000000000000000000000000100000000000000000000000001000010000000000100010000000000000000000000
000000000000000000000000000000000000000000000000000110000000000000000000000000000000000000000000000000000000000000000011001100100000000000000000000000
000000000000000000000000000000000000000000000000001001000000000000000000000000000000000010000000000000000000000000000101111110000000000000000000000000
000000000000000000000000000000000000000000000000001010000000000000000000000000000000000101000000000000000000000000001101100110000000000000000000000000
000000000000000000000001100000000000000000000000000100000000000000000000000000000000000011000000000000000000000000000110100010000000000000000000000000
000000000000000000000010010000000000000000000000000000000000000000000000000000000000000000000000000001000000000000000010000010000000000000000000000000
000000000000000000000001100000000000000001100000000000000000000000000000000001000000000000000110000010100000000000000001110100001100000000000000000000
000000000000000000000000000000000000000001100000000000000000000000000000000001000000000000000110000010100000000000000000001000001100000000000000000000
000000000000000000000000000000000000000000000000000000000000000000000000000001000000000000000000000001000000000000000000000000000000000000000000000000
000011000000000000011000000000000000000000000000000000000000000000000000000000000000000000000000000000000000000000000000000000000000000000000000000000
000001100000000000000000000000000000000000000000000000000000000000000000000000000000000000000000110000000000000000000000000000000000000000000000000000
001001000000000000000000001000000000000000000000000000000000000001100000000000000000000000000001001000000000000000000000110000000000000000000000000000
001100000000000000000000010100000000000000000000000000000000000001100110000000000000000000000000110000000000000000000000110000000000000000000110000000
100100100000001010000000010100000000000000000000000000000000011000000110000000000000000000000000000000000000000000000000000000000000000000000110000011
010101000000001010000000001000000000000000000000000000000000011000000000000000000000000000000000000001000000000000000000000000000000000000000000000011
010000000000001001000000000000000000000000000000000000000000000000000000000000000000000000000000000010100000000000000000000000000000000000000000000000
011000000000000111000000000000110000000000000000000000000000000000000000000001100000000000000000000010100000000000000000000000000000000000000000000000
000000000001101011000001110001001000000000000000000000000000000000000000000010010000000000000000000001000000000000000000000000000000000000000000000000
000000000001101100000000000000110000000000000000000000000000000000000000000001010000000000000000000000000000000000000000000000000000000000000000000000
000000000000011100000000000000000000000000000000000000000000000000000000000000100000000000000000000000000000000000000000000000010100000000000000000000
000000000000000000000000001000000000000000000000000000000000011000000000000000000000000000000000000000000000000000000000000000011000000000000000000000
000000000000000000000000010100000000000000001100000000000000011000000000000000000000000000000000000000000000000000000100000000001000000000000000000000
011000000000000000000000010100000011000000001100000000000000000000000000001000000000000000000000000000000000000000001010000000000000000000000000000000
010000000000000000000000001000000100000000000000000000000000000000000000010000000000000000000000000000001110000000000100000000000000000000000000000000
001110000000000000000000000000011000010000000000000000000000000000000000001000000000000000000000000000001000101000000000010000000000000000000000000000
000001000000000000000000000000010000010000000000000000000000000000000000000000000000000100000000000000000100001000000000010000000000000000000000000000
110011100000000000000000000000010001001000000000000000000000000000000011000000000000001010000000001000000010000000000000110000000000000000000000000000
111001100000000000000000000000001101111100000000000000010000110000000011100101000000000100000000010100000000000000000011011000000000000000000000000000
110001000000000000000000000000000001101100000000000000010001001000000100000101000000000000000000010010000000000000000011000100000100000000000000000000
001001000000000000000000000000000000101000000000000000010000110000000000000101000000000000000000001100000000000000000100001100000100000000000000000000
001110000000000000000000000000000000010000000000000000000000000000000000000010000000000000000000000000000011000000001101100000000100000000000000000000
000000000000000000000000000001000000000000000000000000000000000000000000000010000000000000000000000000000100100000011111000001100000000000000000000000
000000000000000000000000000010100000000000000000000000000000000000000000000000000000000000000000000000000011000001000001000001010000000000000010100000
000000000000000000000000000110110000000000000000000000000000000000000000011000000000000000000000000000000000000010000001100000100000000001100000010000
000000000000000000000000000000000000000000000000000000000000000000000000100000000000000000000000000000000000000000000000000000110000000001100100011010
000000000000000000000000000000000000000000000000000000000000000000000000011000000000000000000000000000000000000011010011100000110000000000000000000010
000000000000000000000000000000000000000000000000000000000000000000000000110000000000000000000000000000000000000000000011000000101000000000000000000000
000000000000000000000000011000000000000000000000000000000000000000000001110000000000000000000000000000000000000000000000100000010000000000000001101100
000000000000000000000000010000000000000000000000000000000000100000000000100000000000000000000000000000000000000000000000011100000000000000000001110000
000000000000000000000000000100000000000100000000000000000001100001100110010000000000000000000000000000000000000000000000001010000000000000000000000000
000000000000000000000000000000000000000110000000000000000011000001000011000000000000000000000000000000000000000000000000010000110000000000000000110000
000000000000000000000000000000000000001011000111000000000001100010100000000000000000000000000000000000000000000011010001000001110000000000000000000000
000000000000001000000000000000000000000000001100000000000000100011000000000000000000000000000000000000000000000000000011010000000001000000000000010000
000000000000010100000000000000000000110100010101100000000000000110000000000000000000000000000000000000000000000010000011001100000000110000000000110100
000000000000100100000000000000000000011000001101100000000000000010011000000000000000000000000000000000000000000001000001000001000001110000000001000010
000000000000011000000000000000000000001000001000000000000000000001110000100000000001100000000000000000000000000000011100010000101101010000000001000100
000000000000000000000000000000000000000000000111000000000110000000100000000000000110010000000000000000000000000000001100100000100011100000000001001000
110000000000000000000000000000000000000000000110000000000110000000000000000000001110010000000000000000000000000000000100001100011011000000000000111000
110000000000000011000000000000000000000000000000000000000000000000000000000000011001100000000000000000000000000000000010001000000011000000000000000000
000000000000000100100000000000000000000000000000000000000000000000000000000000000000000000000000000000000000000000000010001000000000000000000000000000
000000000000000011000000000000000000000000000000000000000000000000000000000001000100000000000000000000000000000000000001110000000000000000000000000000
000000000000000000000110000000000000000000000000000000000000000000000000011011000000000000000000000000000000000000000000000000000000000000000000000000
000000000010000000000110011100011100000000000000000000000000000000000000011010000010000000000000000001100000000000000000000000000000000000000000000000
000000000010000000000000000000000000000000000000000010000000000000000001010100000000000000000000000001100000000000000000000000000000000000000000000000
000000000010000000000000000001000000000000000000000101000000000000000001100010000100000000000000000000000000000000000000000000000000000001000110000000
000000000000000000000000000001000000000000000000000101000000000000000000000100000000000000000000000000000000000000000000000000000000000000000001000000
000000000000000000000000000001000000000000000000000010000000000000000000001100000000000000000000000000000000000000000000000000000000001000000001000000
000000000000000000000000000000000000000000000000000000000000000000000000000000000000000000000000000000000000000000000000000000000000000000000010000000
000000000000000000000000000000000000001100000000000000000000000000000000001111000100000000000000000000000000000000000000000000000000000100001100000000
000000000010000000000000000000000000001100000000000000000000000000000000000000001000000000000000000000000000000000000000000000000000000000100000000000
000000000101000000000000000000000000000000000000000000000000000000000000000000000000000000000000000000000000000000000000000000000000000000000000000000
000000000100100000000110000000000000000000000000000000000000000000000000011100000000000000000000000000000000000000001000000000000000000000000000000000
000000000011000000000110000110000000000000000000000000000000000000000000100010000000000000000000000000000000000000010100000000000000000000000000000000
000000000000000000000000000110000000000000000000000000000000000000000000100010000000000000000000000000000000000000100100000000000000000000000000000000
000000000000000000000000000000000000000000000000000000000000000000000000000001000000000000000000000000000000000000011000000000000000001100000000000000
000000000000000000000000000000000000000000000000000000000000000000000000001010000000000000000000000000000000000000000000000000000000010100000000000000
000000000000000000000000000000000000000000000000000000000000000000000000000000000000000000000000000000000000000000000000000000000000001000000000000000
000000000000000000000000000000000000000000000000000000000000000000000000000000000000000000000000000000000000000000000000000000000000000000000000000000
000000000100000000000000000000000000000000000000000000000000000000000000000000000000000000000000000000000000000000000000000000000000000000000000000000
000000001010000000000000000000000000000000000000000000000000000000000000000000000000000000000000000000000000000000000000000000000000000000000000000000
000000001010000000000000000000000000001100000000000000111000000000000000000000000000000000011000000000000000000000000000000000000000000000000000000000
000000000100000000000000001100000000001100000000000000000000000000000000000011000000000000100100000000000000000000000000000000000000000111000000000000
000000000000000000000000001100000000000000000000000010000010000000000000000100100000000000011000000000000000000000000000000000000000000000000000000000
000000000000000000000000000000000000000000000000000010000011000000000000000101000000000000000000000000000000000000000000000000000000000000000000000000
000000000000000000000000000000000000000000000000000010000000000000000000000100000000000000000000000000000000000000000000000000000000000000000000000000
000000000001000000000000000000000011100000000000000000000010010000000000011011000000000000000000000000000000000000000000000000000000000000000000001100
000000000001000000000000000000000000000000000000000000110000001000000000111100100000000000000000000000000000000000000000000000000000000000000000001100
000000000001000000000000000000000000001000000000000000001100000100000000011100100000000000000000000000000000000000000000000000000000000000000000000000
000000000000000000000000000000011000001000000000000000000100000000000000000011000000000000000000000000000000000000000000000000000000000000000000000000
000000000000000110000000000000011000001000000000000000000000001000000000000111000000000000000000000000000000000000000000000000000000000000000000000000
000000000000001001000000000000000000000000000000000000000011000000000000010000000000000000000000000000000000000000000000000000000000000110000000000000
000000000000000110000000000000000011100000110000000000001000000000000000000000000000000000000000000000000000000000000000000000000000000110000000000000
000000000000000000000001100110000000000000110000000000011000100000000000011100000000000000000000000000000000000000000000000000000000000000000000000000
000000000000000000000001100110011000000000000000000000000000110000000000000000000000000000000000000000000000000000000000000000000000000000000000000000
000000000011000000000000000000011000001100000000000000001100001001000000000000000000000000000000000000000000010000000000000000000000000000000000000000
000000000101000000000000000000000000010010000000000000011100110000100000000000000000000000000000000000000000101000000000000000000000000000000000000000
000110000010000000000000000000000000001100000000000000010000010111000011000000000000000000000000000000000001001000000000000000000000000000001100000000
000110000000000000000000000000000000000000000000000000011100001110000100100000000000000000000000000000000000110000000000011000000000000000010010000000
000000000000000000000000000000000000000000000000000000000000001000000011000000000000000000000000000000000000000000000000011000000000000000010100000000
000000000000000000000000000000000000000000000000000000000000000000000000000000000000000000000000000000000000000000000000000000000000000000001000000000
000000000000000000000000000000000000000000000000000000000000000000000000000000000000000000000000000000000000000000000000000000000000000000000000000000
000000000000000000000000001100000000000000000000000000000000000000000000000000000000000000000000000000000000000000000000000000000000000000000000000000
000000000000000000000000001100000000000000000000000000000000001000000000000000000000000000000000000000000000000000000000000000000000000000000000000000
000000000000000000000111000000000000000000000000000000000000010100000000000000000000000000000000000000000000000000000000000000000000000000000000000000
000000000000000000000000000000000000000000000000000000000000010100000000000000000000000000000000000000000000000000000000000000000000000000000000000000
000000000000000000010000010000000000000000000000000000000000001000000000000000000000000000000000000000000000000000000000000000011000000011000000000000
000000000000000000010000010000000000000000000000000000000000000000000000000000000000000000000000000000000000000000000000000000100100000100100000000000
000000000000000000010000010000000000000000000000000000000000000000000000000000000000000000000000000000000000000000000000000000011000000011000000000000
000000000000000000000000000000000000000000000000000000000000000000000000000000000000000000000000000000000000000000000000000000000000000000000000000000
000000000000000000000000000000000000000000000000000000000000000000000000000000000000000000000000000000000000000000000000000000000000100000000000000000
000000000000000000000000000000000000000000000000000000000000000000000000000000000000000000000000110000000000000000000000000000000001010000000000000000
000000000000011100000000000000000000000000011000000000000000000000000000000000000000000000000000110000000000000000000000000000000001010000000000000000
000000000000000000000000000000000000000000100100000000000000000000000000000000000000000000000000000000000000000000000000000000000000100000000000000000
000000000001000001000000000000000000000000011000000000000000000000000000000000000000000000000000000000000000000000000000000000000000000000000000000000
000000000010100010100000000000000000000000000000000000000000000000000000000000000000000000000000000000000000000000000000000000000000000000000000000000
000000000010100010100000000000000000000000000000000000000000000000000000000000001100000000000000000000000000000000000000000000000000000000000000000000
000000000001000001000000000000000000000000000000000000000000000000000000000000001100000000000000000000000000000000000000000000000000000000010000000000
000000000000000000000000010000000000000000000000000000000000000000000000000000000000000000000000000000000000000000000000000000000000000000101000000000
000000000000000000000000010000000000000000000000000000000000000000000000000000000000000000000000000000000000000000000000000000000000000000101000000000
