110000000000011000000000000000000110000000000000000000000000000000000000000000000000000000000000000000000000000000000000000000001110000000000000000001
000010000000000000000000000000000000000000000000000000000000000000000000110000000000000000000000000000000000000000000000000000010001000000000000000000
000010000001001000000000000000000000000000000000000000000000000000000000110000000110000000000000011100000000000000000000000000000000000000000000000000
000000000000000000000000000000000000000000000000000000000000000000000000000000001000000000000000000000000000000000000000000000100001000000000000000000
000000000110110000000000000000000000000000000001000000000000000000000000000000000001000000000000000000000000000000000000000000011100000000000000000000
000000000000000000000000000000000000000000000001000000100000000000000000000000000110000000000000000000000000000000000000000000000000000000000000000000
000000000111000000000000000000000000000000000001000000100000000001100000000000000000000000000000000000000001100000000000000000000000000000000000000000
000000000011110000000000000000000000110000000000000000100000000001100000110000000000000000000000000000000001100000000000000000000000000000000000000100
100000000000100000000000000000000000110000000000000000000000000000000000110000000000000000000000000000000000000000000000000000000000000000000000011000
100000000010000000000000000000000000000000000000000000000000000000000000000000000000000000000000000000000000000000000000000000000000000000000000110000
100000000011100000000000011000000000000000000000000000000000000000000000000000000000000000000000000000000000000000000000000000000000000000000001000000
000000100010010000000000010100000000000000000000000000000000000000000000000000000000000000000000000000000000000000000000000000000000000000000001011001
000000110000010000000000001000000000000000000000000000000000000000000000110000000000000000000000110000000000000000000000000000000100000000000000110000
100001001000110101000000000000000000000000000000000000000000000000000000110000000000000000000000110000000000000000000000000000001010000000000000000000
011000110001101101000000000000000000000000000000000000000000000000000000000000000000000000000000000000000000000000000000000000001001000000000000000000
000010110001100001000000000000000000000000000000000000000000000000000000000000000000000000000000000000000000000000000000000000000110000000000000000000
101100000000000100000000000000000000000000000000000000000000000000000000000000000000000000000000000000000000000000000000000000000000000000000000000100
110000000000100100000000000000000000000000000000000000000000000000000001000000000000000000000000000000000000000000000000000000000000110000000000000010
100000000000000000000000000000000000000000000000000000000011000000000010100000000000000000000000000000000000000000000000000000000001101000000000000011
000000000000000000000000000000000000000000000000000000000011000000000001000000000000000000000000000000000000000000000000000000000010101000000000000000
000001100000000000000000000000000000000000000000000000000000000000000000000000000000000000000000000000000000000000000000000000000110000000000000000000
000010000100000000000000000000000000000000000000000000000000000000000000000000000000000000001100000000000000000000000000000000000011000000000000000000
011100000100000000000000000000000000000000001100000000000000000000000000000000000000000000010010000000000000000000000000000000000001000000000000000000
011000000100000000000000000000000000000000001100000000000000000000000000000000000000011000001010000000000000000000000000000000011000000000100000000000
100000011000000000000000000000000000000000000000000000000000000000000000000000000000100100000100000000000000000000000000000000000101000001010000000000
011100001000000000000000000000000000000000000000000000000000000000000000000000000000011000000000000000000000000000000000000000000000000011011000000000
010001110000000000000000000000000000000000000000000000000000000000000000000000000000000000000000000001100000000000000000000000000000000010010000000000
000000000000000000000000000000000000000000000000000000000000000000000000000000000000000000000000000010010000000000110000000000000000000011100000000000
000000000000000000000000000000000000000000000000000000000000000000000000000000000000000000000000000001100000000000110000000000000000000010100000000000
000000000000000000000000000000000000000000011000000000000000000000000000000000000000000000000000000000000000000000000000000000000000000011000000000000
000000000000000000000000000000011000000000011000000000000000000000000000000000000000000000000000000000000000000000000000000000000000000000000000000000
000000000000000000000000000000011000000000000000000000000000000000000000000000000000000000000000000000000000000000000000000000000000000000000000000000
000000000100000000000000000000000000000000000000000000000000000000000000000000000000000000000000000000000000000000000000000000000000000000010000000000
000000000110000000000000000000000000000000000000000000000000000000000000010000000000000000000000000000000000000000000000000000000000001000010000000000
000000000000000000000000000000000000000000000000000000000000000000000000101000000000000000000000000000000000000000000000000000011100001000010000000000
000000000110000000000000000000000000000000000000000000000000000000000000100100000000000000000000000000000000000000000000000000110010001000000000000000
000000000100000000000000000000000000000000000011000000000000000000000000011000000000000010000000000000000000000000000000000001101001000000000000110000
000000000000000000000000000000000000000000000100100000000000000010000000000000000000000101000000000000000000000000011000000011000101000011100001001000
000000000000000000000000000000000000000000000011000000000000000010000000000000000000000101000000000000001010000000011000000001010101000000000000110000
000000000000000000000000000000000000000000000000000000000000000010000000000000000000000010000000011000001111000000000000000000110110001000000000000000
000000000000000000000000000000000000000000000000001100000000010000000000000000000110000000000000111100001100000000000000000000000000001000000000000000
000000000000000000000000000000000000000000000000010010000000101000000000000000000110000000000001111100000000000010000000000000000000001000000000000000
000000000000000000000000000000000000000000000000001100000000101001100000000000000000000000000000110000000110000010000000000000000011000000000000000000
000000000000000000000000000000000000000000000000000000000000010001110000000010000000000000000000011111111110000010000000000000000100100000011000000000
100000000000000000000000000000000000000000000000000000000000000001100000000111000000000000000000001000000100000000000000000000000011000000011000000001
010000000000000000000000000000000000000000000000000000000000000000010000001101100000000000000000000001011110000000000000000000000000000000000000000001
110000000000000000000000000000000000000110000000000000000000000000001000000111000000000000000000000001100000000000000000000000000000000100000000000000
000000000000000000000000000010000000000110000000000000000000000101000100000010000000000000000110000000000000000000000000000000000000001010000000000000
000000000000000000000000000010000000000000000000000000000000000110000100000000000000000000000110000000000000000000000000000000000000001010000000000000
000000000000000000000000000010000000110000000000000000000000000000001100000000000000000000000000000000000000100000000000000000000000000100000000000000
000000000011000000000000000000000001001000000000000000000000000000000100000000000000000000000000000000000001010000000000000000000000000000000000000000
000000000011000000000000000000111000110000000000000000000000000000000110000000000000000000000000000000000001010001100000000000000000000000000000000000
000000000000000000000000000000000000000010000000000000000000000000001100000000000000000000000000000000000000100010010000000000000000000000000000000000
000000000000000000000000000010000000000010000000001100000000000000001000000000000000000000000000000000000000000010010000000000000000000000000000000000
000000000000000000000000000010000000000010000000001100000000000000010000000000000000010000000000000010100000000110110000000000000000000000000000000000
000000000000000000000000000010000000000000000000000000000000000000101000000110000000101000000000000001000000000011000000000000000000000000000000000000
000110000000000000000000000000000000110000000000000000000000000001000000000110000000100100000000000000000000000000000000000000000000000000000000000000
001001000000000011010000000000000000110000000000000000000000000001000000000000000000011000000000000000000000000000000000000000000000000000000000000000
000110000000000101010000000000000000000000000000000000000000000001001000000000000000000000000000000000000000000000000000000000000000000000000000000000
000000000000000000000000000000010000000000000000000000000000000000101000000000000000000011000000000000000000000110000110000000000000000000000000000000
000000000000000000001000000000101000000000000000000000000000000000011000000000000000000011000000000000000000000110000110000000000000000000000000000000
000000000000000000010000000000100100000000000000000000000000000000000000000000000000000000000000000000000000000000000000000000000000000000000000000000
000000000000000001100001100000011000000000000000000000000000000000000000000000000000000000000000000000000000000000000000000000000000100000000000000000
000000000000000001100000100000000000000000000000000000000000000000010000000000000000000000000000000000000000000000000000000000000001010000000000000000
000000000000000000100001100000000000000000000000000001000000000001111100000001000000000000000000000000000000000000000000000000000001010000000000000000
000000000000000000010010000000000000000000000000000001000000000011101100000001000000000000000000000000000000000000000000000000000000100000000000000000
000000000000000000010010000000000000000000000000000001000000000001111100000001000000000100010000000000000000000000000000000000000000000000000000000000
000000000000000000010100000000000000000000000000000000000000000000010000000000000000100010011000000000000000000000000000000000000000000000000000000000
000000000000000000001000000000000000000000000000011100011100000000000000000000000001000100011000000000000000000000000000000000000000000000000000000000
000000000000000000000000000000000000000000000000000000000000000000000000000000000000110000011110000000000000000000000000000000000000000000000000000000
000000000000000000000000000000000000000000000000000000000000000000000000000000000000000000000000100000000000000000000000000000000000000000000000000000
000000000001111100000000000000000000000000000000000000000000000000000000000000000000000000010000100000000000001000000000000000000000000000000000000000
000000000010000000011000010000000000000000000000000000000000000000000000000000000110000000100000100000000000001000000000000000000000000000000000000000
000000000000000000000100011000000000000000000000000000000000000000000000000000000011100011000110000000000110001000000000000000000000000000000000000000
000000001010010100000001001100000000110000000000000000000000000000000000000000000011100100000000000000000000000000000000000000000000000000000000000000
000000001010110001100110000110000000110000000000000000000000000000000000000000000000000010001000000000000000000000000001100000000000000000000000000000
000000001001010000000110001100000000000000000000000000000000000000000000000000000000000010010000000000000001111000000001010000000000000000000000001100
000000000101001000010000000000000000000000000000000000000000000000000000000000000000000001110000000000110011000000000000100000000000000000000000001100
000000000000000011110000000000000000000000000000000000000000000000000000000000000000000000000000000001000000000010000000000000000000000000000000000000
000000000000000000000000000000000000000000000000000000000000000000000000000000000000000000000000000000000111000001000000000000000000000000000000000000
000000000000000000000000000000000000000000000000000000000000000000000000000000000000100000000000000000001000100000100000000000000000000000000000000000
000000000000000000000000000000000000000000000000000000000000000000000000000000000000100000000000000000000000011000100000000000000000000000000000000000
000000000000000000000000000000000000000000000000000000000000000000000000000000000000100000000000000000001100001001000000000000000011000000000000000000
000000000000000000000000000000000000000000000000000000000000000000000000000000000000000000000000000000000110000111000000000000000011000000000110000000
000000000000000000000000000000000000000000000000000000000000000000000011100000001100000000000000000000000110000000000000000000000000000000001010000000
000000110000000000000000000000000000000000000000000000000000000000000000000000000101100000000000000000001000000000000110000000000000000000000100000000
000000110000000000000000000000000000000000000000000000000000000010000000000000000001011000000000000000000000000000000110000000000000000000000000000000
000000000011000000000000000000000000000000000000000000000000000010000000000000000001010000000000000000000000000000000000000000000000000000000000000000
000000000100100000000000000000000000000000000000000000000000000010000000000000000000100000000000010000000000000000000000000000000011100000000000000000
000000000010100000000000000000000000000000000000000000000000000000000000000000000000000000000000111000000000000000000000000000000000000000000000000000
000000000001000000000000000000000000000000000000000000000000111000000000001000000000000111100000111100000000000000000000000000000000000000001100000000
000000000000000000000000000000000000000011000000000000000000000000000000010100000000000000100100001010000000000000000000000000000000000000001100000000
000100000000000000000000000001100000000011000000000000000000000010000000010010000000000100000000000100000000000000000000000000000000000000000000000000
000100000000000000000000000001100000000000000000000000000000000010000000010001000000000101100110000000000000000000000000000000000000000000000000000000
000100000000000000000000000000000000000000000000000000000000000010000000000001000000001101101001000011000000000000000000000000000000110000000000000000
000000000000000000000000000000000000000000000000000000000000000000000000001001000000000010001010000110100000000000000000000000000000110000000000000000
100000000000000000000000000000000000000000000000000000000000000000000000000101100000000000001010001100000000000000000000000000000000000000000000000001
100000000000000000000000000000000000000000000000000000000000000000000000000101000000000000000000100110000000000000000000000000000000000000000000000001
001110000000000000000000000000000000000000000000000000000000110000000000000001000000000000000000100000010000000000000000000000000000000000000000000001
000000000000000000000000000011100000000000000000000000000001101000000000010010000000000000000000010101000000000000000000000000000000000000000000000011
110000000000000000000000000000000000000000000000000000000001101000000000100000000000000000000000001110000000000000000000000000000000000000000000000111
110000111000000000000000000000000000000000000000000000000010110000000000000000000000000000000000000000000000000000000000000000000000000000000000001110
110000000000000000000000000000000000000000000000000000000001100000000000110000000000000000000000000000000000000000001000000000000000000000000000011000
010000000000000000000000000000000000000000000110000000000001000000000000000000011000000000000000000000000000000000010100000000000000000000000000000001
110000000000000000000000000000000000000000000110000100000000000000000000000000101000000000000000000000000000000000100100000000000000000000000000000000
100000000000000000000000000000000000000000000100100001000000000000000000000000010000000001000000000000000000000000011000000000000000000000000000000000
000000000000000000000000000000000000000000000000000001100000000000000000000000000000000011100000000000000000000000000000000000000000000000000010000000
100000000000000000000000000000000000000000000001000000100000000000000000000000000000000110010000000000000000000000000000000000000000000000000000000010
000000000000000000000000000000000000000000000001110000000000000000000000000000000000000101110000000000000000000000000000000000000000000111000000001001
100000000000000000000000000000000000000000000000000000000000000000000000000000000000000110101100000000000000000000000000000000000000000000000000001000
010000000000000000000000000100000000000000000100100000000000000000000000000000000000000000010010000000000000000000000000000000000000000000001100000000
010000000000000000000000001010000000000000000100110000000000000000000000000000000000000000111111000000000000000000000000000000000000000000000000000000
011100000000000000000000000110000000000000000001000000000000000000000000000000000000000000010010000000000000000000000000000000000000000000000000000011
001010000000000000000000000000000000000000001100000000000000000000000000000000000111000110101100000000000000000000000000000000000000000000000000000001
010010000000000000000000000000000000000000001110000000000100000000000000000000001000000101110000000000000000000000000000000000000000000000000000100000
000111100000000001000000000000000000000000001100000000000000100000000000000000010000010110010000000000000000000000000000000000000000000000000001010000
000011011000110001000000000000000000001100001110000000000100010000000000110000100010000011100000000000000000000000000000000000000000000000100001010000
000000000000101100000000010000000000000000011101000000000000100000000000110000000101010001000000000000000000000000000000000000000000000001100000100000
000010001000011000010000011000000000000000100000000000000000000000000000000000101001000000000000000000000000000000000000000000000000000010010000000000
000001110000000000010000010100000000000000010011000000000000000000000000000000000000010000000000000000000000000000000000000000000000000000011000000000
000000000000000000000000010100000000000000001110000000000000000000000000000000001000010000000000000000000000000000000000000000000000000011101100000000
000000000000000000000000011011000000000000000100000000000000000000000000000000001000000000000000000000000000000000000000000000000000000000000000000000
000000000000000000000000010110100000000000000000000000000000000000000000000000000110000000000000000000000000000000000000000000000000000110001100000000
000000000000000000001100000010110000000000000000000000000000000000000000000000000000000000000000000000000000000000000000000000000000000000001100000000
000000000000000000001101000101100000000000011000000000000000000000000000000000000000000000000000000000000000000000000000000000000000001011001000000000
000000000000000000000111000111000000000000011000000000000000100000000000000000000000000000000000000000000000000000000000000000000000011111010000000000
000000000000000000000000000000000000000000000000000000000000100000000000000000000000000000000000000000000000000000000000000000000001100001000000010000
000000000000000000000000000000000000000000000000000000000000100000000000000000000100000000000000000000000000000000000000000000000001100110000000111000
000000000000000000000000000000000000000000000000000000000000000000000000000000000100000000000000000000000000011000000000000000000010000100000001000100
000000000000000000000000000000000000000000000000000000000000000000000000000000000100000000000000000000000000011000000000000000000110000000000001111000
000000000000000000110000000000000000000000000000000000000000000000000000000000000000000000000000000000000000000000000000000000001110100000011011010000
000000000000000000110000000000000000000000000000000000000000000000000000000000000000000000000000000000000000000000000000000000000111101000100101100000
000000000000000000000000000000000000000000000000000000000000000000000000000000000000000000000000000000000000000000000000000000000001100100100000000000
000000000000000000000000000000000000000000000000000000000000000000000000000000000000000000000000110000000000000000000000000000000000001000000110000000
000000000000000000000000000000000000001100000000011000000000000000000000000000000000000000000000110000000000000000000000000000000010000001110110000000
000000000000000000000000000000000000001100000000011000000000000000000000000000000000000000000000000000000000000000000000000000000101000111100110000000
000000000000000000000000000000000000000000000000000000000000100000000000000000000000000000000110000000000000000000000000000000000000001101000000000000
000000000000000000000000000000000000000000000000000000000011011000000000000000000000000000001001000000000000000000000000000000000100100100000000000000
011100000000000000000000000000000000000000000000000000000011111001100000000000000000000000000101000000000000000000000000000000000000000100000000000000
000100000000000000000000000000000000000000000000000000000001101101100000000000110000111000000010000000000000000000000000000000000111010010000000100001
001100000000000000000000000000000000000000000000000000000000010000000000000000110000000000000000000000000000000000000000000000000001100100000001100001
000000000000000000000000000000000000000000000000000000000000000000000000000000000000000000000000000000000000000000000000000000000000001000000010000000
000000000000000000000000000000000000000000000000000000000000000000000000000000000111000000000000000000000000000000000000000000000000000000000000110000
000000000000000000000000000000000000000000000000000000000000000000000000000110000000000000000000000000000000000000000000000000001000001000000110110000
100000000000000000000000000000000000000000000000000000000000000000000001000110000000000000000000000000000000000000000000000000100000011000000100000000
100000000000000000000000000000000000000000000000000000000000000000000010100000000000000000000000000000000000000000000000000001000000100000000000000001
000000000000000000000000000000000000000000000000100000000000000000000001000000000000000000000000000000000000000000000000000000000001000000000000000011
000111110000000000000000000000000000000000000001010000000000000000000000000000000000000000000000000000000000000000000000000000100100000000000000001010
000111110000000000000000000000000000000000000001010000000000000000000000000000000000000000000000000000000000000000000000000000011100000000000000000101
100011110000000000000000000000000110000000000000100000000000000000000000000000000000000000000000000000000000000000000000000000000000000000000000000001
