101000000010000000000010000000000110000000000000000000000000000000000000000000000000000000000000000000000000000000000000000000000000000000000000000000
101100100100000000101000101000000000000000000000000000000000000000000000110000000000000000000000001000000000000000000000000000000000000000000000000001
101100000000000000010000010000000000000000000000000000000000000000000000110000000100000000000000001000000000000000000000000000000000000000000000000001
101100000000000000000000000000000000000000000000000000000000000000000000000000000110000000000000001000000000000000000000000000000000000000000000000000
111000000000000000000000000000000000000000000000000000000000000000000000000000000110000000000000000000000000000000000000000000000100000000000000000101
000100000000000000000000000000000000000000000011100000000000000000000000000000000010000000000000000000000000000000000000000000000100000000000000000101
000100000000000000000000000000000000000000000000000001110000000001100000000000000000000000000000000000000001100000000000000000000100000001100000000111
011011000000000000000000000000000000110000000000000000000000000001100000110000000000000000000000000000000001100000000000000000000000000000110000000000
000110000000000000000000000000000000110000000000000000000000000000000000110000000000000000000000000000000000000000000000000000000000000000110000000000
001000000000000000000000000000000000000000000000000000000000000000000000000000000000000000000000000000000000000000000000000000000000000000000000000000
110000000000000000000000011000000000000000000000000000000000000000000000000000000000000000000000000000000000000000000000000000000000000001110000000001
000000000000000000000000010100000000000000000000000000000000000000000000000000000000000000000000000000000000000000000000000000011000110000000000001010
100000110000000000000000001000000000000000000000000000000000000000000000110000000000000000000000110000000000000000000000000000101111011100000000001010
000001001000000000000000000000000000000000000000000000000000000000000000110000000000000000000000110000000000000000000000000000010011010011010000001000
000000110000000000000000000000000000000000000000000000000000000000000000000000000000000000000000000000000000000000000000000000000100010000101000000100
000000000000000000000000000000000000000000000000000000000000000000000000000000000000000000000000000000000000000000000000000000011000011111000000000000
001000000000000000000000000000000000000000000000000000000000000000000000000000000000000000000000000000000000000000000000000000010000000110001000000000
010100000000000000000000000000000000000000000000000000000000000000000001000000000000000000000000000000000000000000000000000000010101011010110000000000
010100000000000000000000000000000000000000000000000000000011000000000010100000000000000000000000000000000000000000000000000000100010100010000001100000
001000000000000000000000000000000000000000000000000000000011000000000001000000000000000000000000000000000000000000000000000000010000001000000001010000
000000000000000000000000000000000000000000000000000000000000000000000000000000000000000000000000000000000000000000000000000001000011100100010000100000
000000000000000000000000000000000000000000000000000000000000000000000000000000000000000000001100000000000000000000000000000000100010000100101000000000
000000000000000000000000000000000000000000001100000000000000000000000000000000000000000100010010000000000000000000000000000000010001000000110000000000
000000000000000000000000000000000000000000001100000000000000000000000000000000000000011010001010000000000000000000000000000000000010000000000000000011
100000000000000000000000000000000000000000000000000000000000000000000000000000000000011000000100000000000000000000000000000000000100010000000000000100
000000000000000000000000000000000000000000000000000000000000000000000000000000001100001100000000000000000000000000000000000000000011000000000000000011
000000000000000000000000000000000000000000000000000000000000000000000000000000000000000000000000000001100000000000000000000000000000000000000000000000
000000000000000000000000000000000000000000000000000000000000000000000000000000000000000000000000000010010000000000110000000000000000000000000000000000
000000000000000000000000000000000000000000000000000000000000000000000000000000000000000000000000000001100000000000110000000000000000000000000000100000
000000000000000000000000000000000000000000011000000000000000000000000000000000000000000000000000000000000000000000000000000100000000000000000001010000
000000000000000000000000000000011000000000011000000000000000000000000000000000000000000000000000000000000000000000000000001110000000000000000001100000
000000000000000000000000000000011000000000000000000000000000000000000000000000000000000000000000000000000000000000000000001101000000000000000000000000
000010000000000000000000000000000000000000000000000000000000000000000000000000000000000000000000000000000000000000000000011001100000000000000000000000
001101100000000000000000000000000000000000000000000000000000000000000000010000000000000000000000000000000000000000000000001111000000000000000000000000
000001100000000000000000000000000000000000000000000000000000000000000000101000000000000000000000000000000000000000000000001110000000000000000000000000
000001100000000000000000000000000000000000000000000000000000000000000000100100000000000000000000000000000000000000000000000000000000000000000000000000
010000000000000000000000000000000000000000000011000000000000000000000000011000000000000010000000000000000000010000000000000000000000000000000000000000
000010000000000000000000000000000000000000000100100000000000000000000000000000000000000101000000000001110000101000011000000000000000000100000000001000
110110000000000000000000000000000000000000000011000000000000000111000000000000000000000101000000000001110000011000011000000000000000001010000000001100
010000000000000000000000000000000000000000000000000000000000000000000000000000000000000010000000000011011000000000000000000000000000001010000000001100
010100000000000000000000000000000000000000000000001100000000010000010000000000000110000000000000000110110000000000000000000000000000000100000000000100
001100000000000000000000000000000000000000000000010010000000010000010000000000000110000000000000000101110000000000000000000000000000000000000000000000
000000000000000000000000000000000000000000000000001100000000010000010000000000000000000000000000000100100001110000000000000000000011000000011000000000
000000000000000000000000000000000000000000000000000000000000000000000000000000000000000000000000000010000010010000000000000000000100100000100100000000
100000000000000000000000000000000000000000000000000000000000000111000000000000000000000000000010001001000110000000000000000000000011000000011000000001
010000000000000000000000000000000000000000000000000000000000000000000000000000000000000000000010001000111100100000000000000000000000000000000000000001
110000000000000000000000000000000000000110000000000000000000000000000000000000000000000000000001011011110011110000000000000000000000000100000000000000
000000000000000000000000000000000000000110000000000000000000000000000000000000000000000000000000001000001000000100000000000000000000001010000000000000
000000000000000000000000000111000000000000000000000000000000000000000010000000000000001110000000010010110011001100000000000000000000001010000000000000
000000000000000000000000000000000000110000000000000000000000000000000101000011000000001000000000100110000000000100000000000000000000000100000000000000
000000000011000000000000010000010001001000000000000000000000000000000110000011100001101101100010010000010000000000000000000000000000000000000000000000
000000000011000000000001100000010000110000000000000000000000000000000000000100100011100001100100000100101010000000000000000000000000000000000000000000
000000000000000000000001100000010000000000000000000000000000000000000000000100000000000001100010111100000010000000000000000000000000000000000000000000
000000000000000110000001000000000000000111000000001100000000000000000000010001100000111110000010011000000000000000000000000000000000000000000000000000
000000000000000110000000000111000000000000000000001100000000000000000001101111000011110000000001010000000000000000000000000000000000000000000000000000
000000000000000011000000000000000000000000000000000000000000000000000001101100000111110000000000000000000000000000000000000000000000000000000000000000
000110000000000011100000000000000000110000000000000000000000000000000001101000000101000000000001110000000000000000000000000000000000000000000000000000
001001000000000011000000000000000000110000000000000000000000000000000000000011111000000000000000000000000000000000000000000000000000000000000000000000
000110000000000110111000000000000000000000000000000000000000000000000000010000001011000000000000000000000000000000000000000000000000000000000000000000
000000000010011010000100000000010000000000000000000000000000000000000000000000000001000000000000000000000000000110000110000000110000000000000000000000
000000000010000000000000000000101000000000000000000000000000000000000000001100000010000000000000000000000000000110000110000000110000000000000000000000
000000000010000001101100000000100100000000000000000000000000000000000000001100010010000000000000000000000000000000000000000000000000000000000000000000
000011000000000000000000000000011000000000000000000000000000000000000000000000000110000000000000000000000000000000000000000000000001100000000000000000
110000000000000000000000000000000000000000000000000000000000000000000000000010010011000000000000000000000000000000000000000000000011100000000000000000
000101000000000000000111000000000000000000000000000000000000000000000001000001100001100000000000000000000000000000000000000000000111010000000000000001
100001000000000000000010000000000000000000000000000000000000000000000010100000000011000000000000000000000000000000000000000000001110100000000011000000
100001000000000000000000000000000000000000000000000011100000000000000010100000000010000000000000000000000000000000000000000000000111100000000011000000
010010000000000000000000000000000000000000000000000100010000000000000001000000000000000000000000000000000000000000000000000000000011000000000000000000
001000100000000000000000000000000000000000000000000100010000000000000000000000000000000000000000000000000000000000000000000000000000000000000000000000
000001110000000000000000000000000000000000000000000100010000000000000000000000000000000000000000000000000000100000000000000000000000000000000000000000
000011011000000000000000000000000000000000000000000011100000000000000001100000000000000000000000000000000011010000000000000000000000000000111011100000
000110101100000000000000000000000000000000000000000000000000000000000001100000000000000000000000000000000010110000000000000000000000000010000100001000
001110100010000000000000000000000000000000000000000000000000000000000000000000000000000010000000000011100110000000000000000000000000000000001000001000
000110000010000000000000000000000000000000000000000000000000000000000000000000000000000111000000000000000110000000000000000000000000000000001000000000
000010101100000000000000000000000000110000000000000000110000000000000000000000000000001011100000000000000000000011000000000000000000000000010010010000
000001000000000000000000000000000000110000000000000000110000000000000000000000000000001000110000000000001001000011000000000000000000000010000010010000
000000000000000000000000000000000000000000000000000000000000000000000000000000000000000111010000000000001001000011000000000100000000000010010000010000
000000000000000000000000000000000000000000000000000000000000000000000000000000000000000011100000000000001000000000000000001110000000000000011000000000
000000000000000000000000000000000000000000000000000000000000000000000000000000000000000000000000000000000111000000000000011001000000000000100100010000
000000000000000000000000000000000000000000000000000000000000000000000000000000000000000000000000000000000110110000000000011011100000000000000000110000
000110000000000000000000000000000000000000000000000000000000000000000000000000000000000000000000000110000001110000000000011101001000000000001011100000
000110001110000000000000000000000000000000000000000000000000000000000000000000000000000000000000001010000000000000000000000111010100000000011011000000
000000000000000000000000000000000000000000000000000000000000000000000000000000000000000000000000011100000000000000000000000001100100000000011011101100
000000000000000000000000000000000000000000000000000000000000000000000001000000000000000000111000100100000000000000000000000000011000000000010110000100
000000000000000000000000000000000000000000000000000000000000000000000001000000000000000000100000101000000000000000000000000000000000000000010000001000
000000110000000000000000000000000000000000000000000000000000000000000001000000000000000000111000010000000000000000000110000000000000000000100010010000
000000110000000000000000000000000000000000000000000000000000000000000000000000000000000000000000000000000000000000000110000000000000000001000010000000
000000000011000000000000000000000000000000000000000000000000000111000000011100000000000000000000000000000000000000000000000000000000000011101100000000
000000000100100000000000000000000000000000000000000000000000000000000000000000010000000000000000000000000000000000000000000000000000000001000000000000
000000000010100000000000000000000000000000000000000000000000010000000000000001110000000000000000000000000000000000000000000000000000000001100000000000
000000000001000000000000000000000000000000000000000000000000010000000000000010001100001100000000000000000000000000000000000000000000000000110000000000
000000000000000000000000000000000000000011000000000000000000010000000000000010010101011100000000000011000000000000000000000000000000000111000100000000
000100000000000000000000000001100000000011000000000000000000000000000000000011101000001010000000000011000000000000000000000000000000001010000010000000
001010000000000000000000000001100000000000000000000000000000000111000000000000000000000000000000000000000000000000000000000000000000001010001010000000
001100000000000000000000000000000000000000000000000000000000000000000000000000010010000000000011000000000000000000000000000000000000000100000100000000
000000000000000000000000000000000000000000000000000000000000000000000000000000001100000000000011000000000000000000000000000000000000000000000000111000
000000000000000000000000000000000000000000000000000000000000000000001100000000000000000000000000010010000000000000000000000000000000000000000001000100
000011000000000000000000000000000000000000000000000000000000000000001010000000000000000000010011111101000000000000000000000000000000000000000001000100
000011000000000000000000000001000000000000000000000000000000000000000011000000000000000000000011101111000000000000000000000000000000000000000110000011
100000000000000000000000000001000000000000000000000000000000000000000110000000000000000000011000000010000000000000000000000000000000000000001000010000
100000001100000000000000000001000000000000000000000000000000001000001001110000000000000000000000000010010000000000000000000000000000000000001000101000
100000010100000000000000000000000000000000000011000000000000001000001000011011000000000000000000100001100000000000000000000000000000000000001000010000
000000011000000000000000000000000000000000000011000000000000001000001000110011100000000000000001110000000000000000001000000000000000000000000110000011
000000000000000000000000000000000000000000000000000000000000000000001111000000110000000000000011011100000000000000010100000000000000000000000001000100
000000000000000000011000000000000000110000000000000000000011100000100000000000011000000000000011011100000000000000100100000000000000000000000001000100
100000001100000001101110000000000000110000000000000000000000000011100000000011000000000000001001001100000000000000011000000000000000000000000100111000
111000011011000000101110000011000000000000000000000000000000000010100000000011000000000111001010001110000000000000000000000000000000000000011010000001
001110101100011000100001100100100000000000000000000000000000000011000000010010000000001011010000010110000000000000000000000000000000000000000010000001
111000000000001000100000100101000000000000000000000000000000000001010000100010000001101000001011110010000000000000000000000000000000000001000100000001
100000010000011001000010100010000000000010000000000000000000000000001101101110000011000011000000000100000000000000000000000000000000000001000000000001
101010101000111101000011000000000000001111000000000000000000000000010110000010000000001111000100110000000000000000000000000000000000000000011100000001
001010000100011000000000000000000000001101100000000000000000000000000101100100000000100100000000010000000000000000000000000000000000000000010010000000
011011000100000000000000000000000011110110000000000000000000000000000110111100000010110000010000000000000000000000000000000000000000000000001100000000
000001101000001000000000000000000001010110000000111000000000000000000000000000011011110000100100000000000000000000000000000000000000000000001000000000
000000010000110110000000110100000000111000000000000000000000000000000000000000010110000000010010000000000000000000000000000000000000000000000000000000
000000000000110000000001110001100000100000000000000000000000000000000000000000011000000000010011000000000000000000000000000000000000000000000000000000
000000000001000000000011000111110000111000000000000000000000000000000000000000100000000000000111000000000000000000000000000000000000000000000000000000
000000000000111110001100101010010001101000000000000000000000000000000000000001010011000000000100000000000000000000000000000000000000000000000000000000
000000000000011000010000100000000010110000000000000000000000000000000000000001100011000000000000100000000000000000000000000000000000000000000001110000
000000011010000000100000000000000110000000000000000000000000000000000000000000100011000000000000100000000000000000000000000000000000000000000000000000
000000001000110000110000000000000000000000000000000000000000000000000000000000000000000000000000000000000000000000000000000000000000000000000000000000
000000000000001000000010000000000000000000000000000000000000000000000000000000000000000000000001010000000000000000000000000000000000000000000000000000
000000000100001000000111100000000000000000000000000000000000000000000000000000000000000000000001010000000000000000000000000000000000000000000000000000
000000000000011000000000101000000000000000000000000000000000000000000000000000000000000000000000100000000000000000000000000000000000000000000000000000
000000000001100000000000010100000000000000000000000000000000000000000000000000000000000000011010000000000000000000000000000000000000000000000000000000
000000000000000000000000010001100000000000000000000000000000000000000000000000000000000000010001000000000000000000000000000000000000000000000000000000
000000000000000000000000011000111000000000000000000000000001110000000000000000000000000000001000000000000000000000000000000000000000000111000000000000
000000000000000000001100000000101100000000000000000000000000000000000000000000000000000000000111000000000000000000000000000000000000000000000000011000
000000000000000000001100000110101000000001100000000000000000000000000000000000001110000000000000000000000000011000000000000000000000000000000000100100
000000000000000000000000000011011000000001010000000000000000000000000000000000000000000000000000000000000000011000000000000000000000000000000000100100
000000000000000000000000000000000000000000100000000000000000000000000000000000000000000000000000000000000000000000000000000000100000000000000000011000
000000000000000000000000000000000000000000000000000000000000000000000000000000000000000000000000000000000000000000000000000001010000000000000000000000
000000000000000000000000000000100010000000000000000000001111100000000000000000000000000000000000000000000000000000000000000010000000010000000000000000
000000000000000000000000000001000010000000010000000000000001110000000000000000000000000000000000110000000000000000000000000100010000011000000000000000
000000000000000001100000000000000010000000110000000000000001100000000000000000000000000000000000110000000000000000000000000100100000011000000000000000
000000000000000001010000000000100000000001111000000000000001000000000000000000000000000000000000000000000000000000000000001000010000000010000000000000
000000000000000000100000001000000010000011000000000010000110000000000000000000000000000000000110000000000000000000000000000100010000000011000000000000
000000000000000000000000011100001001000011001110000101000100000000000000000000000000000000001001000000000000000000000000000100010000000000000000000000
000000000000000000000000110100000101100110001100000101000000000000000000000000000000010000000101000000000000000000000000000001000000000000000011100000
000000000000000000000000000000000011001000111000000011000000000000000000000000110000010000000010000000000000000000000000000000000000000000000000000000
000000000000000000000000000000000000000100110000000000000000000000000000000000110000010000000000000000000000000000000000000000110000010100000100010000
000000000110000000100000000000000000000100000000000000000000000000000000000000000010000000000000000000000000000000000000000000110000001000000100001010
000000001000000001100000000100100000000000000000001100000000000000000000000000000010000000000000000000000000000000000000000000000000001000000010100000
000000011011000001010000000100100000000000000000001100000000000000000000000110000010000000000000000000000000000000000000000000000000000000000001010000
011000100010000000100000000101000000000000000000000000000000000000000001000110000000000000000000000000000000000000000000000000000000000000000000000101
001000100100000001000011000000000000000000000000000000000000000000000010100000000000000000000000000000000000000000000000000000000000000000000000000001
110001111000000000010011100000000000000000000000100000000000000000000001000000000000000000000000000000000000000000000000000000000000000000000000011000
000001001000000001010000100000000000000000000001010000000000000000000000000000000000000000000000000000000000000000000000000000000000000000000110001100
000011010100000001100000000000000000000000000001010000000000000000000000000000000000000000000000000000000000000000000000000000000000000000001001001100
010001000010000000111000010000000110000000000000100000000000000000000000000000000000000000000000000000000000000000000000000000000000000000000110000000
