000000000000000000000110000000000000000000000000000000000000000000000000000000000000000000000000000000000000000000010000000000000000000000000000000000
000000000000000000001001000000000000000000000000000000000000000000000000000000000000000000000000001000000000000000101000000000000000000000000000000000
000000000000000000000110000000000000000000000000000000000000000000000000000000000000000000000000001000000000000000101000000000000000000000000000000000
000000000000000000000000000000000000000000000000000000000000000000000000000000000001100000000000001000000000000000111000000000000000000000001100001100
000000000000000000000000000000000000000000000000000000000000000000000000000000000001100000000000000000000000000000110000000000000000000000011010001100
000000000000000000000000000000000000000000000011100000000000000000000000000000000000000000000000000000000000000001100000000000000000011000000100000000
000000000110000000000000000000000000000000000000000001110000000001100000000000000000000000000000000000000000000000000000000000000000011000000000000000
000000001001000000000000000000000000110000000000000000000000000001100000110000000000000000000000000000000000000010101100000000000000011000000000000000
000000001001000000000000000000000000110000000000000000000000000000000000110000000000000000000000000000000000000011010000000000000000011100000001110000
000000000110000000000000000000000000000000000000000000000000000000000000000000000000000000000000000000000000000000101000000000000000011100000001111000
000000000000000000000000000000000000000000000000000000000000000000000000000000000000000000000000000000000000000000111110000000000000001100000110001000
000000000000000000000000000000000000000000000000000000000000000000000000000000000000000000000000000000000000000001010101000000000000000010000010000100
000000000000000000000000000000000000000110000000000000000000000000000000110000000000000000000000110000000000000001100101000000000000001001100010000100
000000000000000000000000000000000000000110000000000000000000000000000000110000000000000000000000110000000000000100100000000000000000010001000000000000
000000000000000000000000000000000000001100100000000000000000000000000000000000000000000000000000000000000000001001000000000000000000001001000000111000
000000000000000000000000000000000000000001010000000000000000000000000000000011000000000000000000000000000000001000100000000100000000001110000000000000
000000000000000000000000000000000000001001010000000000000000000000000000000000100000000000000000000000000110001000010000011100000000000000000000000000
000000000000000000000000000000000000000111100000010000000000000000000000000101000000000000000000000000001001000101011000011010000000000000000000000000
000000000000000000000000000000000000000111000000111000000000000000000000000111000000000000000000000000000110000011000100101100000000000000000000000000
000000000000000000000000000000000000000000000001001100000000000000001000001001000000110000000000000000000000000000001000011100000000000000000000000000
000000000000000000000000000000000000000000000001111100000000000000010100000111000111001000000000000000000000000000000000011000000000000000000000000000
000000000000000000000000000000000000000000000011100010000000000000010010000001011111110000000000000000000000000000000000000000000000001100000000000000
000000000000000000000000000000000000000110000010100100000000000000001100000000111100000000000000000000000000000000000000000000000000010100000000000000
000000000000000000100000000000000000001010000011000000000000110000000000000000001100000000000000000000000000000000010000000000000010101000101000000110
110000000000000001000000000000000000000001000010001000001100110000000000000000001100000000000000000000000000000000010000000000000011110001001000000010
000000000000100011000000000000000000010111000001111000001100000000000000000001101000000000000000000000000000000000010000000000000011000010000000000010
001000000001001100000000000000000000111111000001100000000000000000000000000000010000000000000000000000000000000000000000000000000111000001010000000001
010000000000000100000000000000000110011110000000000000000000000000000000000000000001000000000000000000000000000000000000000000001000100000000000000010
000000000000000010000000000000001100001000000000000000000000000000001110000000000010100000000000000000000000000000000000000000001000010000000000000000
000000000000000000000000000000000110000000000000000000000000000000001110000000000001100000000000000000000000000000000000000000001000010001000000000000
000000000010000000000000000001000011000010000000010000000000000000010111100000000000000000000000000000000000000000000000000000000110000011000000000000
000111000101000000000000000010100000000010000000010000000000000011011000000000000000000000000000000000000000000000000010000000000010010110000000000000
000000000110000000000000000010100000000000000000010000000000000000100000000000000000000000000000000000000000000000000101000000000000101110001010000110
000000000000000000000000000001000000000000000000000000000000000000000000000000000000000011000000000000000000000000001001000110000100000000011010000110
000000000000000000000000000000000000000000000111000111000000000000000100000000000000000011000000000000001100000000000110000111111000100000011100000000
000000000000000000000000000000000000000011100000000000000000000101100100011000000000000000000000000000001100000000000000000101110000100001100000000000
000000000000000000011000000000000100011110000000010000000000001011011100000000000000000000000000000000000000000000000000001011010000000000000001100000
000000000000000000100100000000000100000000010000010000000000001010010000000001100000000000000000000000000000000000000000011010001000011100000001100000
000000000000000000100100000010000100001010000000010000000000001110000000000010000000000000000000000000000000000000000000001001111000000000000000000000
000000010000000000011000000111000000001010100000000000000000000000000000001100000000000000000000000000000000000000000000000110110000000000000000000000
000000010000000000000000001001100000001010101000000000000000000000101111000011001000000000000000000000000000000000000000000110110000000000000000000000
000000010000000000000000001000100000001100010000000000000000000000010000111100000000000000000000000000000000000000000000000001000000110000000000000000
000000000000000000000000000110100000100000000000000000000000000000011110110100000000000000000000000000000000000000000000000000000010110000000000000000
000000000000000000000000000001100000101000000000000000000000000000011100000000000000000010000000000000000000000000000000000000000001000000000000000000
000000000000000000000000000000000000000000000000000000000000000000000000001001100000000101000000000000000000000000000000000000000000000000000000000000
000000000000000000000000000000000000000000000000000000000000000000000000000110000000000011000000000000000000000000000000000000000000000000000000000000
000000000000000000000000000000000000000110000000000000000000000000000000000000000000000000000000000001000000000000000000001000000000000000000000000000
000000000000000000000000000000000000000110000000000000000000000000000000000000000000000000000110000010100000000000000000001000000000000000000000000000
000000000000001000000000000000100000000000000000000000000000000000000000000000000000000000000110000010100000000000000000001000000000000000000000000000
000000000000001000000000011101110000000000000000000000000000000000000000000000000000000000000000000001000000000000000000000000000000000000000000000000
000000000000001000000000000010000000000000000000000000000000000000000000000000000000000000000000000000000000000000000000000000000000000000000000000000
000000000000000000000000011001011000000000000000000000000000000000000000000000000000000000000000110000000000000000000000000000000000000000000000000000
000000000000000000000000000011011000000000000000000000000000000000000000000000000000000000000001001000000000000000000000000000000000000000000000000000
000000000000000000000000000000100000000000000000001100000000000000000000000000000000000000000000110000000000000000000000000000000000000000000000000000
000000000000000000000000000001100000000000000000001100000000000000000000000000000000000000000000000000000000000000000000000000000000000000000000000000
110000010000000000000000001100100000000000000000000000000000000000000000000000000000000000000000000001000000000000000000000000001110000000000000000000
110000101000000000000000011000010000000000000000000000000000000000000000000000000000000000000000000010100000000000000000000001000001000000000000000000
000000011000000000000000011000110000000000000000000000000000000000011100000000000000000000000000000010100000000000001100000010000101100000000000000100
000000000000000000000000000000000000000001100000000000000000000000000000000000000000000000000000000001000000000000001100000001000110110000000000001010
000000000000000000000000000000000000000010010000000000000000000000000000000000011100000000000000000000000000000000000000000000100010100000000000001001
000000001100000000000000000000000000000001100000000000000000000000000000000000000000000000000000000000000000000000000000000000000100100000000000000110
000000001010000000000010100011000000000000000000000000000000000000000011000001000001000000000000000000000000000100000000000000000100100000000000000000
000000000100000000000110100111000000000000000000000000000011000000000011000001000001000001010000010000000000001010000000000000000001100000000000000000
000000000000000000000010010111000000000000000000000000000011000000000000000001000001000000010000101000000000001000000000000000000000000000000000000000
000000000000000000000001100000000000000000000000000000000000000000000000000000000000000000010000100100000000000111000000000000001010000000000000000000
000000000000000000000000000000000000001000000000000000000000000000000000000000000000000001000000001110000000000010000110000000000100000000000000000000
000000000000000000000000000000000000010100000000000000000000000000000000000000000000000010100000000011000111100000000000000000000000000000000000000000
000000000001100000000000000000000000010100000000000000000000000000000000000000000000000001000011000001101000100000010001000111100011001000000000000000
000000000011000000000000000000000000001000000000000000000000000000000000000000100001000000000000100111001001100000001001001001011000011100000000000000
000000000011100000000000000000000000000000000000000011000000000000000000001110000001000000000011000100001000000000000001000001100110000100000000000000
000000000110100000000000000000000000000000000000000011000000001100000000010011000001000000000000110000000100100000110010001110000000001000000000000000
000000010110100001100000000000000000000000000000000000000000010010000000001111000100000000001110000000000011000000011110000000000000000000000000000000
000000110001000000110000000000000000000000000000000000011000001100000000000000110000000000001010100000000000000000000000000000000011100000000000000000
000000010100100001100000011000000000000000000000000000011000000000000000000000111000000000010010010000000000000000000010100000000011000000000000000000
000000011010101010000000001100000000000000000000000000000000000000000000000000101000000000011000100000011000000000000010100000000000000000000000001100
000000011011011110000000101000000000000000000000000000000000000000000000000000101000000000100000000000000000000000000011000000000000000000000000010010
000000001100001100000000100010000000000000000000000000000000000000000000000000010000000000100000001000000000000000000000000000000000000000000000001100
000000000100000000000000100001000000000110000000000000000000000000000000011000000000000000010101101100000000000000000000000000000000000000000000000000
000000000000000000000000001100000000000110000000000000000000000000000000011000000000000000001000011000000000000000000011100000000000000000000000000000
000000000000000000000000000000000000000000000000000000000000000000000000000000000000000000000000000000010100000000000000000000000000000000000000000000
000000000000000000000000000000000000000000000000000000000000000000000000000000000000001100000000000000000010000000000000000000000000000000000000000000
000000000000000000000000000000000000000000000000000000000000000000000000000000000000001100000000000000000100011000000000000000000000000000000000000000
000000000000000000000000000000000000000000000000000000000000000000000000000000000000000000000000000001000000011000000000000000000011000000000000000000
000111000000000000000000000000000000000000000000000000000000000000000000000000000000000000000000000001010000000000000000000000000011000000000000000000
000000000000000000000001100000000000000000000000000000000000000000000000000000000000000000000000000000110000000000000000000000000000000000000000000000
010000000000000000111010010000000000000000000000000000000000000000000000000000000000000000000000000000000000000000000000000000000000000000000000000000
010000000000001001000000000000000000000000000000000000000000000000000000000000000000000000000000000000000000000000000000000000000000000000000000000000
010000000000010001101101110000000000000000000000000000000000000111000000000001100000110000000000000000000000000000000000000000000001000000000000000000
000000000000010110000000000000000000000000000000000000000000000000000000000001100001001000000000000000000000000000000000000000000001000000000000000000
000000000000001111000000000000000000000000000000000000000000010000000000000000000000110000000000000000000000000000000000000000000001000000000000000000
000000000000000111000001100000000000000000000000000000000000010000000000000000000000000000000000000000000000000000000000000000000000000000001100000000
000011100000000000000001100000000000000000000000000000000000010000000000000000000000000000000000000000000000000000000000000000000000000000001100000000
000000100000000000000011100000000000000011000000000000000000000000000011000000000000000000000000000000000000000000000000000000000000000000000000000000
000001000000000000001101110000000000000011000000000000000000000111000011000000000000000000000000000001100000000000000000000000000000000000000000000000
000000000000000000001000000000000011100000000001100000000000000000000000000000000000000000000000000001100000000000000000000000000000110000000000000000
000000000000000000000000000000000011100000000000010000000000000000000000000000000000000000000000000000000000000000000000000000000000110000000000000000
000000000000000000000010001000001101000000000000000000011100000000110000000000000000000000000000000000000000000000000000000000000000000000000000000000
000001100000000000000100111000001000000000000001110000001000000000110000000000000000000000000000000000000000000000000000000000000000000000000000000000
000001100011100000011100100000001000010000000001100000000000000000000000000000000000000000000000000000000000000000000000000000000000000000000000000000
000000000000000000001010000000000100010000011000110001000000110000000000000000000000000000000000000000000000000000000000000000000000000000000000000000
100000001000001000000110000000000010010000011000010001100000110000000000000000000000000000000000000000000000000000000000000000000000000000000000000001
100000001000001000000000000000000000000000000000000001101000000000000000000000000000000000000000000000000000000000000000000000000000000000000000000001
000000001000001000000000000000000000000000000000000000000110000000011000000000000000000000000000000000000000000000001000000000000000000000000000000000
000111000000000000000000000000101001110000000000000001000000000000100100000000000000000000000000000000000000000000010100000000000000000000000000000000
000000000011100000000000000000010001001100000000000001000000000000011000000000000000000000000000000000000000000000100100000000000000000000000000000000
010000010000000000000000000011011001101100000000000000000000000000000000000000000000000000000000000000000000000000011000000000000000001100000000000000
010000010000000000000000011001001000100000000000000000000000000000000000000000000000000000000000000000000000000000000000000000000000010100000000000000
010000010000000000000000010110010000011000000000000000000000000000000000000000000000000000000000000000000000000000000000000000000000001000000000000000
000000000000000000000000001011000000010000000000000001110000000000000000000000000000000000000000000000000000000000000000000000000000000000000000000000
000111000000000010000000000000011110000000000000000000000000000000000000000000000000000000000000000000000000000000000000000000000000000000000000000000
000000000000000101000000000001010000000000000000000000000000000000000000000000000000000000000000000000000000000000000000000000000000000000000000000000
000000000000001001000000000000100000000000001000001100000000000000000000000000000000100000000000000000000000000000000000000000000000000000000000000000
000000000000000110000000000000000000000011100100001100000000000000000000000000000001010000000000000000000000000000000000000000000000000111000000001100
000000000000000000000000000000000000000111010100000000000000000000000000000000000010010000000000000000000000000000000000000000000000000000000000001100
000000000000000000000000000000000000001000000100000000000000000000000000000000000001100000000000000000000000000000000000000000000000000000000000000000
000000000000000000000000000000000000001011100000000000000000000000000000000000000000000000000000000000000000000000000000000000000000000000000000000000
000000000000000000000000000000000000010000001100000000000000000000000000000000000000000000000000000000000000000000000000000000000000000000000000001100
000000000000000000000000000000000000011100110100000000000000000000000000000000000000000000000000000000000000000000000000000000000000000000000000001100
000000000000000000000000000000000000011111100000000000000000011100000000000000000000000000000000000000000000000000000000000000000000000000000000000000
000000000000000000000000000000000000000000100000011100000000100100000000000000000000000000000000000000000000000000000000000000000000000000000000000000
000000000000000000000000000000000000000000000000101100000000000010000000000000000000100000000000000000000000000000000000000000000000000000000000000000
000000000000000000000000000000000000000000000000000000000010001000000000000000000001010000000000000000000000000000000000000000000000000110000000000000
000000000011000001100000000000000000000000000000000000000100001000000000000000000001010000000000000000000000000000000000000000000000000110000000000000
000000000011000001100000000000000000000000000000000000000000110010000000000000000000100000000000000000000000000000000000000000000000000000000000000000
000000000000000000000000000000000000000000000000000010001010000010000000000000000000000000000000000000000000000000000000000000000000000000000000000000
000000000000000000000000000000000000000000000000000110011011000000000000000000000000000000000000000000000000010000000000000000000000000000000000000000
000000000000000000000000000000000000000000000000001100001010000000000000000000000000000000000000000000000000101000000000000000000000000000000000000000
000000000000000000000000000000000000000000000000011100001000100000000000000000000000000000000000000000000001001000000000000000000000000000001100000000
000000000000000000000000000000000000000000000000011100001010100000000000000000000000000000000000000000000000110000000000011000000000000000010010000000
000000000000000000000000000000000000000000000000001100011001000000000000000000000000000000000000000000000000000000000000011000000000000000010100000000
000000000000000000000000000000000000000000000000001100011000000000000000000000000000000000000000000000000000000000000000000000000000000000001000000000
000000000000000000000000000000000000000000000000000000011100000000000000000000000000000000000000000000000000000000000000000000000000000000000000000000
000000000000000000000000000000000000000000000000000010011100000000000000000000000000000000000000000000000000000000000000000000000000000000000000000000
000000000000000000000000000000000000000000000000000000001100000000000000100000000000000000000000000000000000000000000000000000000000000000000000000000
000000000000000000000000000000000000001100000000011100000000000000000001010000000000000000000000000000000000000000000000000000000000000000000000000000
000000000000000000001100000000000000001100000000011000000000000000000001010000000000000000000000000000000000000000000000000000000000000000000000000000
000000000000000000001100000000000000000000000000000000000000000000000000100000000000000000000000000000000000000000000000000000011000000011000000000000
000000000000000000000000000000000000000000000000000000000000000000000000000000000000000000000000000000000000000000000000000000100100000100100000000000
000000000000000000000000000000000000000000000000000000000000000000000000000000000000000000000000000000000000000000000000000000011000000011000000000000
000000000000000000000000000000000000000000000000000000000000000000000000000000000000000000000000000000000000000000000000000000000000000000000000000000
000000000000000000000000000000000000000000000000000000000000000000000000000000000000000000000000000000000000000000000000000000000000100000000000000000
000000000000000000000000000000000000000000000000000000000000000000000000000000000001000000000000110000000000000000000000000000000001010000000000000000
000000000000000000000000000000000000000000000000000000000000000000001100000000000001000000000000110000000000000000000000000000000001010000000000000000
000000000000000000000000000000000000000000000000000000000000000000001100000000000001000000000000000000000000000000000000000000000000100000000000000000
000000000000000000001100011000000000000000000000000000000000000000000000000000000000000000000000000000000000000000000000000000000000000000000000000000
000000000000000000010010011000000000000000000000000000000000000000000000000000001000000000000000000000000000000000000000000000000000000000000000000000
000000000000000000010100000000000000000000000000100000000000000000000000000000010100000000000000000000000000000000000000000000000000000000000000001100
000000000000000000001000000000000000000000000001010000000000000000000000000000010100000000000000000000000000000000000000000000000000000000000000000000
000000000000000000000000000000000000000000000001010000000000000000000000000000001000000000000000000000000000000000000000000000000000000000000000000000
000000000000000000000000000000000000000000000000100000000000000000000000000000000000000000000000000000000000000000000000000000000000000000000000000000
