00000000000000011010000000000000000000000000000000
00000000000001101110000000000000000000000000000000
00000000000001100101000000000000000000000000000000
00000000000001100110000000000000000000000000000000
00000000000000011000000000000100000000000000000000
00000000000000001000010000000101001100000000000000
00000110000000000000110000001000100010000000000000
00001001000000000000100000001001010100000000000000
00000110000000000000000000001101101000000000000000
10000000001100110000000000000000000000101000000001
00000000001100110000000000000000000001000000000011
00000000000000000000000000000111110000100000000011
10000000000000000000000011101101001000000100000010
11000000000000000000000001000001010100100000000001
10110000000000000000000000000000000110000000000001
01010000000000000000000000000000100000111000000000
00010000000000100011000000000000000000000000000000
00110000000011010011000000000000001110000000000000
01110000000010010000000000011100010000000000000110
00000000000110110000000001110101100000000000001100
00000000000010110000000010010001000000100000000101
00000000000001100011100011101000001111010000000011
00000000000000000000110111000010000000011000000001
00001000110000000000000000000001100000010000000000
00000000110000001000110000000000001000100000000000
00000001111000010001001100000010000000110000000000
00000011001100001100000100001010000001100000000000
00000100001110000000000100001001110000000000000000
01100101100110000000000000010000110000000000011100
00100101110010000000000110100000000000000000001000
01000000000000000000000100100000000000000000010001
11001000100010000000000000011000110000000011110001
11000000100000000000000011010000011000000100011011
01000000001000000000000011010000110000000001100000
00000100011000000000000011011000011100000001011000
01100000100011000000000000010010011000110011011000
00000110001000100110000000010110000000000011000000
00001000000000111101000000110010000000000011011000
00001111000011000001000001001100000000000001010000
00000001111111011110000001010000000001000000110000
00100100000000110000000000100000000010000000110000
00100100000000000000000000000000000100000010010100
10000000000000000000000000000000000100000010000100
01000010000000000000000000000000000000000010000011
00011101000000000000000000011011101010000000000001
01100000100000000000000000011000100010000100000000
00011101000000000000000110000000000000111000000000
00001100000000000000000110001000000000000000000111
00000000000000011100000000000010001100000000000001
00000000000000010100000000000001111100000000000011
