000000000000000000000000010000000000000000000000000000000000000000000000000000000000000000000011000000000001110000000000000000000000100000000000000000
000000000000000000000000000000000000000000000110000000000000000000000000000000000000000000000011000000000001010000000000000000000000000000000000000000
000000000000000000000000000000000000000000000110000000000000000000000000000000000000000000000000000000000001110000000000000000000000000000000000000000
000000000000000000000000000000000000000000000000000000000000000000000000000000000000000000000000000000000000000000000000000000000000000000000000000000
000000000000000000000000000000000000000000000000000000000000000000000000000000000000000000000000000000000000000000000000000000000000000000000000000000
000000000000000000000000000000000000000000000000000000000000000000000000000000000000000000000000000000000000000000000000000000000000000000000000000000
000000000110000000000000000000000000000000000000000000000000000001100000000000000000000000000000000000000000000000000000000000000000000000000000000000
000000001001000000000000000000110000000000000000000000000000000001100000000000000000000000000000000000000000000000000000000000000000000000000000000000
000000001001000000000000000000110000000000000000000000000000000000000000000000000000000000000000000000000000000000000000000000000000000000000000000000
000000000110000000000000000000000000110000000000000000000000000000000000000000000000000000000000000000000000000000000000000000000000000000000000000000
000000000000000000000000000000000000110000000000011000000000000000000000000000000000000000000000000000000000000000000000000000000000000000000000000000
000000000000000000000000000000000000000000000000011000000000000000000000000000000000000000000000000000000000000000000000000000100000000000000000000000
000000000011000000000000000000000000000000000000000000000000000000000000000000000000000000000000000000000010000000000000000000100000000000000000000000
000000000010000000000000000000000000000000000000000000000000000000000000000000000000000001100000000000000101000000000000000000100000000000000000000000
000000000000110000000000000000000000000100000000000000000000000000000000000000000000000010010000000000000101000000000000000000000000000000000000000000
000000000000101000000000000000000000001010000000000000000000000000000000000000110000000001100000000000000010000000000000000000000000000000000000000000
000000000000101100000000000000000000001010000000000000000000000000000000000000110000000000000000000000000000000000000000000000000000000000000000000000
000000000001011000000000000000000000000100000000000000000000000000000000000000000001100000000000000000000000000000000000000000000000000000000000000000
000100000001110000000000000000000000000000000000000000000000000000000000000000000001100000000000000000000000000000000000000000000000000000000000000000
001010000000000000000000000000000011000000011000000000000000000000001000000000000000000000000000000000000000000000000000000000000000000000000000000000
001001000000000000000000000000000100100000100100000000000000000000010100000110000000000000000000000000000000000000000000000000000000000000000000000000
000110000000000000000000000000000011000000011000000000000000000000001000000110000000011000000000000000000000000000000011100000000000000000000000000000
000000000000000000000000000000000000000000000000000000000000000000000000000000000000100100000000000000000000000000000000000000000000000000000000000000
000000000000000000000000000000000000000100000000000000000000000000000000000000011000011000000000000000000000000000000000000000000000000000000000000000
000000000000000000000000000000000000001010000000000000000000000000000000000000011000000000000000000000000000000000000000000000000000000000000000100000
000000000000000000000000000000000000001010000000000000000000000000000000000000000000000000000000000000000000000000000000000000000000000000000001010000
110000000000000000000000000000000000000100000000000000000000000000000000000000000000000000000000000000000000000000000000000000000000000000000000100000
110000000000000000000000000000000000000000000000000000000000000000000000000000000110000000000000000000000000000000000000000000000000000000000000000000
000000000000000000000000000000000000000000000000000000000000000011000000000000000110000000000000000000000000000000000000000000000000000000000000000000
000000000000000000000000000000000000000000000000000000000000000011000000000000000000000000000000000000000001000000000010000000000000000000000000000000
000000000000000000000000011000000000000000000000000000000000000000000000000000000000000000000001100000000010100000000010000000000000000000000000000000
000000000001100000000000011000000000000000000000000100000000000000000000000000000000000000000001100000000010100000000010000000000000000000000000000000
000000000001100000000000000000000111000000000000000100000000000000000000000000000000000000000000000000000001000000000000000000000000000000000000000000
000000000000000000000000000000000000000000000000000100000000000000000000000000000000000000000000000000000000000000111000111000000000000000000000000000
000000000000000000000000000000000000000000000000000000011000000000000000000000000000000000000000000000000000000000000000000000000000000000000000000000
000000000000000000000000000000000000000000000000000000100100000000000000000000000000000000000000000000000000000000000010000000000000000000000000000000
000000000000000000000000000000000000011000000000000000011000000000000000000000000000000000000000000000000000000000000010000000000000000000000000000000
000000000000000000000000000000000000011000000000000000000000000000000000000000000000000000000000000000000000000000000010000000000000000000000000000000
000000000000000000000000000000000000000000000000000000000000000000000000000000000000000000000000000000000000110000000000000000000000000110000000000000
000000000000000000000000000000000000000000000000000000000000000000000000000000000000000000000000000000000000110000000000000000000000000110000010000000
000000000000000000000000000000000000000000000000000000000000000000000000000000000000000000000011000000000000000000000000000000000000000000000101000000
000000000000000000000000000000000000000000000000000000000000000001000000000000000000000000000100100000000000000000000000000000000010100000000101100000
000000000000000000000000000000000000000000000000000110000000000011100000000000000000000000000101000000000000000000000000000000000010110000000010000000
000000000000000000000000000000000000000000000000001001000000000101010000000000000000000000000010001100010000000000000000000000001000100000000000000000
000000000000000000000000000000000000000000000000001010000000000101010000000000000000000000000000001100011000000000000000000000001001100000110000000000
000000000000000000000000000000000000000000000000000100000000000011100000000000000000000000001000000000000100000000000000000000011001100000000110000000
000000000000000000000000000000000000000000000000000000000000000001000000000000000000000000011100000000011000001110000000000000001100111111000000000000
000000000000000000000000000000000000000001100000000000000000000000000000001100000000000000111110000000010000000000000000000000000000010000000001000000
000000000000000000000000000000000000000001100000000000000000000000000000011010000000000000110110000000000000000000000000000000000000001101000001000000
110000000000000000000000000000000000000000000000000000000000001110000000011001100000000000111000000000000000000000000000000000000000000100010100100001
000000000000000000000000000000000001110000000000000000000000000111000001001100101100000000000000000000000000000000000000000000000000000001000111010000
000000000000000000000000000000000000000000000000000000000000000011000010001100110010001000000000000000000001100000000000000000000000000000001000010000
000000000000000000000000000000000000000000000000000000000000000000000110000101001010010000000000000000000001100000000000000000000000000000000100100000
000000000000000000000000000000000000000000000000000000011000000000000110000101001011110000000000000000000000000000000000000000000000000000000100100000
000000000000000000000000000000000000000000000000000000101100000000000110100110000010111000000000000000000000000000000000011100000000000000010000000000
000000000000000000000000000000000000000000000000000001101100000000000010110110100000111111000000000000000000000000000000000000000000000000010000000000
000000000000000000000000000011000000000000000000000000100100000000000000100110110000011100000000000000000000000000000000000000000000000000000100000000
000000000000000000000000000100100000000000000000000000000110000000000000010100000000000000000000000000000000000000000000000000000000000000000110000000
000000000000000000000000000011000000000000000000000000001000000000000000001010100000000000000000000000000000000000110000000000000000000000000011000000
000000000000000000000000110000000000000000000000000000000000000000000000000111000000000000000000000000000000000000110000000000000000000011000001010000
000000100000000000000001010000000000000000000000001100000000000000000000000011110000000000000000000000000000000000000000000000000000000100100001101000
000001001000000000000000100000000000000000000000010000000000000000000000000001101100000000000000000000000000000000000000000000000000000011110001101100
000010001000000000000000000000000000000000000000100010000000000000000000000000001110100010000000000000000000000000000000000000000011000010010001000000
000010011000000000000000000000000000000000000001000110000111010000000000000001000000000010000000000000000000000000000000000000000011000001111001100000
000001100000000000000000000000000000000000000001001000000100101000000000000000111000010010000000000000000000000000000000000000000000000001101000000000
000001110000000000000000000000000000000000000001000000001111100000000000000000000000010000000000000000000000000000000000000000000000000000011000000000
000001110000000000000000000000000000000000000000100100111100001000000000000000000100100000000000000000110000000000000000000000000000000000011000000000
000000110000000000000000000000000000000000000100010010100110010000000000000000000000000000000000000000110000000000000000000000000000000000000000000000
000000000000000000000000000000000000000000001010001100100000000010000000001000000000000000000000000000000000000000000000000000000000000000000000000000
000000000000000000000000000000000000001110001010000000011000100101000000000100000000000000000000000000000000000000000000000000000000000000000010000000
000000000000000000000000000000000000011000100100000000000111000000100000001000000000000000000000000000000000000000000000000000000000000000000010000000
000000000000000000000000000000000000110010100000000000000010000100100000000000000000000000000000000000000000000000000000000000000000000000000010000000
000001110000000000000000000000000000010000010000000000000000000110100000000000000000000000000000000000000000000000000000000000000000000000000000000000
110100001000000000000000000000000000001100100000000000000000000011000000000000000000000000000000000000000000000000000000000000000000000000000000000000
000100001000000000000000000000000000000000100000000011000000000000000100111000111000000000000010000000110110000000000000000110000000000000000000000000
001100110000000000000000000000000000000000000000000011000000000000000100000000000000000000000010000000110110000100000000000000000011000000001000000000
000011000000000000000000000000000000000000000000001100000000000000000100000000011000000000000010000000000000001010000000000000000110100000010100000000
000000000000000000000000000000000000000000000000001100000000000001000000000011011000000000000000000000000000010010000000000000001000011000100100000000
000000000000000000000000000000000000000000000000000100000000000001000000000011000100000000110000000000000000001100000000000000010010010000011000000110
000000000000000000000000000000000000000000000000000101000000000001000000000001000100000000110000000000000000000000000000000000001000100000000000001010
000000000000000000000000000000000000011000000000000000100000000000000000000000011000000000000000000000000000000000000000000000001000100000000000000000
000000000000000000000000000000000000101000000110000101100000011100011011000000000000000000000000000000000000000000000000000000000001000000000000000000
000000000000000000001100000000000000100000001001000000000000000000000000010000000000000000000000000000000000000000000000000000000000000000000000000000
100000000000000000001100000000000000111000101011000000011100000001100000010000000000000000000011100010000000000000000000000000000000000000000000110001
110000000000000000000000000000000000000000101000000001101100000001001000010000000000000000000001010001000000000000000000000000000000000000000001100000
100000000000000000000000000000000000000000000000000001000111111001011000000000000000000000001101000010000000000000000000000000000000000000000000110001
000000000000000000000000000000000000000000000000000000000011011000000110000000000000000000001101010000000000000000000000000000000000000000000000010001
000000000000000000000000000000000000000000000000000000000011010000000000000000001000000000001101110010000000000000000000000000000000001000000000000000
000000000000000000000000000000000000000000000000000001000000000000000000000000011110011000000001111010000000000000000011100000000000001000000000000000
000000000000000000000000011000000000000000000000000001000000000000000000000000100001111000000000110110000000000000011000010000000000001000000000000000
000000000000000000001100011000000110000000000000000000000000000000000000000000011001000000000000110000011000000000111000010000000000000000001110101000
000100000000000000001100000000000110000000000000000000000111000000000000000000011000000000000000000000100100000001010101100000000000000000001001101000
111100000000000000000000000000000000000000011000000000000111000111000000000000001010000000000000000000011000000001101000000001100011000000001010000000
110100000010000000000000000000000000000000011000000000000100100101000000000000001110000000000000000000000000000000000100100010010011000000000010101011
000000000010000000000000000000000000000000000000000000000001001000100000000000001110000000000000000000000000000000000000100010100000000000000001000011
000000000010000000000000000000000000000000000000000000000000000111100000000000011100000000000000000000010110000000000001000001000000000000000000000000
110100000000000000000000000000000000000000000000000000000000000000111000000000000111100000000000000000110000000000000000000000000000000000000001101100
110100000000000000000000000000000000000000000000000000000000000000000000000000000111010000000000000000000010000000000000000000000000000011100000001001
100100000000000000000000000000001110000000000000000000000000110000000000111000000100000000000000000000011100000000000000000000000000000100010000001111
001000000000000000000000000000000000000000000000000000000000110001100000000000000010000000000000000000000000000000000000000000000000001000010000010000
001001100010000000000000000000000000100000000000000000000000000011110000000011100001100100000000000000000000000000000000000000000000001101011000100001
000001110101000000000000000000000000100000000000000000000000000111111000000100010000011100000000000000000000000000000000000000000000000011011000010100
100001100100100000000110000000000000100000000000000000000000001100001100000010010000000000000000000000000000000000000000000000000000000001010000000000
011111000011000000000110000110000000000000000000000000000000000111100100000000010000000000000000000000000000000000000000000000000111000001000000000000
001110000000000000000000000110000000000000000000000000000000000011000010000001000000000000000000001100000000000000000000000000000101000010000000000000
000100000000000000000000000000000000000000000000000000000000000000000110000011010000000000000000001100000000000000000000000000000101100000000000000000
000000000000000000000000000000000000000000000000000000000000000000011000000110011100000000000000000000000000000000000000000000000100010000000000000000
000000000000000000000000000000000000000000000000000000000000000000000000000110011100000000000000000000000000000000000000000000000010011000000000000000
000000000000000000000000000000000000000000000000000000000000000000000000000111001100000000000000000000000000000000000000000000000000110000000000000000
000000000100000000000000000000000000000000000000000000000000000000000000000000000100000000000000000000000000000000000000000000000000000011000000000000
000000001010000000000000000000000000000000000000000000000000000000000010000000000110000000000000000011000000000000000000000000000000000001100000000000
000000001010000000000000000000000000000000000000000000000000000001100001000000000101000000000000000011000000000000000000000000000000000001100000000000
000000000100000000000000001100000000000000000000000000000000000001001111000000000101000001000000000000000000000000000000000000000000000000000000000000
000000000000000000000000001100000000000000000000000000000000000001011110000000000101100001000000000000000000000000000000000000000000000000000000000000
000000000000000000000000000000000000000000000000000000000000000000100000000000000001000001000000000000000000000000000000000000000000000000000000000000
000000000000000000000000000000000000000000000000000000000000000000000000000000000010000000000000011000000000000000000000000000000000000000000000000000
000000000001000000000000000000000011100000000000000000000000000000000000000000000000000000000000011000000000000000000000000000000000000000000000001100
000000000001000000000000000000000000000000000000000000000000000000000110110000000000000000000000000000000000000000000000000000000000000000000000001100
000000000001000000000000000000000000001000000000000000000000000000000100010011000000000000000000000000000000000000000000000000000000000000000000000000
000000000000000000000000000000011000001000000000000000000000000000000111100100100000000000000000000000000000000000000000000000000000000000000000000000
000000000000000110000000000000011000001000000000000000000000000000000110000100100000000000000000000000000100000000000000000000000000000000000000000000
000000000000001001000000000000000000000000000000000000000000000000000111000100010000000000000000000000000100000000000000000000000000000110000000000000
000000000000000110000000000000000011100000110000000000000000000000000101000010010000000000010000000000000100000000000000000000000000000110000000000000
000000000000000000000001100110000000000000110000000000000000000000000100100001100000000000101000000000000000000000000000000000000000000000000000000000
000000000000000000000001100110011000000000000000000000000000000000000011000000000000000001010000000000000000000000000000000000000000000000000000000000
000000000011000000000000000000011000001100000000000000000000000000000000000000000000000001100000000000000000010000000000000000000000000000000000000000
000000000101000000000000000000000000010010000000000000000000000000000000000000000000000000000000000000000000101000000000000000000000000000000000000000
000110000010000000000000000000000000001100000000000000000000000000000000000000000000000000000000000000000001001000000000000000000000000000001100000000
000110000000000000000000000000000000000000000000000000000000000000000000000000000000000000000000011000000000110000000000011000000000000000010010000000
000000000000000000000000000000000000000000000000000000000000000000000000000000000000000000000000100100000000000000000000011000000000000000010100000000
000000000000000000000000000000000000000000000000000000000000000000000000000000000000000000000000011000000000000000000000000000000000000000001000000000
000000000000000000000000000000000000000000000000000000000000000001100000000000000000000000000000000000000000000000000000000000000000000000000000000000
000000000000000000000000001100000000000000000000000001000000000010010000000000000000000000000000000000000000000000000000000000000000000000000000000000
000000000000000000000000001100000000000000000000000010100000000001100000000000000000000000000000000000000000000000000011000000000000000000000000000000
000000000000000000000111000000000000000000000000000010100000000000000000000000000000000000000000000000000000000000000011000000000000000000000000000000
000000000000000000000000000000000000000000000000000001000000000000000000000000000000000000000000000000000000000000000000000000000000000000000000000000
000000000000000000010000010000000000000000000000000000000000000000000000000000000000000000000000000000000000000000000000000000011000000011000000000000
000000000000000000010000010000000000000000000000110000000110000000000000000000000000000000000000000000000000000000000000000000100100000100100000000000
000000000000000000010000010000000000000000000001001000001001000000000000000000000000000000000000000000000000000000000110000000011000000011000000000000
000000000000000000000000000000000000000000000000110000000110000000000000000000000000000000000000000000000000000000001001000000000000000000000000000000
000000000000000000000000000000000000000000000000000000000000000000000000000000000000000000000000000000000000000000001010000000000000100000000000000000
000000000000000000000000000000000000000000000000000001000000000000000000000000000000000000000000000000001000000000000100000000000001010000000000000000
000000000000011100000000000000000000000000000000000010100000000000000000000000000000000000000000000000010100000000000000000111000001010000000000000000
000000000000000000000000000000000000000000000000000010100000000000000000000000000000000000000000000000110100000111000000000000000000100000000000000000
000000000001000001000000000000000000000001000000000001000000000000000000000000000000000000000000000000000100000000000000010000010000000000000000000000
000000000010100010100000000000000000000010100000000000000000000000000000000000000000000000000000000000100100000000000000010000010000000000000000000000
000000000010100010100000000000000000000010100000000000000000000000000000000000001100000000000000000001001100000000000000010000010000000000000000000000
000000000001000001000000000000000000000001000000000000000000000000000000000000001100000000000000000011001100000000000000000000000000100000000000000000
000000000000000000000000010000000000000000000000000000000000000000000000000000000000000000000000000001101000000000000000000111000001010000000000000000
000000000000000000000000010000000000000000000000000000000000000000000000000000000000000000000000000000110000000000000000000000000001010000000000000000
