000000000000000000000110000000000000000000000000000000000000000000000000000000000000000000000000000000000000000000010000000000000000000000000000000000
000000000000000000001001000000000000000000000000000000000000000000000000000000000000000000000000000000000000000000101000000000000000000000000000000000
000000000000000000000110000000000000000000000000000000000000000000000000000000000000000000000000011100000000000000101000000000000000000000000000000000
000000000000000000000000000000000000000000000000000000000000000000000000000000000001100000000000000000000000000000010000000000000000000000001100001100
000000000000000000000000000000000000000000000001000000000000000000000000000000000001100000000000000000000000000000010000000000000000000000001010001100
000000000000000000000000000000000000000000000001000000100000000000000000000000000000000000000000000000000000000110100000000000000000011000001001000000
000000000110000000000000000000000000000000000001000000100000000001100000000000000000000000000000000000000000000000101000000000000000011000000000000000
000000001001000000000000000000000000110000000000000000100000000001100000110000000000000000000000000000000000000110001000000000000000000000000000100000
000000001001000000000000000000000000110000000000000000000000000000000000110000000000000000000000000000000000000001101000000000000000001000000000000000
000000000110000000000000000000000000000000000000000000000000000000000000000000000000000000000000000000000000000000000000000000000000110110000010110000
000000000000000000000000000000000000000000000000000000000000000000000000000000000000000000000000000000000000000000011000000000000000000000000010011000
000000000000000000000000000000000000000000000000000000000000000000000000000000000000000000000000000000000000000001010111000000000000000101000011100100
000000000000000000000000000000000000000010000000000000000000000000000000110000000000000000000000110000000000000001100011000000000000010001000001010100
000000000000000000000000000000000000000110000000000000000000000000000000110000000000000000000000110000000000000110000000000000000000010011000000111000
000000000000000000000000000000000000001001100000000000000000000000000000000000000000000000000000000000000000000111000000000000000000001110000000010000
000000000000000000000000000000000000010001100000000000000000000000000000000011000000000000000000000000000000001000100000000000000000000100000000000000
000000000000000000000000000000000000000000010000000000000000000000000000000011000000000000000000000000000110000111000000001110000000000000000000000000
000000000000000000000000000000000000001100100000000000000000000000000000000001000000000000000000000000001001000111011000110000000000000000000000000000
000000000000000000000000000000000000000011000000111000000000000000000000001010000000000000000000000000000110000000011000000010000000000000000000000000
000000000000000000000000000000000000000000000101001000000000000000001000001001000000110000000000000000000000000000101000101100000000000000000000000000
000000000000000000000000000000000000000000000101100100000000000000010100000110001001001000000000000000000000000000000000010000000000000000000000000000
000000000000000000000000000000000000000000000001001010000000000000010010000000100110110000000000000000000000000000000000000000000000001100000000000000
000000000000000011000000000000000000000110000000000010000000000000001100000000100100000000000000000000000000000000000000000000000000010100010000000010
000000000000000000000000000000000000000110000011100000000000110000000000000001100100000000000000000000000000000000000000000000000010101000001000000010
100000000000000011100000000000000000001000000010000100001100110000000000000001101000000000000000000000000000000000111000000000000101100001101000000011
110000000000110000000000000000000000100011000001111000001100000000000000000000101000000000000000000000000000000000000000000000000000000001110000000000
110000000001000100000000000000000010010011000000100000000000000000000000000000010000000000000000000000000000000000000000000000000010000001100000000001
010000000000101010000000000000000100011000000000000000000000000000000000000000000001000000000000000000000000000000000000000000001011000000000000000010
000000000000000000000000000000000100000100000000000000000000000000000100000000000010100000000000000000000000000000000000000000001111100000000000000001
000000000000000110000000000000000110000000000000000000000000000000001101000000000001100000000000000000000000000000000000000000000100110001000000000000
000010000010000000000000000001000001000001000000000000000000000001010000100000000000000000000000000000000000000000000000000000000011100010100000000000
000010000101000000000000000010100000101101000000111000000000000001011001000000000000000000000000000000000000000000000010000000000010100100000000000000
000010000110000000000000000010100000000000000000000000000000000001000000000000000000000000000000000000000000000000000101000000000001100100000110000110
000000000000000000000000000001000000000000000010000010000000000000000000000000000000000011000000000000000000000000001001000110000011000100101110000010
000000000000000000000000000000000000000000000010000010000000000010010100010000000000000011000000000000001100000000000110001001001011001110010000000000
000000000000000000000000000000000000000001100010000010000000000010001100001000000000000000000000000000001100000000000000000000110111001101100000000000
000000000000000000011000000000000110010110100000000000000000001000111000010000000000000000000000000000000000000000000000001010010010101100000001100000
000000000000000000100100000000001000101000110000111000000000001110000000000001100000000000000000000000000000000000000000001110010100001100000001100000
000000000000000000100100000000000000001101100000000000000000000100000000000100100000000000000000000000000000000000000000001000000000000000000000000000
000000000000000000011000000111000110001010101000000000000000000000000000000100110000000000000000000000000000000000000000000110110000000000000000000000
000000111000000000000000001001000000000000101000000000000000000001100110000101110000000000000000000000000000000000000000000010100000000000000000000000
000000000000000000000000001000100000001110010000000000000000000000010101100000110000000000000000000000000000000000000000000001000010110000000000000000
000000000000000000000000000111100000111000000000000000000000000000011010110111100000000000000000000000000000000000000000000000000010100000000000000000
000000000000000000000000000001000000110000000000000000000000000000000000001101100000000010000000000000000000000000000000000000000001000000000000000000
000000000000000000000000000000000000000000000000000000000000000000001000001111000000000101000000000000000000000000000000000000000000000000000000000000
000000000000000000000000000000000000000000000000000000000000000000001000000000000000000011000000000000000000000000000000000000000000000000000000000000
000000000000000000000000000000000000000110000000000000000000000000000000000000000000000000000000000001000000000000000000000000000000000000000000000000
000000000000000000000000000000000000000110000000000000000000000000000000000000000000000000000110000010100000000000000000011100000000000000000000000000
000000000000000000000000000000000000000000000000000000000000000000000000000000000000000000000110000010100000000000000000000000000000000000000000000000
000000000000011100000000011001110000000000000000000000000000000000000000000000000000000000000000000001000000000000000000000000000000000000000000000000
000000000000000000000000011010010000000000000000000000000000000000000000000000000000000000000000000000000000000000000000000000000000000000000000000000
000000000000000000000000001001011000000000000000000000000000000000000000000000000000000000000000110000000000000000000000000000000000000000000000000000
000000000000000000000000000101010000000000000000000000000000000000000000000000000000000000000001001000000000000000000000000000000000000000000000000000
000000000000000000000000000000100000000000000000001100000000000000000000000000000000000000000000110000000000000000000000000000000000000000000000000000
000000000000000000000000000000000000000000000000001100000000000000000000000000000000000000000000000000000000000000000000000000000000000000000000000000
110000010000000000000000001101100000000000000000000000000000000000000000000000000000000000000000000001000000000000000000000000001100000000000000000000
110000101000000000000000001000010000000000000000000000000000000000001000000000000000000000000000000010100000000000000000000001000110000000000000000000
000000011000000000000000001000010000000000000000000000000000000000001000000000000000000000000000000010100000000000001100000001111101100000000000000100
000000000000000000000000010000100000000001100000000000000000000000001000000000000000000000000000000001000000000000001100000001110000100000000000001010
000000000000000000000000000000000000000010010000000000000000000000000000000000001000000000000000000000000000000000000000000000000010100000000000001001
000000001100000000000001000000000000000001100000000000000000000000000000000000011100000000000000000000000000000000000000000000000011000000000000000110
000000001010000000000010000010000000000000000000000000000000000000000011000000101010000000000000000000000000000000000000000000000101000000000000000000
000000000100000000000011100011000000000000000000000000000011000000000011000001110111000001100000000000000000001110000000000000000111000000000000000000
000000000000000000000010010010000000000000000000000000000011000000000000000000101010000001110000111000000000001010000000000000001100100000000000000000
000000000000000000000001100100000000000000000000000000000000000000000000000000011100000000100000011000000000000111000000000000001110000000000000000000
000000000000000000000000000000000000001000000000000000000000000000000000000000001000000001000000000100000000000000000100000000000000000000000000000000
000000000000000000000000000000000000010100000000000000000000000000000000000000001000000010000000000011000011000000011110000000000000000000000000000000
000000000001100000000000000000000000010100000000000000000000000000000000000000011100000001100011000001000110110000000101000011001001001000000000000000
000000000001001000000000000000000000001000000000000000000000000000000000000000101010000000000011001001001101000000001101001101010011111000000000000000
000000000001000000000000000000000000000000000000000011000000000000000000001100110111000000000001001010000110000001000110001101001011000100000000000000
000000000100100001000000000000000000000000000000000011000000001100000000010011101010000000000000000000000011110000010110000110000000001000000000000000
000000011100010000100000000000000000000000000000000000000000010010000000001100011100000000100100110000000001000000011000000000000000010000000000000000
000000010001000000100000000000000000000000000000000000011000001100000000000000010000000000001110000000000000000000000001000000000011000000000000000000
000000010111100001100000011000000000000000000000000000011000000000000000000000010000000001000010101000010000000000000000100000000001000000000000000000
000000001010100010000000101000000000000000000000000000000000000000000000000000101000000000011010100000001000000000000110100000000000000000000000001100
000000001000011110000000001000000000000000000000000000000000000000000000000000101000000000110111100000010000000000000001000000000000000000000000010010
000000001110000000000001011010000000000000000000000000000000000000000000000000010000000000100111101000000000000000000000000000000000000000000000001100
000000000000000000000000101101000000000110000000000000000000000000000000011000000000000000010100011000000000000000000001000000000000000000000000000000
000000000000000000000000000101000000000110000000000000000000000000000000011000000000000000001000001000000000000000000001000000000000000000000000000000
000000000000000000000000000000000000000000000000000000000000000000000000000000000000000000000000000000001100000000000001000000000000000000000000000000
000000000000000000000000000000011000000000000000000000000000000000000000000000000000001100000000000000011100000000000000000000000000000000000000000000
000000000000000000000000000000000000000000000000000000000000000000000000000000000000001100000000000000011100011000000000000000000000000000000000000000
000010000000000000000000000000000000000000000000000000000000000000000000000000000000000000000000000001100000011000000000000000000011000000000000000000
000010000000000000000000000000000000000000000000000000000000000000000000000000000000000000000000000000110000000000000000000000000011000000000000000000
000010000000000000000001000000000000000000000000000000000000000000000000000000000000000000000000000000010000000000000000000000000000000000000000000000
000000000000000000011010110000000000000000000000000000000000000000000000000000000000000000000000000000000000000000000000000000000000000000000000000000
111000000000001101101010110000000000000000000000000000000000000010000000000000000000000000000000000000000000000000000000000000000000000000000000000000
000000000000010000111000100000000000000000000000000000000000000010000000000001100000110000000000000000000000000000000000000000000000000000000000000000
000000000000010000000000000000000000000000000000000000000000000010000000000001100001001000000000000000000000000000000000000000000011100000000000000000
000000000000001111100000000000000000000000000000000000000000000000000000000000000000110000000000000000000000000000000000000000000000000000000000000000
000000000000000000000000100000000000000000000000000000000000111000000000000000000000000000000000000000000000000000000000000000000000000000001100000000
000011000000000000000001100000000000000000000000000000000000000000000000000000000000000000000000000000000000000000000000000000000000000000001100000000
000001100000000000000100000000000000000011000000000000000000000010000011000000000000000000000000000000000000000000000000000000000000000000000000000000
000010000000000000000100100000000000000011000000000000000000000010000011000000000000000000000000000001100000000000000000000000000000000000000000000000
000000000000000000000110110000000001000000000001100000000000000010000000000000000000000000000000000001100000000000000000000000000000110000000000000000
000000000000000000000110110000000011100000000001100000001000000000000000000000000000000000000000000000000000000000000000000000000000110000000000000000
000000000000000000000010011000000100000000000000100000001000000000110000000000000000000000000000000000000000000000000000000000000000000000000000000000
000001100001000000001000110000001100000000000000110000010100000000110000000000000000000000000000000000000000000000000000000000000000000000000000000000
000001100001000000001000000000000111010000000000100000000000000000000000000000000000000000000000000000000000000000000000000000000000000000000000000000
000000000001000000001001000000000011110000011000100000000000110000000000000000000000000000000000000000000000000000000000000000000000000000000000000000
100000000000000000000110000000000001100000011000010011100000110000000000000000000000000000000000000000000000000000000000000000000000000000000000000001
100000011100011100000000000100000000000000000000001000010100000000000000000000000000000000000000000000000000000000000000000000000000000000000000000001
000010000000000000000000000100010000000000000000000000000100000000011000000000000000000000000000000000000000000000001000000000000000000000000000000000
000010000001000000000000000000010000110000000000000010000100000000100100000000000000000000000000000000000000000000010100000000000000000000000000000000
000010000001000000000000000001000101101000000000000001100000000000011000000000000000000000000000000000000000000000100100000000000000000000000000000000
000000000001000000000000000001011000101100000000000000000000000000000000000000000000000000000000000000000000000000011000000000000000001100000000000000
111000111000000000000000011001110000001000000000000000000000000000000000000000000000000000000000000000000000000000000000000000000000010100000000000000
000000000000000000000000011000100000111000000000000000100000000000000000000000000000000000000000000000000000000000000000000000000000001000000000000000
000010000000000000000000000101000100000000000000000000100000000000000000000000000000000000000000000000000000000000000000000000000000000000000000000000
000010000000000010000000000001100010000000000000000000100000000000000000000000000000000000000000000000000000000000000000000000000000000000000000000000
000010000000000101000000000001110100000000000000000000000000000000000000000000000000000000000000000000000000000000000000000000000000000000000000000000
000000000000001001000000000000000000000000001000001100000000000000000000000000000000100000000000000000000000000000000000000000000000000010000000000000
000000000000000110000000000000000000000001010100001100000000000000000000000000000001010000000000000000000000000000000000000000000000000010000000001100
000000000000000000000000000000000000000011000100000000000000000000000000000000000010010000000000000000000000000000000000000000000000000010000000001100
000000000000000000000000000000000000001100011000000000000000000000000000000000000001100000000000000000000000000000000000000000000000000000000000000000
000000000000000000000000000000000000001110111000000000000000000000000000000000000000000000000000000000000000000000000000000000000000000000000000000000
000000000000000000000000000000000000000010001100000000000000000000000000000000000000000000000000000000000000000000000000000000000000000000000000001100
000000000000000000000000000000000000011101100010000000000000000000000000000000000000000000000000000000000000000000000000000000000000000000000000001100
000000000000000000000000000000000000001001100000000000000000001000000000000000000000000000000000000000000000000000000000000000000000000000000000000000
000000000000000000000000000000000000000000000001011000000000011100000000000000000000000000000000000000000000000000000000000000000000000000000000000000
000000000000000000000000000000000000000000010000001100000000110010000000000000000000100000000000000000000000000000000000000000000000000000000000000000
000000000000000000000000000000000000000000001000100000000001011001000000000000000001010000000000000000000000000000000000000000000000000110000000000000
000000000011000001100000000000000000000000000000000000000011100000000000000000000001010000000000000000000000000000000000000000000000000110000000000000
000000000011000001100000000000000000000000000000000000000110110001000000000000000000100000000000000000000000000000000000000000000000000000000000000000
000000000000000000000000000000000000000000000000000010001010000110000000000000000000000000000000000000000000000000000000000000000000000000000000000000
000000000000000000000000000000000000000000000000000101001010000000000000000000000000000000000000000000000000010000000000000000000000000000000000000000
000000000000000000000000000000000000000000000000001000001010000000000000000000000000000000000000000000000000101000000000000000000000000000000000000000
000000000000000000000000000000000000000000000000001000101011100000000000000000000000000000000000000000000001001000000000000000000000000000001100000000
000000000000000000000000000000000000000000000000001000001011100000000000000000000000000000000000000000000000110000000000011000000000000000010010000000
000000000000000000000000000000000000000000000000001000010000000000000000000000000000000000000000000000000000000000000000011000000000000000010100000000
000000000000000000000000000000000000000000000000000100010000000000000000000000000000000000000000000000000000000000000000000000000000000000001000000000
000000000000000000000000000000000000000000000000000100001000000000000000000000000000000000000000000000000000000000000000000000000000000000000000000000
000000000000000000000000000000000000000000000000000000001100000000000000000000000000000000000000000000000000000000000000000000000000000000000000000000
000000000000000000000000000000000000000000000000000011001000000000000000100000000000000000000000000000000000000000000000000000000000000000000000000000
000000000000000000000000000000000000001100000000011000000000000000000001010000000000000000000000000000000000000000000000000000000000000000000000000000
000000000000000000001100000000000000001100000000011000000000000000000001010000000000000000000000000000000000000000000000000000000000000000000000000000
000000000000000000001100000000000000000000000000000000000000000000000000100000000000000000000000000000000000000000000000000000011000000011000000000000
000000000000000000000000000000000000000000000000000000000000000000000000000000000000000000000000000000000000000000000000000000100100000100100000000000
000000000000000000000000000000000000000000000000000000000000000000000000000000000000000000000000000000000000000000000000000000011000000011000000000000
000000000000000000000000000000000000000000000000000000000000000000000000000000000000000000000000000000000000000000000000000000000000000000000000000000
000000000000000000000000000000000000000000000000000000000000000000000000000000000000000000000000000000000000000000000000000000000000100000000000000000
000000000000000000000000000000000000000000000000000000000000000000000000000000000000000000000000110000000000000000000000000000000001010000000000000000
000000000000000000000000000000000000000000000000000000000000000000001100000000000011100000000000110000000000000000000000000000000001010000000000000000
000000000000000000000000000000000000000000000000000000000000000000001100000000000000000000000000000000000000000000000000000000000000100000000000000000
000000000000000000001100011000000000000000000000000000000000000000000000000000000000000000000000000000000000000000000000000000000000000000000000000000
000000000000000000010010011000000000000000000000000000000000000000000000000000001000000000000000000000000000000000000000000000000000000000000000000100
000000000000000000010100000000000000000000000000100000000000000000000000000000010100000000000000000000000000000000000000000000000000000000000000000100
000000000000000000001000000000000000000000000001010000000000000000000000000000010100000000000000000000000000000000000000000000000000000000000000001000
000000000000000000000000000000000000000000000001010000000000000000000000000000001000000000000000000000000000000000000000000000000000000000000000000000
000000000000000000000000000000000000000000000000100000000000000000000000000000000000000000000000000000000000000000000000000000000000000000000000000000
