00001110001110000000000000000000000000000110000000
00000101010001000000000000000000000000000111111000
00000011011000100000000000000000000000000110010000
00000001000111000000000000000000000000000001100000
00000000000000000000000000000000000000000000000000
00000000000000000000011000000000000000000000000000
00000000000000000000101000000000000000000000000000
00000000000000000000010000000000000110000000000000
00000110000000000000000000000000001001000000000000
00000110000000110000000000000000000110000000000000
00000000000000110000000000000000000000000000000000
00000000000000000000000000110000000000000000000000
00000000000000000000011001001000000000000000000000
00000000000000000000011000110000000000000000000000
00000000000000000000000000000000000000000000000000
00000000000000000000000000000000000000000000000000
00000000000000000000000000000000000000000000000000
00000000000000000000000000000000000000000000000000
00000000000000000000000000000000000000000000000000
00000000000000000000000000000000000000000000000000
00000000000000000000000000000000000000000000000000
00000000000000000000000000000000000000000000000000
00000000000000000000000000000000000000000000000000
00000000000000000000000000000000000000000000000000
00000000000000000000000000000000000000000000000000
00000000000000000000000010100000000000000000000000
00000000000001000000000100000000000000000000000000
00000000000011100000000100010000000000000000000000
00000000000101010000000100010000000000000000000000
00000000001110111000000010010000000000000000000000
00000000000101010000000000100000011000000000000000
00000000000011100000000000000000011000000000000000
00000000000001000000000000000000000000000000000000
00000000000000000000000000000000000000000000000000
00000000001110000000000000000000000000000000000000
00000000001000000000000000000000000000000000000000
00000000000100000000000000000000000000000000000000
00000000000000000000000000000000000000000001000000
10100000000000000000000000000000000000000010100000
00100000000000000000000000000000000000000010010001
10100000100000000000000001011010000000000010100000
00000000010000000000000001111100000000000001000000
00000000001000000000000100101100000000000000000000
00000010001000000000000011000000000000000000000000
00000010001000000000000000000000000000011000000000
00000001010000000000000000000000000000010100010000
00000000010000011100000000000000000000001100111000
00000001100000000000000000000000000000000111011000
00000011000000000000000000000000000000000000000000
00001110000000000000000000000000000000000000000000
