000000001100000000000000000000000000110000000000000000000000000000000000000000010000000000000000000000000000001101100000000000000000001011110000000000
000000000000000000000000000000000000010100000000000000000000000000000000001111110000000000000000000000000000000111000000000000000000000100110100000000
000000000000000000000000000000000000001000000000000000011000000000000000001000000100000000000000000000000000000010000000000000000001111100000000000000
000000000000000000000000000000000000000000000000000000100000000000000000001111111000000000000000000000000000000000000000000000000100001001000000000000
000000000000000000000000000000110000000000000000000000100100000000000000001100111000000000000000000000000000000000000000000000001000001001100000000000
000000000000000000000000110001011110000000000011100000100000000000000000000000000000000000000000000000000011000000000000000000001000001001001000110000
000000000000000000000000000000111111000000000000000000110000000001100001110001100000000000000000000000000100100000000000110000001100011000001101100000
000000000000000000000000000000000011000000000000000000000000000001100001111100001000000000000000000000000100100000000000110000000110001000000011000000
000000000000000000000000000000000001000000000000000000000000000000000001111100110100000000000000000000000011000000000000000000000010000000000000000000
000000000000000000000000000000000001000000000000000110000000000000000000000000111000000010000000000000000000000000000000001000000000110000000000000000
110000000000000000000000001100000001000000000000000110000000000000000000000000001000000001000000111000000000000000000000010100000000100000001000000001
010000000000000000000000010010000001000000000000000100000000000000000000000000000110000100001001000010000000000000000000000000000000011000001001101110
100000000000000000000000001100000010000000000000000000000000000000000000000000000010000000001100000001100000000000000001100010000000000000001001000001
000000000000000000000000000000000010000000000000000000000000000000000000000000000000000100000010000001110000000000000010111010000000000000000001101111
000000000111000000000000000000000000000000000000000000000000000000000000000000000000001100010001110000010000000000000010000100000000000000000000010010
001000000000000000000000000000000000000000000000000000000000000000000000000000000000000011000000010111000100000000000000000000000000000000000000001001
001000000000000000000000000000000000000000000000000000000000000000000000000001100000000001001000001011100001110000000000000000000000000000000000001010
001000000000000000000000000000000000000000000000000000000000000000000000000001100000000000101000000000000111000000000000000000000000110000000000000000
000000000000000000000000000000000000000000000000000000000011000000000000000000000000000000000000000000000011000000000000000000000001001000000000110000
000000000000000000000000000000000000000000000000000000000011000000000000000000000000000000000000000000001010000000000001000000000001001000000001010000
000000000000000000000000000000000000000000000000000000000000000000000000000000000000000000000000000000000001000000000010100000000001001000000000100000
000110000000000000000000000000000000000000000000000000000000000000000000000000000000000000000000000000000111000000000010100000100001001000000000000000
001001000000000000000000000000000000000000001100000000000000000000000000000000000000000000000000000000000011001100000000000001000100110000100000000000
000101000000000000000000000000000000000000001100000000000000000000000100000000000000000000000000000000000000001100000000000000100100000001100000000000
000010000000000000000000000000000000000000000000000000000000000000001010000000000000000000000011000000000000000000000000000000100010000010100000000000
000000000000000000000000000000000000000000000000000000000000000000010001000000111100000011000011000000000000000000000000001000011011000110000000000000
000000000000000000000000000000000000000000000000000000000000000000010001000000100110000011000000000000000000000000000000001000100111000010101110000000
000000000000000000000000000000000000000000000000000000000000000000010001000000010011000000000000000000000000000000110000000000000000000000100000000000
000000000000000110000000000000000000000000000001100000000000000000001010000000010011010000000000000000000000000000110000001000001000000000000000000000
000000000000001001000000000000000000000000011010010000000000000000000111011100001100010000000000000000000000000000000000001001000000000000000000000000
000000000000001001000000000000000000000000011001100000000000000000000001110100000000010000000000000000000000111000000000000001001100000000000000000000
000000000000000001000000000000011100000000000000000000000000000000000001111010000000000000000000000000000000111000000000000000010111100000000000000000
000000000000001010000000000000011100000000000000000000000000000000000000001000000000000000000000000000000000000100000000000011010100010000000000000000
000000000000001100000000000000011000000000000000000000000000000000000000011100000000000000000000000000000000000000000000000001010011010000000000000000
000000000000000000000000000000100000000000000000000000000000000000000001010000000000000000000000000000001100001100000000000010101100000000000000000000
000000000000000001000000000011001000000000000000010000000000000000000000110000000000000000000000000000001100001100000000000101100100100000000000000000
010000000000000010100000000001000100000000000010000100000000000000000000000000000000000000000001100000001000010100000000000011000000000000000000000000
101100000000000000000000000001001000000000000010000010000000000000000000000000000000000000000010100000000111000101110000000001000011000000000000000001
101000000000000000000000001100111000000000000010000000000000000111000000000000000000000000000001000000000000001010000000000000000000000000000000000001
011001000000000000000000001100000000000000000000100000000000000000000000000000000000000000000000000000000000100011001000000000000000000000000000000000
000111000000000001000000000000000000000000000000001000000000010000010000000000000000000000000000000000000000000011000000000000000000000000000001110000
000100100110000011100000000000000000000000000000010100000000010000010000000000000000000000001100000000000000000001011000000000000000100000000000000000
000011000111010110011000000000000000000000000000010100000000010000010000000000000000000000000110000000000000000001100000000000000000100000000000000000
000011010001010001011000000000000000000000000000100010000000000000000000000000000000000000001100000000000001000000000000000000011000100000000000000000
000001000010000110100000000000000000000000000000010100000000000111000000000000000000000000111000000000000001100000000000000000011000000000000000000000
000001000010111110000000110000000000000000000000001000000000000000000000000000000100000000100000000000000001000000000000000000000000000000000000000000
000000000001111110000000110000000000000000000010000000000000000000000000000000001010000000100000000000000000000000000000000000000000000000000000000000
000110000100000011000000000000000000000000100011000000000000000000000000000000001010000000000000000000000000001111000000000000000000111000001110000000
000010000010000110000000000000000000000001011110001100000000000000000010000000001011110000000000000000000000111100100000000000000000000000000000000000
011011001100001100000000000000000011000000111101001100000000000000000000100100000111001000000000000000000100000100010000000000000000000001100000000000
001010001000100100000000000000000011000000010010001000000000000000000000100010000100001000000000000000010000000000100000000000000000000010010000000000
000100000000011000000000000000000000000110000100000000000000000000000000000010000000001000000000000000000000000000000011100000011001000001100000000000
000000000000000000000000000001000000001001000110000000000000000000000011000000000001010000000000000000100111111010000000000000011011100000000000000000
000000000000000000000000000011100000001010000000001100000000000000000001011000000001100000000000000000101000000000001000001000000010100000000000000000
000000001000000000000000000110010000000001000000001100000000000000000000110000000111000000000000000000001000000000001000001000110101100000000000000000
000000000000000000000000000000110000000001000000000000000001000000000000100000001000100000000000000000010000000000001000001000110011100000000000000000
000000110000000000000000000100000000000000000000000000000110000000000000000000001000100000000000000000000000000100000000000001000011000010100000100000
000011100000000000000000000000000100000111000000000000000000000000000000000000000000100000000000000000000000001010000000000000111110000100100001100000
000110010000000000000000000000000100000000000000000000000000000000001110000000001010000000000000000000000000001010000000000000111100000010100001000000
011100110000000000000000000000000100000000000000000000000000000000001110000000011000000000000000000000000000000100000000000000001000000011000011000000
011000000000000000000000000000000000000000000000000000000000000000001100110000011000000000000000000000000000000000000000000000000000000000000100010000
000000000000000000000000000000101000000000000000000000000000000000000000110000001111000000000000000011000000000000000000000000000000000000000000010000
000000000000000010000000000000000000000000000000000000000000000000000001100000000110000000000000000110100000000000000000000011100000000000000100001000
000000000000000010000000000000100000000000000000000000000000000000000011100000000111000000011000000110000000000000000000000000000000000000000000110000
000000000000000001000000000000000001000000000000000000000000000000011100010011000000100000011000000010000100000000000001100000000000000000000000110000
000000000000000000000001000000001001100000000000000000000000000000110100010100100010100000000000000000100100000110000001101100000000000000000110010000
100000000000000000000110000000000010100000000000000000000000000001000001100011000001100000000000000000000000000110000010001100000000000000000111110000
100000000000000000000010000000000000001100000000000000000000000001011000000000000000000000000000000000000000000000000001100010000000000000000001011000
100000000000000000000000000010000000001010000000000000000000000000100000000000000000000000000000000000000000000000000001101100000000000000000110010000
000000000000000000000110000011100000001100000000000000000000000000011110000000000000000000000000000000000000000000000000001100000000000000000011100000
000000000000000000000000000011100000000000000000000010000000000000001110010000000000000000000000000000000000000000000000000000000000000000000001000000
000000000000000000000000000001000000000000000110000101000000000000000011010000000000001110000000000000000000000000000000000000000000000000000000000000
000000000000000000000001100001110000000000001001011001000000000000000000100000000000001010001100000000000000000000000000000000000000000001000000000000
000000000000000000000000010001000000000000010001111110000000000000000000000011000000001000001001100000000000000000000000000000000000000001000000000000
000000000000000000000000000001001000110000000001000000000000000000000000000111000000010100010011010000000000000000000000000000000000000001000000000000
000000000011100000000000000001101100110000000100000000000000000000000000000000001000011001111111001000000000000000000000000100000000000000000000000000
000000110000000000000000000000100100000000001101100000000000000000000000000000001001100110111000110000000000000000000000000101000000000000000000000000
000000110001100000000000000000011000000000000000000000000000000000000000000000011001111100000000000000000000000011000000000000100000000000000000000000
100000000001100000000000000000000000000000000000000000000000000000000000000000011100000000000000000000000000100111000010000001000000001100000000000011
100000000001100000000000000000000001000000000000000000000000000000000000000000001110000000000000000000000001110011000010000110000000001100000000110000
100000000000000000000000000000000010100000000000000000000000000000000000000000000010000000000000000000000000010011000100000100000000000000010000110001
000000000000000000000000000000000011000000000000000000000000000000000000000000101100000000000000000000000000110000000111010000000000000000010100011111
000000000000000000000000000000000000000000000000000000000000000000000000000000000100000000000000000000000001001000000010000000000000000000101100000000
000000000000000000000000000000000000000000000000000000000000000000000000000011000000000000000000000000000001010000000000000000000000000000011100000010
000000000000000000000000000000000000000000000000000000000000000000000000000100010100000000000000000000000000000000000000000000000001100000000000011000
000000000000000000111000000010000000000000000000000000000000000000000000000000001000000000000000000000000000100100000000000000000001100000000000011000
000000000000000000111000000010000000000000000000000000000000000000110000000001101100000000000000000000000001101100000111000000000000000000000000000000
100000000000000001100100000010000000000000000000000000000000000000110000000001001000000100000000011000000000101100001000010000000000000000000000000000
100000000000000000000000000000000000000000000000000000000000000000000000000000111000001100000000100100000000010000010000100000000000000000000000000000
100000000000000000000001000000100000000000000000000000000000001000000000000000010000000000000000011000000000000000001000010100000000000000000000000000
000000000000000000011111110000011000000000000000000000000000001000000000000000000001001000000000000000000000000000001000101011000000000000000000000000
000000000000000001101101010000111000000011000000000000000000001000000000011000000001001000000000000000000000000000000100001000000000000000000001100000
000001100000000000100011011001110000000011000000000000000000000000000000101000000001110000000000000000000000000000000000001000000000000000000001100000
000010100000000000010000000001000000000000000000000000000000000000000000111000000000000000000000000000000000000000000000100000000000000000000000000000
000010010000000010010000000001000000000000000000000000000000000000000010010000000000000000000000000000000000000000000000000000000000000000000000000000
010001100000000010010000000000000000000000000000000000000000001100000001100000000000000000000000000000000000000000000000000000000000110000000000000111
011000100000000001010000000000000000000000000000000000000000001100000000000000000000000000000000000000000001100000000000000000000010100000000000000110
000000000000000000100000000000000000000000000000000000000000000000000000000000000000000000000000000000000000000000001000001100000011000000000000000101
000000000000000000000000000001000000000000000000000000000000000000000000000000000000000000000000000000000100000000000000010010000000000000000100000010
000000000000000000000000000001000000000000000000000000000000000000000000000000000001100000000000000000000101100000000000010000000000000000001010000000
000000000000000000000000000001000000000000000000000000000000000000000000000000011111010000000010000000000010000000000000000000000000000000000100000000
000000000000000000000000000000000000000000000011000001100000000000000000000000101100010000000001000000000000000000000000000100000000000000000000000000
000000000000000000000000000000000000000000000011000001100000000000000000000100000000100000100010000000000000000000000000000100111000000000000000000000
000010000000000000000000000000000000000000000000000001110000000000000000000100000100100000000000000000000000000000000000011001000100000000000000000000
000111000000000000000000000000000000110000000000000000000000000000000000000100000000000100001000000000000000000000000000000011000000000000101000000000
001010100000000000000000000000000000110000000000000000000000000000000000000000111000000100000001100000000000000000000000000100000010110000000100000000
011101110000000000000000000011000000000000000000000000000000000000000000000000010000001000100010010000000110000000000000000100110110110000100000000000
001010110000000000000000000100100000000000000000000000000000000000000000000000000000000111010110100000000110000000000000000000100000000000001000000000
000111011100000000000000000101000000000110000000000000000000000000000000000000000101000110001101000000000000000000000000001000000000000000011000000000
000010001100000000000000000010000000000110000000000000000000000000000000000000000101100000010000000000000000000000000000111011000000000000011000000010
100000000000000000000000000000000000000011000000000000000000000000000000000000000111000110000000000000000000000000000100011001000000000000000101000001
000000000000000000000000000000000000001001011100000000000000000000000000000000000000000000000000000000011000000000000100000000100000000000000010110011
000100000000000000000000000000000000001111010100000000000000000000000000000000000000010000000000010000100100000000000100001000110000000000000110100111
001110000000000000000000000000000000110000100100000000000000000000001100000000000000010000100000010000011000000000000001001010000000000000001010010010
001001100000000000000000000000000000111110001100000000000000000000011100000000000000000000100000010000000000000000000000110000010000000000001010010000
100100100001000000000000000000000000100010101100000000000000000000000000000000000000100011000000000000000000000000000000000011010000000001010100000000
010100000001000000000000000000000000101101110100000000000000000000000000000000000000111000000000000000000000110000000000000101000000000000101100100011
000001000001000000000000000000000000000100000111000000000000000000000000000000000011000100000000000000000001001000000000000000000000000000101110000010
000110000000000000000000000000000000011000000000000000011000011000100000000000000000111001100000000000000001010000000000110001100000000011100000000010
000100000000000000000000000000000000000000000000000000100100101100010000000000000000011111100000000000000000100000000000000000100000000011011000000000
001000000000000000000000001000000000000000000000000000011000100010000000000000011000000000010000000000000000000000000000001000100000000001101000000010
100000000000000000000000100010000000000010000010000000000000011110000000000000100100001011001000100000000000000000000000000111000000100000011000000000
000000000000000000000000100000000000000101000101000000000000001000000000000000011000010000001001010000000000000000000000000000000001010000001010000000
000000000000000000000000000001011000000101000101000000000000000111000000000000000000010001010001010011000000000000000000010000110001010000000000000000
000000000000000000000000100001001100000010000010000000000000001000000000000000000000000000100000100011000000000000000000100100000000100001000000000000
000000000000000000000000100001011000000000000000000000000000011000100000000000000000001001000000000000000000000000000001001101000000000000000010000000
001100000000000000000000010011010000000000111000000000000000000000000000000000000000000010000000000000000000000000000001110000010000000100001101000000
001100000000000000000000000100000000000000000000000000000000000111000000000000000000000000000000000000000000000000000000100000000000000000110000000000
000000110000000000000000000000000000000000000000000000000000000000000000000000001110000000000000000000000000010000000000001000000000001010110000000000
000001001000000000000000000000000000000000000001000000000000000000000000000000000000000000000000000000000000101000000000000100100000001100000000110001
000001010000000000000000000000000000000000000001000000000000000000000000000000000000000000000000011111110000101000000000000101100000000000000001001110
000000100000000000110000000000000000000000000001000000000000000000000000000000000000000000000000110101001000010000000000000010100000000000000001001100
011000000000000001010000000000000000110000000000000000001100000000000000000000000000000000000110000101001000000000011000001100000000000000000001000000
011000000000000001100000000000000000101000000000011100010010000000000000000000000000000000000010010100110000000000101000000101000000000000000000111000
000000010000000000000000000000000000010000000000000000001100000000000000000000000000000000001011010100000000001000101000000001000000000000010000000000
000000101000000000000000000000110110000000000000000000000000000000000000000000000000000000010010110000000000010100010000000110000000000000000100110000
000000100100000000000000000000110000000000000000000010000000000000000000000000000000010000011000100000100000000110000000000011011000000010000111110000
011000011000000000000000110000000100100000000000000101000000000000000000000000000000000000001110010000100000001100000000000110000001000010000011000000
011000000000000000000000110000000010100000001100000101000000000000000000000000000000010000000100010010110000000100000000000000000010100000100000011100
011000000000000000000000000000000010100000001100000010000000000000000000000000110000010000000010010000000000001010000000000000000010100000000000011100
000000000000000000000000000110000000000000000000000000000000000000000000000000110000010000000010010000011000010001000000111111010001000000000000011000
000000011000000000000000000110000000000000000000000000000000000000000000000000000010000000000000000000000000000100000000111111100000000011000000000000
000000011000000000000000000000000000000000000000001100000000000000000000000000000010000000000000000000100000000000000000011101000000000011000000000000
000000000000001000000000000000000000000000000000001100000000000000000000000110000010000000000000000001100000000100000000000000000000000000000000000000
000000000000001010000000000000000000000000000000000000000000000000000001000110000000000000000000000010010000001110000000000000000000000000000000000000
000000000000000001000000000000000000000000000000000000000000000000000010100000000000000000000000001100100000001101000000000000000000000000000000000000
000000000000010001000000000000000000000000000000000000000000000000000001000000000000000000000000001001000000000000000000000000000000000000000000000000
000000011100100001000000000000000000011000000000110000000000000000000000000000000000000000000000000111000000001010000000000000000000000000000000000000
000000010000010010000000000000000000100110000001100000000000000000000000000000000000000000000000000000000000011100000000000000000000000000000000000000
000000010100001100000000000000000000110110000000000000000000000000000000000000000000000000000000000000000000011001100000000000000000000010110000000000
