000000000000000000000000010000000000000000000000000000000000000000000000000000000000000000000011000000000000000000000000000000000000100000000000000000
000000000000000000000000000000000000000000000110000000000000000000000000000000000000000000000011000000000000000000000000000000000000000000000000000000
000000000000000000000000000000000000000000000110000000000000000000000000000000000000000000000000000000000000000000000000000000000000000000000000000000
000000000000000000000000000000000000000000000000000000000000000000000000000000000000000000000000000000000000000000000000000000000000000000000000000000
000000000000000000000000000000000000000000000000000000000000000000000000000000000000000000000000000000000000000000000000000000000000000000000000000000
000000000000000000000000000000000000000000000000000000000000000000000000000000000000000000000000000000000000000000000000000000000000000000000000000000
000000000110000000000000000000000000000000000000000000000000000001100000000000000000000000000000000000000000000000000000000000000000000000000000000000
000000001001000000000000000000110000000000000000000000000000000001100000000000000000000000000000000000000000000000000000000000000000000000000000000000
000000001001000000000000000000110000000000000000000000000000000000000000000000000000000000000000000000000000000000000000000000000000000000000000000000
000000000110000000000000000000000000110000000000000000000000000000000000000000000000000000000000000000000000000000000000000000000000000000000000000000
000000000000000000000000000000000000110000000000011000000000000000000000000000000000000000000000000000000000000000000000000000000000000000000000000000
000000000000000000000000000000000000000000000000011000000000000000000000000000000000000000000000000000000000000000000000000000100000000000000000000000
110000000000000000000000000000000000000000000000000000000000000000000000000000000000000000000000000000000000000000000000000000100000000000000000000000
110000000000000000000000000000000000000000000000000000000000000000000000000000000000000001100000000000000000000000000000000000100000000000000000000011
101000000000000000000000000000000000000100000000000000000000000000000000000000110000000010010000000000000000000000000000000000000000000000000000000111
011000000000000000000000000000000000001010000000000000000000000000000000000001110000000001100000000000000000000000000000000000000000000000000000001100
000000000000000000000000000000000000001010000000000000000000000000000000000010001011000000000000000000001100000000000000000000000000000000000000001100
100000000000000000000000000000000000000100000000000000000000000000000000000100001001000000000000000000001100000000000000000000000000000000000000000101
000000000000000000000000000000000000000000000000000000000000000000000000000010010101100000000000000000000000000000000000000000000000000000000000000101
000000000000000000000000000000000011000000011000000000000000000000001000000100010000000000000000000000000000000000000000000000000000000000000000000000
001110000000000000000000000000000100100000100100000000000000000000010100001000110000000000000000000000000000000000000000000000000000000000000000000000
001010000000000000000000000000000011000000011000000000000000000000001000010000000010000000000000000000000000000000000011100000000000000000000000000000
010010000000000000000000000000000000000000000000000000000000000000000000010001100010000000000000000000000000000000000000000000000000000000000000000000
001100000000000000000000000000000000000100000000000000000000000000000000010000000000000000000000000000000000000000000000000000000000000000000000000000
000000000000000000000000000000000000001010000000000000000000000000000000000001000100111000000000000000000000000000000000000000000000000000000000000000
000000000000000000000000000000000000001010000000000000000000000000000000001100000100100000000000000000000000000000000000000000000000000000000000000000
000000000000000000000000000000000000000100000000000000000000000000000000000010001000000000000000000000000000000000000000000000000000000000000001110000
100000000000000000000000000000000000000000000000000000000000000000000000000001110000000000000000000000000000000000000000000000000000000000000001110001
100000000000000000000000000000000000000000000000000000000000000011000000000000000000000000000000000000000000000000000000000000000000000000000001001001
000000000000000000000000000000000000000000000000000000000000000011000000000000000000000000000000000000000001000000000010000000000000000000001100110000
000000000000000000000000011000000000000000000000000000000000000000000000000000000000000000000001100000000010100000000010000000000000000000011100110000
000000000001100000000000011000000000000000000000000100000000000000000000000000000000000000000001100000000010100000000010000000000000000100001100110000
000000000001100000000000000000000111000000000000000100000000000000000000000000000000000000000000000000000001000000000000000000000000000110000111110000
000000000000000000000000000000000000000000000000000100000000000000000000000000000000000000000000000000000000000000111000111000000000000111000011010000
000000000000000000000000000000000000000000000000000000011000000000000000000000000000000000000000000000000000000000000000000000000000000000000000000000
000000000000000000000000000000000000000000000000000000100100000000000000000000000000000000000000000000000000000000000010000000000000000100000000000000
000000000000000000000000000000000000011000000000000000011000000000000000000000000000000000000000000000000000000000000010000000000000010011000000000000
000000000000000000000000000000000000011000000000000000000000000000000000000000000000000000000000000000000000000000000010000000000010111101000000000000
000000000000000000000000000000000000000000000000000000000000000000000000000000000000000000000000000000000000110000000000000000000110100100000000000000
000000000000000000000000000000000000000000000000000000000000000000000000000000000000000000000000000000000000110000000000000000001010101000000000000000
000000000000000000000000000000000000000000000000000000000000000000000000000000000000000000000000000000000000000000000000000000001100000000000000000000
000000000000000000000000000000000000000000000000000000000000000000000000000000000000000000000000000000000000000000000000000000000000000000000000000000
000000000000000000000000000000000000000000000000000110000000000000000000000000000000000000000000000000000000000000000000000000000000000000000011000000
000000000000000000000000000000000000000000000000001001000000000000000000000000000000000000000000000000000000000000000000000000000000000000000111100000
000000000000000000000000000000000000000000000000001010000000000000000000000000000000000000000000000000000000000000000000000000000000000000001000010000
000000000000000000000000000000000000000000000000000100000000000000000000000000000000000001000000000000000000000000000000000000000000000000000110100000
000000000000000000000000000000000000000000000000000000000000000000000000000000000000000011100000000000000000001110000000000000000000000000000110100000
000000000000000000000000000000000000000001100000000000000000000000000000000000000000000110110000000000000000000000000000000000000000000000000001011000
000000000000000000000000000000000000000001100000000000000000000000000000000100000000001100011000000000000000000000000000000000000000000000000001111000
000000000000000000000000000000000000000000000000000000000000000000000000001010000000000110110000000000000000000000000000000000000000000000000011100100
000000000000000000000000000000000001110000000000000000000000000000111000001010000000000000000000000000000000000000000000000000000000000000000110000000
000000000000000000000000000000000000000000000000000000000000000011011000000000000000000100000000000000000001100000000000000000000000000000000010000000
000000000000000000000000000000000000000000000000000000000000000011000000000000000000001110000000000000000001100000000000000000000000000000000011000000
000000000000000000000000000000000000000000000000000000000000000011000000000000000000011111000000000000000000000000000000000000000000000000000000000000
000000000000000000000000000000000000000000000000000000000000011000000000011100000000100000000000000000000000000000000000011100000000000000000000010000
000000000000000000000000000000000000000000000000000000000000011000000000001000000000100000000000000000000000000000000000000000000000000000001100011000
000000000000000000000000000011000000000000000000000000000000000000001111110100000000010000000000000000000000000000000000000000000000000001010001001100
000000000000000000000000000100100000000000000000000000000000000000001100000000000000000001110000000000000000000000000000000000000000000001010001011100
000000111000000000000000000011000000000000000000000000000000000000010010011000000000000010100000000000000000000000110000000000000000000000100001011000
000000111000000000000000110000000000000000000000000000000000000000001101000100000000010001000000000000000000000000110000000000000000000000001000000000
000001000000000000000001010000000000000000000000000000000000000000010010000000000000110111000000000000000000000000000000000000000000000000000000000000
000000111001000000000000100000000000000000000000000000000000000000000100000000100000000100000000000000000000000000000000000000000000000000000101000000
000000011101100000000000000000000000000000000000000000000000000000000001010010000010000100000000000000000000000000000000000000000011000000000000000000
000000001100000000000000000000000000000000000000000000000000000000000100000110001100010000000000000000000000000000000000000000000011000000000000000000
000000000001010000000000000000000000000000000000000000000000000000000011000100000000100000000000000000000000000000000000000000000000000000000111000000
000000000001001000000000000000000000000000000000000000000000000000000110001000010111000000000000000000000000000000000000000000000000000000000011000000
011000000000000000000000000000000000000000000000000000000000000000000001110000001100000000000000000000110000000000000000000000000000000000000000000001
111101011000100100000000000000000000000000000000000000000000000000001011000000000000000000000000000000110000000000000000000000000000000000000000000011
110100000100011000000000000000000000000000000000000000011100000000111100000000000000000000000000000000000000000000000000000000000000000000000000000010
000100000010000000000000000000000000000000000000000000100100000000110100000000010000000000000000000000000000000000000000000000000000000000000010000111
010100000010000000000000000000000000000000000000000001000100000000000100000000011100000000000000000000000000000000000000000000000000000000000010001110
010000000000000000000000000000000000000000000000000001000000000000100010000000001110000000000000000000000000000000000000000000000000000000000010000000
000111000011000000000000000000000000000000000000000001000100000001000000000000000110000000000000000000000000000000000000000001100000000000000000011000
000001000011000000000000000000000000000000000000000000100100000001101010011000010000000000000000000000000000000000000000000010010000000000000000000000
100000100010000000000000000000000000000000000000000000011100000000100010011000100100000000000010000000110110000000000000000001100000000001100000000000
100000000001000000000000000000000000000000000000000000000000001101011100000000100100000000000010000000110110000000000000000000000000000010010000000010
010000010010000000000000000000000000000000000000000000000000001111000100000000111000000000000010000000000000000000110000000000000000000001100000000000
100000000100000000000000000000000000000000000000000000000000000000011110000000000000000000000000000000000000000000110000000000000000000000000000000101
000000000000000000000000000000000000000000000000000000000000000111001110000000000000000000110000000000000000000000000000000000110000000000000001100010
000000000000000000000000000000000000000000000000000000000000000001000001000000000000000000110000000000000000000000000000000001001000000000000001111010
000000000000000000000000000000000000000000000000000000000001011001110001011000000000000000000000000000000000011100000000000000101000000000000010000010
000000000000000000000000000000000000000000000000000000000001011111111111011000000000000000000000000000000000100100000000000000010000000000000001001100
000000000000000000001100000000000000000000000001000000000000001011101000001100001100000000000000000000000000100010000000000000000000000000000001100001
000000000000000000001100000000000000000000000001000000000000001111001001111010001100000000000000100000000001100100000000000000000000000100000000100001
000000000000000000000000000000000000000000000001000000000111011111000101000010000000000001100010000000000000010000000000000000000000001010000000100010
000000000000000000000000000000000000000000000000000000001000110001001000010100000000000001111100010001000000001100000000000000000000001001000000010000
000000000000000000000000000000000000000000000000000000001000000000010000001000000000000000001000100000110000001110000000000000000000000110000000000000
001100000000000000000000000000000000000000000000000000001101100000000000000000000000000000001101101110111110001110000000000000000000000000000000000000
001010000000000000000000000000000000000000000000000000000010000000010000000000000000011000000101101100001001000000000000000000000101000000000000000000
000101000000000000000000011000000000000000000000000000000000000000100000000000000000011000000000000000000101100000000000000000010111000000000000000000
000010000000000000001100011000000110000000000000000000000000000000000010000100000000000000000000000000000011100000000000000000110000000000000001100000
000000000000000000001100000000000110000000000000000000000000000010100001000111000000000000000000000000000001000000000000000000110000000000000010010000
000000000000000000000000000000000000000000011000000000000000000111000101001000100000000000000000011000000000100000000000000000000000000011000010100000
000000000010000000000000000000000000000000011000000000000000000100000000000011010000000000000000001100011000100000000000000000110000001100100001000000
000000000010000000000000000000000000000000000000000000000000000000000000000000100000000000000000001100001000000000000000000000111000001101100000000000
000000000010000000000000000000000000000000000000000000000000000000000000000000000000000000000000000000001000000000000000000000000000001001100000000010
000000000000000000000000000000000000000000000000000000000000000001000000000000000000000000000000000000000000000000000000000000110100000110000000000101
000000000000000000000000000000000000000000000000000000000000000001100000001100000000000000001110000000000000000000000000000000000000000000000000000101
000000000000000000000000000000001110000000000000000000000000000010010000001010000000000001001101100000000000000000000000000000000000000000000000000010
000000000000000000000000000000000000000000000000000000000000000001010000010010000100000011001101100000100000000000000000000000000000000000000000000000
001100000010000000000000000000000000100000000000000000000000001100001000010110011100000010101101100001010000000000000000000000000000000000000001100000
010010000101000000000000000000000000100000000000000000000000001010101100010100001000110000010010000000110000000000000000000000000000000001000010010000
001100000100100000000110000000000000100000000000000000000000000110101100001000000000110000110000000000000000000000000000000000000000000010100001100000
000000000011000000000110000110000000000000000000000000000000000001001100000000000000000000010011100000000000000000000000000000000000000001100000000000
000000000000000000000000000110000000000000000000000000000000000000110000000000000000000000011100010000000000000000000000000000000000000000000000000010
000000000000000000000000000000000000000000000000000000000000000000000000000000000000000000001011100000000000000000000000000000000000001100000000000101
000000000000000000000000000000000000000000000000000000000000001110000000000000000000000000000001000000000000000000000000000000000000010100000000000101
000000000000000000000000000000000000000000000000000000000000001010000000000000000000000000000000000000000000000000000000000000000000001000000000000010
000000000000000000000000000000000000000000000000000000000000010010000000000000000000000000000000000000000000000000000000000000000000000000000000000000
000000000100000000000000000000000000000000000000000000000000110000000000000000001100000000000000000000000000000000000000000000000000000000000000000000
000000001010000000000000000000000000000000000000000000000000000000000000000000010010101000000000000011000000000000000000000000000000000000000000000000
000000001010000000000000000000000000000000000000000000000000000000010000000000011010101000000000000011000000000000000000000000000000000000000000000000
000000000100000000000000001100000000000000000000000000000000000000110000000000010010100100000000000000000000000000000000000000000000000111000000000000
000000000000000000000000001100000000000000000000000000000000000000100000000000010001110110000000000000000000000000000000000000000000000000000000000000
000000000000000000000000000000000000000000000000000000000001110000000000000000001001100100000000000000000000000000000000000000000000000000000000000000
000000000000000000000000000000000000000000000000000000000001100000000000000000000100011000000000011000000000000000000000000000000000000000000000000000
000000000001000000000000000000000011100000000000000000000001101011000000000000000011100000000000011000000000000000000000000000000000000000000000001100
000000000001000000000000000000000000000000000000000000000000000001000000000000000000000000000000000000000000000000000000000000000000000000000000001100
000000000001000000000000000000000000001000000000000000000000010001000000000000000000000000000000000000000000000000000000000000000000000000000000000000
000000000000000000000000000000011000001000000000000000000000001110000000000000000000000000000000000000000000000000000000000000000000000000000000000000
000000000000000110000000000000011000001000000000000000000000000000000000000000000000000000000000000000000100000000000000000000000000000000000000000000
000000000000001001000000000000000000000000000000000000000000000000000000000000000000000000000000000000000100000000000000000000000000000110000000000000
000000000000000110000000000000000011100000110000000000000000000000000011000000000000000000010000000000000100000000000000000000000000000110000000000000
000000000000000000000001100110000000000000110000000000000000000000000011000000000000000000101000000000000000000000000000000000000000000000000000000000
000000000000000000000001100110011000000000000000000000000000000000000000000000000000000001010000000000000000000000000000000000000000000000000000000000
000000000011000000000000000000011000001100000000000000000000000000100000000000000000000001100000000000000000010000000000000000000000000000000000000000
000000000101000000000000000000000000010010000000000000000000000001010000000000000000000000000000000000000000101000000000000000000000000000000000000000
000110000010000000000000000000000000001100000000000000000000000001010000000000000000000000000000000000000001001000000000000000000000000000001100000000
000110000000000000000000000000000000000000000000000000000000000000100000000000000000000000000000011000000000110000000000011000000000000000010010000000
000000000000000000000000000000000000000000000000000000000000000000000000000000000000000000000000100100000000000000000000011000000000000000010100000000
000000000000000000000000000000000000000000000000000000000000000000000000000000000000000000000000011000000000000000000000000000000000000000001000000000
000000000000000000000000000000000000000000000000000000000000000000000000000000000000000000000000000000000000000000000000000000000000000000000000000000
000000000000000000000000001100000000000000000000000001000000000001100000000000000000000000000000000000000000000000000000000000000000000000000000000000
000000000000000000000000001100000000000000000000000010100000000001100000000000000000000000000000000000000000000000001100000000000000000000000000000000
000000000000000000000111000000000000000000000000000010100000000000000000000000000000000000000000000000000000000000001100000000000000000000000000000000
000000000000000000000000000000000000000000000000000001000000000000000000000000000000000000000000000000000000000000000100000000000000000000000000000000
000000000000000000010000010000000000000000000000000000000000000000000000000000000000000000000000000000000000000000001100000000011000000011000000000000
000000000000000000010000010000000000000000000000110000000110000000000000000000000000000000000000000000000000000000010010000000100100000100100000000000
000000000000000000010000010000000000000000000001001000001001000000000000000000000000000000000000000000000000000000001010000000011000000011000000000000
000000000000000000000000000000000000000000000000110000000110000000000000000000000000000000000000000000000000000010000100000000000000000000000000000000
000000000000000000000000000000000000000000000000000000000000000000000000000000000000000000000000000000000000001101100000000000000000100000000000000000
000000000000000000000000000000000000000000000000000001000000000000000000000000000000000000000000000000001000000101000000000000000001010000000000000000
000000000000011100000000000000000000000000000000000010100000000000000000000000000000000000000000000000010100000010000000000000000001010000000000000000
000000000000000000000000000000000000000000000000000010100000000000000000000000000000000000000000000000010100000000000000000111000000100000000000000000
000000000001000001000000000000000000000001000000000001000000000000000000000000000000000000000000000000001000000000000000001000100000000000000000000000
000000000010100010100000000000000000000010100000000000000000000000000000000000000000000000000000000000000000000000000000001000100000000000000000000000
000000000010100010100000000000000000000010100000000000000000000000000000000000001100000000000000000000000000000000000000001000100000000000000000000000
000000000001000001000000000000000000000001000000000000000000000000000000000000001100000000000000000000000001000000000000000111000000100000000000000000
000000000000000000000000010000000000000000000000000000000000000000000000000000000000000000000000000000000010010000000000000000000001010000000000000000
000000000000000000000000010000000000000000000000000000000000000000000000000000000000000000000000000000000011100000000000000000000001010000000000000000
