10000000000000000000000000000000000000000000000000
00000000010000000000000000000000000000000000000000
00000000000000110110000000000000000000000000000000
00000000000000110110000000000000000110000000000000
00000000000000000010000000000000000110000000000000
00000000000000010010011000000000000000000000001000
00000000000000100100101000000000000000000001111000
00000000001101110001100000000000001100000100000000
00000000001000010000110000000000010100000000011000
00000000000110100000000000000000010010100000010000
00000000000001000000000000000000010000000001010000
00000000000000000000000000110000001000000111100000
00000000000000000000011001001000000100001100000000
00000000000000000000011000110000000000111000000000
00000000000000000000000000000000000000000000000000
00000000000000000000000000000000000000000000000000
00000000000000000000000000000000000000000000000000
00000000000000000000000000000000000000000000000000
00000000000000000000000000000000000000000000000000
00000000000000000000000000000000000000000000000000
00000000000000000000000000000000000000000000000000
00000000000000000000000000000000000000000000000000
00000000000000000000000000000000000000000000000000
00000000000000000000000000000000000000000000000000
00000000001000000000000000000000000000000000000000
00000000010000000000000000000000000000000000000000
00000000010010000000000000000000000000000000000000
00000000001110000000000011100000000000000000000000
00000000000110000000000000000000000000000000000000
00000000001000000000001000001000000000000000000000
00000000011000000000001000001000011000000000000011
00000000000000000000001000001000011000000000000011
00000000000000000000000000000000000000000000000111
00000000000000000000000011100000000000000000001111
00000000000000000000000000000000000000000000010010
00000000000000000000000000000000000000000000001100
00000000000000000000000000000000000000000000000000
00000000000000000000000000000000000000000000000000
00000000000110000000000000000000000000000000000000
11000000000110000000000000000000000011000000000110
00000000000000000000000011000000000011000000001010
00000000000000000000000011000000000000000000001000
10000000000000000000000000000000000000000000000101
11000100000000000000000000000000000000000000000001
10100110000000000000000000000000000000000000000000
01000110000000011000000000000000000000000000000000
10011100011100011000000000000000000000000000000111
01111000010010000000000000000000000000000000011011
11110000000000000000000000000000000000000000010011
10000000000000100000000000000000000000000000011100
