000000000000000000000000010000000000000000000000000000000000000000000000000000000000000000000011000000000000000000000000000000000000100000010000000000
000000000000000000000000000000000000000000000110000000000000000000000000000000000000000000000011000000000000000000000000000000000000000000000000000000
000000000000000000000000000000000000000000000110000000000000000000000000000000000000000000000000000000000000000000000000000000000000000000000000000000
000000000000000000000000000000000000000000000000000000000000000000000000000000000000000000000000000000000000000000000000000000000000000000000000000000
000000000000000000000000000000000000000000000000000000000000000000000000000000000000000000000000000000000000000000000110000000000000000000000000000000
000000000000000000000000000000000000000000000000000000000000000000000000000000000000000000000000000000000000000000000110000000000000000000000000000000
000000000110000000000000000000000000000000000000000000000000000001100000000000000000000000000000000000000000000000000000000000000000000000000000000000
000000001001000000000000000000110000000000000000000000000000000001100000000000000000000000000000000000000000000000000000000000000000000000000000000000
000000001001000000000000000000110000000000000000000000000000000000000000000000000000000000000000000000000000000000000000000000000000000000000000000000
000000000110000000000000000000000000110000000000000000000000000000000000000000000000000000000000000000000000000000000000000000000000000000000000000000
000000000000000000000000000000000000110000000000011000000000000000000000000000000000000000000000000000000000000000000000000000000000000000000000000000
000000000000000000000000000000000000000000000000011000000000000000000000000000000000000000100000000000000000000000000000000000100000000000000000000000
000000000000000000000000000000000000000000000000000000000000000000000000000000000000000000100000000000000000000000000000000000100000000000000000000000
000000000000000000000000000000000000000000000000000000000000000000000000000000000000000001010000000000001000000000000000000000100000000000000000000000
000000000000000000000000000000000000000100000000000000000000000000000000000000000000000001010000000000011100000011000000000000000000000000000000000000
000001100000000000000000000000000000001010000000000000000000000000000000000000000000000010010000000000110100000000100000000000000000000000000000000000
000001010000000000000000000000000000001010000000000000000000000000000000000000000000000010000000000000110001110000000000000000000000000000000000000000
000001000000000000000000000000000000000100000000000000000000000000000000000000000000001000010001100000000001101000000000000000000000000000000000000000
000000000000000000000000000000000000000000000000000000000000000000000000000000000000001110001100010000000011001000000000000000000000000000000000000000
000000000000000000000000000000000011000000011000000000000000000000001000000000000000001000100001100000000011011000000000000000000000000000000000000000
000000000000000000000000000000000100100000100100000000000000000000010100000000000000000010000000000000000000100000000000000000000000000000000000000000
000001000000000000000000000000000011000000011000000000000000000000001000000000000000001000000000000000011111000000000011100000000000000000000000000000
000011100000000000000000000000000000000000000000000000000000000000000000000000000000000000000100000000100000000000000000000000000000000000000000000000
000110010000000000000000000000000000000100000000000000000000000000000000000001000000000000110000000000011000000000000000000000000000000000000000000000
000110111000000000000000000000000000001010000000000000000000000000000000000010100000000011000000000000000000000000000000000000000000000000000000000000
000110110000000000000000000000000000001010000000000000000000000000000000000010010000000000000000000000000000000000000000000000000000000000000000000000
000000000000000000000000000000000000000100000000000000000000000000000000000001100000000000000000000000000000000000000000000000000000000000000000000000
000000000011000000000000000000000000000000000000000000000000000000000000000000000000000000000000000000000000000000000000000000000000000000000000000000
000000000011000000000000000000000000000000000000000000000000000011000000000000000000000000000000000000000000000000000000000000000000000000000000000000
000000000100000000000000000000000000000000000000000000000000000011000000000000000000000000000000000000000001000000000010000000000000000000000000000000
000000000111111000000000010000000000000000000000000000000000000000000000000000000000000000000001100000000010100000000010000000000000001100000000000000
000000001000011000000000101000000000000000000000000100000000000000000000000000000000000000000001100000000010100000000010000000000000000000000000000000
000000110011000000000000101100000111000000000000000100000000000000000000000000000000000000000000000000000001000000000000000000000000000101000000000000
000000111110000000000000001100000000000000000000000100000000000000000000000000000000000000000000000000000000000000111000111000000000000010100000000000
000000100000000000000010011000000000000000000000000000011000000000000000000000000000000000000000000000000000000000000000000000000000100000100000000000
000000000000000000000011011000000000000000000000000000100100000000000000000000000000000000000000000000000000000000000010000000000000010010001000000000
000000000000000000000110110000000000011000000000000000011000000000000000000000000000000000000000000000000000000000000010000000000010100001100000000000
000001000100000000000011100000000000011000000000000000000000000000000000000000000011000000000000000000000000000000000010000000000000001111000011000000
000000111110000000000010000000000000000000000000000000000000000000000000000000000010100000000000000000000000110000000000000000000000000000000100100000
000000111111000000000000000000000000000000000000000000000000000000000000000000000001000000000000000000000000110000000000000000001100000000011100100000
100000000010100000000000000000000000000000000000000000000000000000000000000000000010100000000000000000000000000000000000000000001100000001100001100001
100000000010010000000000000000000000000000000000000000000000000000000000000000000011100000000000000000000000000000000000000000000000000000000011000001
000000000001100000000000000000000000000000000000000110000000000000000000000000000110100000000000000000000000000000000000000000000000000000000011000000
000000000000000000000000000000000000000000000000001001000000000000000000000000000100000000000000000000000000000000000000000000000000000000000001000000
000000000000000000000000000000000000000000000000001010000000000000000000000000000110001100000000000000000000000000000000000000000000000000000000000000
000000000000000000000000000000000000000000000000000100000000000000000000000000000111001100000000000000000000000000000000000000000000000000000000000000
000000000000000000000000000000000000000000000000000000000000000000000000000000000000011000000000000000000000001110000000000000000000000000000000000100
000000000000000000000000000000000000000001100000000000000000000000000000000000000000010100000000000000000000000000000000000000000000000000000000010010
000000000000000000000000000000000000000001100000000000000000000000000000000000000000000010000000000000000000000000000000000000000011000000000000010000
000000000000000000000000000000000000000000000000000000000000000000000000000000000011100011000000000000000000000000000000000000000100100000000000100000
000000000000000000000000000000000001110000000000000000000000000000000000000000001100110011100000000000000000000000000000000000000100100000000011000100
000000000000000000000000000000000000000000000000000000000000000000000000000000000010111101100110000000000001100000000000000000000011000011000111000100
000000000000000000000000000000000000000000000000000000000000000001100000000000000000001111000110000000000001100000000000000000000000000011000110100100
000000000000000000000000000000000000000000000000000000000000000001100110000000000000000010000000000000000000000000000000000000000000000000001000001000
000000000000000000000000000000000000000000000000000000000000011000000110000000000000000000000000000000000000000000000000000000000000000000000100110000
000000000000000000000000000000000000000000000000000000000000011000000000000000000000000000000000000000000000000000000000000000000000000000000100001000
000000000000000011000000000011000000000000000000000000000000000000000000000000000000000000000000000000000000000000000000000000000000000000000001111000
000000000000001110110100000100100000000000000000000000000000000000000000000000000000000000000000000000000000000000000000000000000000000000000000111110
000000000000000000100111000011000000000000000000000000000000000000000000000000000000000000000000000000011000000101101000000000000000000000000000000111
000000000000010010100111100000000000000000000000000000000000000000000000000000001100000000000000000000011000001000001000000000000000000000000000000011
000000000000011010100010010000000000000000000000000000000000000000000000000000010110000000000000000000000000000001000000000000000000000000000000001010
000000000000000001100001100000000000000000000000000000000000000000000000001100100011000000000000000000000000000101001000000000000000000000000000000100
000000000000000000000000000000000000000000000000000000000000000000000000001100101101100000000000000000000000000101000100000000000000000000000000000000
000000000000000000000000000000000000000000000000000000000000000000111000000000000101000000000000000000000000000000001000110000000000110000000000000000
001000000001000100000000000000000000000000000000000000000000000000101000000000000010000000000000000001000000010000000100110000000001001000000000000000
010100000110001100111000000000000000000000000000000000000000000001100000000000001100000000000000000011100000110111100000000000000011011000000000000000
010100000110100011000000000000000000000000000000000000000000000001100000000000001000000000000000000100110000111000011100000000011101000000000000000000
001000000110000011100110000000000000000000000000000000000000000001100000000000000000000000000000000111110001100100000010000000100010000000000000000000
000000000001000000110100000000000000000000000000000000000000100000110010000000000000000000000000000000110001101100001110000000111111100000000000000000
000000000001000001001000000000000000000000000000000000000001010000010010000000000000000000000000000000110001111000001110000100111000000000000000000000
000000000000000001000000000000000000000000000000000000000001100000010100000001000000000000000000000000110000000000000000000110000000000000000000000000
100000001000000101000000000000000000000000000000000000000000000000000000000010100000000000000000000000100000000000000000000000011000000000000000000000
010000010100010001000000000000000000000000000000000000000000000000000000000000010000000000000000000001100100000000000000000000011000000000000000000001
010000000000111010000000000000000000000000000000000000000000000000000000001111010000000000000000000001101001000000000000000000101000000000000000000001
100000000000100000000000000000000000000000000000000000000000000000000000001111011000000000000010000000011111100000010001100001001000000000000000000000
000000000000000000000000000000000000000000000000000000000000000000000000000001010000000000000010000000001000000000111001100000110000000000000000000000
000000000000000000000000000000000000000000000000000000000000000000000000000000110000000000000010000000000000000001001101000000000000000000000000000000
000000000000000000000000000000000000000000000000000000000000000000000000000001000000000000000000000000000000000001000011000000000000000000000000000000
000000000000000000000000000000000000000000000000000000000000000000000000010011000000000000110000000000000000000000110000100000000000000000000000000000
000000000000000000000000000000000000000000000000000000000000000000000000010100010000000000110000000000001000000000000100000000000000000000000000000000
000000000000000010000000000000000000000000000000000000000000000000000000001011011000000000000000000011101000000000001101000000000000000000000000000000
000000000000000101000000000000000000000000000000000000000000000000000000011101000100000000000000000101100000000000000101000000000000000000000000000000
000000000000000101001100000000000000000000000001000000000000011100000000010000110010000000000000000100000000000000000110000000000011000000000000000000
000000000000000010001100000000000000000000000001000000110000000000000000001011111100000000000000000100010000000000000000000000000011000000000000000000
000000000000000000000000000000000000000000000001000001001000000001000000000101101000000000000000000010100000000000000000000000000000001110000000000000
000000000000000000000000000000000000000000000000000000110000000001000000000001000000000000000000000001000000000000000000000000000000001010000000000000
000000000000000000000000000000000000000000000000000000000000000001000000000000000000000000000000010000000000000000000000000000010000000110000000000000
001100000000000000000000000000000000000000000000000000000000000000000000000000000000000000000000010001100000000000000000000000101000000000000000000000
001010000000000000000000000000000000000000000000000000000000011100000000000110000000000000000000010011010000000000000000000000101000000000000000000000
000101000000000000000000011000000000000000000000000000000000000000000000000101000000000000000000000000000000000000000000000000010000000010100000000000
000010000000000000001100011000000110000000000000000000000000000000000000010001000000000000001110000000000000000000000000000000110000000011000001100000
000000000000000000001100000000000110000000000000000000000000000000000000111010000000000000010111000000010000000001100000000011010100000000000010010000
000000000000000000000000000000000000000000011000000000000000000000000001000100000000000000110001000001101000000001100000000011000010000000000010100000
000000000010000000000000000000000000000000011000000000000000000000000000000100000000000000110110000001000000000000000000000000100000000000000001000000
000000000010000000000000000000000000000000000000000000000000000000000010001001110100000011100100000000001100000000000000000000011100000000000000000000
000000000010000000000000000000000000000000000000000000000000000000000000011100011010000001100000000001000010000000000000000000000000000000000000000010
000000000000000000000000000000000000000000000000000000000000000000000000100100011010000000100001000001000010000000000000000000000000000000000000000101
000000000000000000000000000000000000000000000000000000000000000000010000000100000100000000010000100000100100000000000000000000000000000000000000000101
000000000000000000000000000000001110000000000000000000000000000000001000010110000000000000001110100000011000000000000000000000000000000000000000000010
000000000000000000000000000000000000000000000000000000000000000000001001100101000000000000000111000000000000000000000000000000000000000000000000000000
001100000010000000000000000000000000100000000000000000000000000000001000010101100000000000000010000000000000000000000000000000000000000000000001100000
010010000101000000000000000000000000100000000000000000000000000000001001100100010000000000000000000000000000000000000000000000000000000001000010010000
001100000100100000000110000000000000100000000000000000000000000000011101001100000000000000000000000000000000000000000000000000000000000010100001100000
000000000011000000000110000110000000000000000000000000000000000000100001100010100000000010000001100000000000000000000000000000000000000001100000000000
000000000000000000000000000110000000000000000000000000000000000001101000100000000000000010000001100000000000000000000000000000000000000000000000000010
000000000000000000000000000000000000000000000000000000000000000000100000100000000000000010000000000000000000000000000000000000000000001100000000000101
000000000000000000000000000000000000000000000000000000000000000000100000100000000000000000000000000000000000000000000000000000000000010100000000000101
000000000000000000000000000000000000000000000000000000000000000000010010110000000000000000000000000000011000000000000000000000000000001000000000000010
000000000000000000000000000000000000000000000000000000000000000000000001100000000000000000000000000000011000000000000000000000000000000000000000000000
000000000100000000000000000000000000000000000000000000000000000000000000000000000000000000000001100000000000000000000000000000000000000000000000000000
000000001010000000000000000000000000000000000000000000000000000000000000000000000000000000000001100011000000000000000000000000000000000000000000000000
000000001010000000000000000000000000000000000000000000000000001110000000000000000000000000000000000011000000000000000000000000000000000000000000000000
000000000100000000000000001100000000000000000000000000000000000000000000000000000000000000000000000000000000000000000000000000000000000111000000000000
000000000000000000000000001100000000000000000000000000000000100000100000000000000000000000000000000000000000000000000000000000000000000000000000000000
000000000000000000000000000000000000000000000000000000000001010001010000000000000000000000000000000000000000000000000000000000000000000000000000000000
000000000000000000000000000000000000000000000000000000000001010001010000000000000000000000000000011000000000000000000000000000000000000000000000000000
000000000001000000000000000000000011100000000000000000000000100000100000000000000000000000000000011000000000000000000000000000000000000000000000001100
000000000001000000000000000000000000000000000000000000000000000000000000000000000000000000000000000000000000000000000000000000000000000000000000001100
000000000001000000000000000000000000001000000000000000000000000000000000000000000000000000000000000000000000000000000000000000000000000000000000000000
000000000000000000000000000000011000001000000000000000000000000000000000000000000000000000000000000000000000000000000000000000000000000000000000000000
000000000000000110000000000000011000001000000000000000000000000000000000000000000000000000000000000000000100000000000000000000000000000000000000000000
000000000000001001000000000000000000000000000000000000000000000000000000000000000000000000000000000000000100000000000000000000000000000110000000000000
000000000000000110000000000000000011100000110000000000000000000000000011000000000000000000010000000000000100000000000000000000000000000110000000000000
000000000000000000000001100110000000000000110000000000000000000000000011000000000000000000101000000000000000000000000000000000000000000000000000000000
000000000000000000000001100110011000000000000000000000000000000000000000000000000000000001010000000000000000000000000000000000000000000000000000000000
000000000011000000000000000000011000001100000000000000000000000000100000000000000000000001100000000000000000010000000000000000000000000000000000000000
000000000101000000000000000000000000010010000000000000000000000001010000000000000000000000000000000000000000101000000000000000000000000000000000000000
000110000010000000000000000000000000001100000000000000000000000001010000000000000000000000000000000000000001001000000000000000000000000000001100000000
000110000000000000000000000000000000000000000000000000000000000000100000000000000000000000000000011000000000110000000000011000000000000000010010000000
000000000000000000000000000000000000000000000000000000000000000000000000000000000000000000000000100100000000000000000000011000000000000000010100000000
000000000000000000000000000000000000000000000000000000000000000000000000000000000000000000000000011000000000000000000000000000000000000000001000000000
000000000000000000000000000000000000000000000000000000000000000000000000000000000000000000000000000000000000000000000000000000000000000000000000000000
000000000000000000000000001100000000000000000000000001000000000001100000000000000000000000000000000000000000000000000000000000000000000000000000000000
000000000000000000000000001100000000000000000000000010100000000001100000000000000000000000000000000000000000000000000000000000000000000000000000000000
000000000000000000000111000000000000000000000000000010100000000000000000000000000000000000000000000000000000000000000000000000000000000000000000000000
000000000000000000000000000000000000000000000000000001000000000000000000000000000000000000000000000000000000000000000000000000000000000000000000000000
000000000000000000010000010000000000000000000000000000000000000000000000000000000000000000000000000000000000000000000000000000011000000011000000000000
000000000000000000010000010000000000000000000000110000000110000000000000000000000000000000000000000000000000000000000000000000100100000100100000000000
000000000000000000010000010000000000000000000001001000001001000000000000000000000000000000000000000000000000000000000000000000011000000011000000000000
000000000000000000000000000000000000000000000000110000000110000000000000000000000000000000000000000000000000000000000100000000000000000000000000000000
000000000000000000000000000000000000000000000000000000000000000000000000000000000000000000000000000000000000000000001100000000000000100000000000000000
000000000000000000000000000000000000000000000000000001000000000000000000000000000000000000000000110000000000000000011000000000000001010000000000000000
000000000000011100000000000000000000000000000000000010100000000000000000000000000000000000000000110000000000000000010000000000000001010000000000000000
000000000000000000000000000000000000000000000000000010100000000000000000000000000000000000000000000000000000000000010111100000000000100000000000000000
000000000001000001000000000000000000000001000000000001000000000000000000000000000000000000000000000000000000000000001001000000000000000000000000000000
000000000010100010100000000000000000000010100000000000000000000000000000000000000000000000000000000000000000001000000111000000000000000000000000000000
000000000010100010100000000000000000000010100000000000000000000000000000000000001100000000000000000000000000010100000000000000000000000000000000000000
000000000001000001000000000000000000000001000000000000000000000000000000000000001100000000000000000000000000010100000000000000000000100000010000000000
000000000000000000000000010000000000000000000000000000000000000000000000000000000000000000000000000000000000001000000000000000000001010000101000000000
000000000000000000000000010000000000000000000000000000000000000000000000000000000000000000000000000000000000000000000000000000000001010000101000000000
