000000000000000000000000010000000000000000000000000000000000000000000000000000000000000000000011000000000000000001001000000000000000100000010000000000
000000000000000000000000000000000000000000000110000000000000000000000000000000000000000000000011000000000000000000001100000000000000000000000000000000
000000000000000000000000000000000000000000000110000000000000000000000000000000000000000000000000000000000000000000011100000000000000000000000000000000
000000000000000000000000000000000000000000000000000000000000000000000000000000000000000000000000000000000000000000000111000000000000000000000000000000
000000000000000000000000000000000000000000000000000000000000000000000000000000000000000000000000000000000000000000001000100000000000000000000001110000
000000000000000000000000000000000000000000000000000000000000000000000000000000000000000000000000000000000000000000001000100000000000000000000001000000
000000000110000000000000000000000000000000000000000000000000000001100000000000000000000110000000000000000000000000000000000000000000000000000000100000
000000001001000000000000000000110000000000000000000000000000000001100000000000000001100110000000000000000000000000001001000000000000000000000000000000
000000001001000000000000000000110000000000000000000000000000000000000000000000000111100000000000000000000000000000000000000000000000000000000000000000
000000000110000000000000000000000000110000000000000000000000000000000000000000001000010000000000000000000000000000000000000000000000000000000000000000
000000000000000000000000000000000000110000000000011000000000000000000000000000001111001000000000000000000000000000000000000000000000000000000000000000
000000000000000000000000000000000000000000000000011000000000000000000000000000000111110000000000000000000000000000000000000000100000000000000000000000
000000000000000000000000000000000000000000000000000000000000000000000000000000000000000000000000000000000000000000000000000000100000000000000000000000
000000000000000000000000000000000000000000000000000000000000000000000000000000000111000000000000000000000000000000000000000000100000000000000000000000
000000000000000000000000000000000000000100000000000000000000000000000000000000001111100000000000000000000000000000000000000000000000000000000000000000
000000000000000000000000000000000000001010000000000000000000000000000000000000011100010000000000000000000000000000000000000000000000000000000000000000
000000000000000000000000000000000000001010000000000000000000000000000000000000010100011000000000000000001100000000000000000000000000000000000000000000
000000000000000000000000000000000000000100000000000000000000000000000000000000001000110000000000000000001100000000000000000000000000000000000000000000
000000000000000000000000000000000000000000000000000000000000000000000000000000000000000000000000000000000000000000000000000000000000000000000000000000
001010000000000000000000000000000011000000011000000000000000000000001000000000000000000000000000000000000000000000000000000000000000000000000000000000
110101000000000000000000000000000100100000100100000000000000000000010100000000000000000000000000000000000000000000000000000000000000000000000000000000
000000000000000000000000000000000011000000011000000000000000000000001000000000000000000000000000000000000000000000000011100000000000000000000000000000
000100000000000000000000000000000000000000000000000000000000000000000000000000000000000000000000000000000000000000000000000000000000000000000000000001
110000000000000000000000000000000000000100000000000000000000000000000000000001000000000000000000000000000000000000000000000000000000000000000000000000
011000000000000000000000000000000000001010000000000000000000000000000000000010100000000000000000000000000000000000000000000000000000000000000000000000
000000000000000000000000000000000000001010000000000000000000000000000000000010010000000000000000000000000000000000000000000000000000000000000000000000
010001000000000000000000000000000000000100000000000000000000000000000000000001100000000000000000000000000000000000000000000000000000000000000000000000
010000100000000000000000000000000000000000000000000000000000000000000000000000000000000000000000000000000000000000000000000000000000000000000000000000
000000100000000000000000000000000000000000000000000000000000000011000000000000000000000000000000000000000000000000000000000000000000000000000000001110
000000100000000000000000000000000000000000000000000000000000000011000000000000000000000000000000000000000001000000000010000000000000000000000000001001
001001000000000000000000011000000000000000000000000000000000000000000000000000000000000000000001100000000010100000000010000000000000000000000000001000
100111000001100000000000011000000000000000000000000100000000000000000000000000000000000000000001100000000010100000000010000000000000000000000000110010
010000000001100000000000000000000111000000000000000100000000000000000000000000000000000000000000000000000001000000000000000000000000000000000000101010
010000000000000000000000000000000000000000000000000100000000000000000000000000000000000000000000000000000000000000111000111000000000000000000001001100
010000000000000000000000000000000000000000000000000000011000000000000000000000000000000000000000000000000000000000000000000000000000000000000000100000
100000000000000000000000000000000000000000000000000000100100000000000000000000000000000000000000000000000000000000000010000000000000000000000000011000
000000000000000000000000000000000000011000000000000000011000000000000000000000000000000000000000000000000000000000000010000000000000000001110000001100
000000000000000000000000000000000000011000000000000000000000000000000000000000000000001100000000000000000000000000000010000000000000000000001000000000
000000000000000000000000000000000000000000000000000000000000000000000000000000000000001011000000000000000000110000000000000000000000000100001100000000
000000000000000000000000000000000000000000000000000000000000000000000000000000000001110011101000000000000000110000000000000000001100001000110000000000
000000000000000000000000000000000000000000000000000000000000000000000000000000000001101010010000000000000000000000000000000000001100000011111100000000
000000000000000000000000000000000000000000000000000000000000000000000000000000000001101000000000000000000000000000000000000000000000000000111100000000
000000000000000000000000000000000000000000000000000110000000000000000000000000110000010000000000000000000000000000000000000000000000000001101100000000
000000000000000000000000000000000000000000000000001001000000000000000000000000001100000000000000000000000000000000000000000000000000000000000000000000
000000000000000000000000000000000000000000000000001010000000000000000000000000000000000000000000000000000000000000000000000000000000000000110000000000
000000000000000000000000000000000000000000000000000100000000000000000000001100000001000100000000000000000000000000000000000000000000000000000000000000
000000000000000000000000000000000000000000000000000000000000000000000000010000001100010000000000000000000000001110000000000000000000000000000000000000
000000000000000000000000000000000000000001100000000000000000000000000000001100000011100000000000000000000000000000000000000000000000000000000000000000
000000000000000000000000000000000000000001100000000000000000000000000000000111000011010000000000000000000000000000000000000000000011100000000000000000
000000000000000000000000000000000000000000000000000000000000000000000000000001000010001000000000000000000000000000000000000000001110000000000000000000
000000000000000000000000000000000001110000000000000000000000000000000000000001000011001100000000000000000000000000000000000000000000000000000000000000
000000000000000000000000000000000000000000000000000000000000000000000000000000000001000101000110000000000001100000000000000010001010000000000000000000
000000000000000000000000000000000000000000000000000000000000000001100000000000000000110000111110000000000001100000000000000010010001110000110000000000
000000000000000000000000000000000000000000000000000000000000000001100000110000010100000000010000000000000000000000000000000000110101100000001100000000
000000000000000000000000000000000000000000000000000000000000011000000001010000010100010000010000000000000000000000000000000000000010101100000100000000
000000000000000000000000000000000000000000000000000000000000011000000000100000100100001101100000000000000000000000000000000000101100100000000100000110
000000000000000000000000000011000000000000000000000000000000000000000000000000011010000010000000000000000000000000000000000000010000000000011000000110
000000000000000000000000000100100000000000000000000000000000000000000000000000001110000000000000000000000000000000000000000000000000000010000000000000
000000000000000000000000000011000000000000000000000000000000000000000000000111000100000000000000000000000101000000000000000000000000101000000000000000
000000000000000000000000110000000000000000000000000000000000000000000000001000100000000110000000000000001001100000000000000000000000110000000000000000
000000000011000000000001010000000000000000000000000000000000000000000000010000010000001010000000000000010001110101101000000000000000010110000000000000
000000000011000000000000100000000000000000000000000000000000000000000000010000010000001110000000000001101100100000001100000000000000000001000000000000
000000000000000000000000000000000000000000000000000000000000000000000000010000010000010011000000000001100011100100000000000000000000000000000000000000
000000000000000000001100000000000000000000000000000000000000000000000000001000100000110000000000000001100001100101110100000000000000000011000000000000
001000000000000000010010000000000000000000000000000000000000000000000000000111000000100000100000000000010011010000100100000000000000000000000000000000
010100000011011000010100000000000000000000000000000000000000000000000000000000000000010001000000000000000000110000011000000000000000000000000000000000
010100000110001100001000000000000000000000000000000000000000011000000000000000000000001110000000000010000000101100000000000000000000110000000000000000
001000000011011000000000000000000000000000000000000000000000100000000000000000000000000000000000000101000000011010000000000000000000110000000000000000
000000000001110000000000000000000000000000000000000000000001001101000000000000000000000000000000000100100000000110000000000000000000000000000000000000
000000000000100000000000000000000000000000000000000000000001000001100000000000000000000000000000000011000000000000000000000000000000000000000000000000
100000000000000000000000000000000000000000000000000000000001001011010000000011100000000000000000000000000000000000000000000000000000000000000000000000
110000000000000010000000000000000000000000000000000000000001111000001000010011100000000000000000000000000000000000000000000000000000000000000000000001
010000000000000001000000000000000000000000000000000000000000100000011100100110000000000000000000000000000000000000000000000010000000000000000000000011
000000000000010000000000000000000000000000000000000000000000000000000000110000000000000000000000000000000000000000000000000101000000000000000000000110
100000001100110000010000000000000000000000000000000000000000000000000000011000000000000000000010000000110110000000000000000000000000000000000011100011
010000000001000000010000000000000000000000000000000000000000000000000000000000000000000000000010000000110110000000000000000100001000000000000010100001
001000000101001110110000000000000000000000000000000000000000000000000000000000000000000000000010000000000000000000110000000110111000000000000100010000
001000000000000011000000000000000000000000000000000000000000010000000000000000000000000000000000000000000000000000110000001001000000000000000100100001
111000000001011000000000000000000000000000000000000000000000101000000000000000000000000000110000000000000000000000000000000100010000000000000100100000
000000000011111100000000000000000000000000000000000000000001101100000000000000000000000000110000000000000000000000000001000110110000000000000011000000
001000000011111000000000000000000000000000000000000000000001101100000000000000000000000000000000000000000000000000000010100001000000000000000000000000
000000000000011000000000000000000000000000000000000000000000111000000000000000000000000000000000000000000000000000000010100000000000000000000000000000
000000000000001010001100000000000000000000000001000000000000010000000010000000001100000000000000000000000000000000000001000000000000000000000000000000
000000000000000100001100000000000000000000000001000000110000000000000101000000001100000000000000000000000000000000000000000000000000000100000000000000
000000000000000000000000000000000000000000000001000001001000000000001101000000000000000000000000000000000000000000000000000000000000001010000000000000
000000000000000000000000000000000000000000000000000000110000000100000010000000000000000000000000000001011100000000000000000000000000001001000000000000
000000000000000000000000000000000000000000000000000000000000001010000000000000000010100000011000000000001010000000000000000000010000000110000000000000
001100000000000000000000000000000000000000000000000000000001101000000000000000000000010011011000000000000011000000000000000000111000000000000000000000
001010000000000000000000000000000000000000000000000000000001101011000000000000000000100001000100000110000110000000000000000001111100000000000000000000
000101000000000000000000011000000000000000000000000000000001110111000000000000000000000000111100000110100000000000000000000011000011000000000000000000
000010000000000000001100011000000110000000000000000000000000010001100000000010100000000000110110000000100000000000000000000001111000000000000001100000
000000000000000000001100000000000110000000000000000000000000000001100000000010010000000000000101000000000000000001100000000000111000100000000010010000
000000000000000000000000000000000000000000011000000000000000000001001100000100001000000000000010000111100000000001100000000000010100000000000010100000
000000000010000000000000000000000000000000011000000000000000000000000110011100101000000000000000000011000000000000000000000000000010000000000001000000
000000000010000000000000000000000000000000000000000000000000000000001000011100000000000000000000000001000000000000000000000000000001101000000000000000
000000000010000000000000000000000000000000000000000000000000000011000000000000100000000000000000000000000000000000000000000000000000000000000000000010
000000000000000000000000000000000000000000000000000000000000000000000000000000000100000000000000101110000000000000000000000000000000001100000000000101
000000000000000000000000000000000000000000000000000000000000000000000000000000100100000000000001101101000000000000000000000000000000000000000000000101
000000000000000000000000000000001110000000000000000000000000000000000000000000000100000000000000100101100000000000000000000000000000000000000000000010
000000000000000000000000000000000000000000000000000000000000000000000000000110001000000000000000000001000000000000000000000000000000000000000000000000
001100000010000000000000000000000000100000000000000000000000000000001000000001111000000000000000000010100000000000000000000000000000000000000001100000
010010000101000000000000000000000000100000000000000000000000000000011000000110010000000011000000000011000000000000000000000000000000000001000010010000
001100000100100000000110000000000000100000000000000000000000000000000100000111110000000110000000000001000000000000000000000000000000000010100001100000
000000000011000000000110000110000000000000000000000000000000000000011000000111000011000100000011000000000000000000000000000000000000000001100000000000
000000000000000000000000000110000000000000000000000000000000000000000000000100000010001100000010100000000000000000000000000000000000000000000000000010
000000000000000000000000000000000000000000000000000000000000000000000001000000011011011100000001000000000000000000000000000000000000001100000000000101
000000000000000000000000000000000000000000000000000000000000000001100110000000101101100110000000000000000000000000000000000000000000010100000000000101
000000000000000000000000000000000000000000000000000000000000000001001011000001010001000110000000000000011000000000000000000000000000001000000000000010
000000000000000000000000000000000000000000000000000000000000000000011101110010010000100100000000000000011000000000000000000000000000000000000000000000
000000000100000000000000000000000000000000000000000000000000000000010001100001100000011000000000000000000000000000000000000000000000000000000000000000
000000001010000000000000000000000000000000000000000000000000000000001111000000000000000000000000000011000000000000000000000000000000000000000000000000
000000001010000000000000000000000000000000000000000000000000001110000110000000000000000000000000000011000000000000000000000000000000000000000000000000
000000000100000000000000001100000000000000000000000000000000000000000000000000000000000000000000000000000000000000000000000000000000000111000000000000
000000000000000000000000001100000000000000000000000000000000100000100000000000000000000000000000000000000000000000000000000000000000000000000000000000
000000000000000000000000000000000000000000000000000000000001010001010000000000000000000000000000000000000000000000000000000000000000000000000000000000
000000000000000000000000000000000000000000000000000000000001010001010000000000000000000000000000011000000000000000000000000000000000000000000000000000
000000000001000000000000000000000011100000000000000000000000100000100000000000000000000000000000011000000000000000000000000000000000000000000000001100
000000000001000000000000000000000000000000000000000000000000000000000000000000000000000000000000000000000000000000000000000000000000000000000000001100
000000000001000000000000000000000000001000000000000000000000000000000000000000000000000000000000000000000000000000000000000000000000000000000000000000
000000000000000000000000000000011000001000000000000000000000000000000000000000000000000000000000000000000000000000000000000000000000000000000000000000
000000000000000110000000000000011000001000000000000000000000000000000000000000000000000000000000000000000100000000000000000000000000000000000000000000
000000000000001001000000000000000000000000000000000000000000000000000000000000000000000000000000000000000100000000000000000000000000000110000000000000
000000000000000110000000000000000011100000110000000000000000000000000011000000000000000000010000000000000100000000000000000000000000000110000000000000
000000000000000000000001100110000000000000110000000000000000000000000011000000000000000000101000000000000000000000000000000000000000000000000000000000
000000000000000000000001100110011000000000000000000000000000000000000000000000000000000001010000000000000000000000000000000000000000000000000000000000
000000000011000000000000000000011000001100000000000000000000000000100000000000000000000001100000000000000000010000000000000000000000000000000000000000
000000000101000000000000000000000000010010000000000000000000000001010000000000000000000000000000000000000000101000000000000000000000000000000000000000
000110000010000000000000000000000000001100000000000000000000000001010000000000000000000000000000000000000001001000000000000000000000000000001100000000
000110000000000000000000000000000000000000000000000000000000000000100000000000000000000000000000011000000000110000000000011000000000000000010010000000
000000000000000000000000000000000000000000000000000000000000000000000000000000000000000000000000100100000000000000000000011000000000000000010100000000
000000000000000000000000000000000000000000000000000000000000000000000000000000000000000000000000011000000000000000000000000000000000000000001000000000
000000000000000000000000000000000000000000000000000000000000000000000000000000000000000000000000000000000000000000000000000000000000000000000000000000
000000000000000000000000001100000000000000000000000001000000000001100000000000000000000000000000000000000000000000000000000000000000000000000000000000
000000000000000000000000001100000000000000000000000010100000000001100000000000000000000000000000000000000000000000000000000000000000000000000000000000
000000000000000000000111000000000000000000000000000010100000000000000000000000000000000000000000000000000000000000000000000000000000000000000000000000
000000000000000000000000000000000000000000000000000001000000000000000000000000000000000000000000000000000000000000000000000000000000000000000000000000
000000000000000000010000010000000000000000000000000000000000000000000000000000000000000000000000000000000000000000000000000000011000000011000000000000
000000000000000000010000010000000000000000000000110000000110000000000000000000000000000000000000000000000000000000000000000000100100000100100000000000
000000000000000000010000010000000000000000000001001000001001000000000000000000000000000000000000000000000000000000000000000000011000000011000000000000
000000000000000000000000000000000000000000000000110000000110000000000000000000000000000000000000000000000000000001001000000000000000000000000000000000
000000000000000000000000000000000000000000000000000000000000000000000000000000000000000000000000000000000000000001000100000000000000100000000000000000
000000000000000000000000000000000000000000000000000001000000000000000000000000000000000000000000110000000000000110000100000000000001010000000000000000
000000000000011100000000000000000000000000000000000010100000000000000000000000000000000000000000110000000000000110000010000000000001010000000000000000
000000000000000000000000000000000000000000000000000010100000000000000000000000000000000000000000000000000011101001101100000100000000100000000000000000
000000000001000001000000000000000000000001000000000001000000000000000000000000000000000000000000000000000000011000110000000100000000000000000000000000
000000000010100010100000000000000000000010100000000000000000000000000000000000000000000000000000000000001000001011010000000100000000000000000000000000
000000000010100010100000000000000000000010100000000000000000000000000000000000001100000000000000000000001000000111110000000000000000000000000000000000
000000000001000001000000000000000000000001000000000000000000000000000000000000001100000000000000000000001000000001100000000000000000100000010000000000
000000000000000000000000010000000000000000000000000000000000000000000000000000000000000000000000000000000000000000110000000000000001010000101000000000
000000000000000000000000010000000000000000000000000000000000000000000000000000000000000000000000000000000011100000110000000000000001010000101000000000
