00000000000000000000000000000000100000000000000000
00000000000000001100000000000000000000000000000000
00000000000000001100001000000000100000000000000011
10000000000100000000011000000011110000000000000010
00000000001010000000100100001010100110000000000010
00000000001011000000011000110000110010000000000000
00000000110100000000001000001010011100111000000000
00000001100000000000000000000011000100000000000000
00000000110000000000000000000000011011000001110000
00000000000000110000000000000000001101000010010000
00000000000000010000000000000000001100010100010000
00000000000000100000000000000000000011010100100100
00000000000000000000000000000000000001000000101010
00000000000000000000000000000000000000010001011010
00000000000000000000000000000000000000011000011000
00000000000000000000000000000000000000000011010000
00000000000000000000000000000000000000000000010000
00000000000000000000000001000000000000000000000000
00000000000000000000000010100000000000000000000110
00000000000000000000000010100000000000000000011110
00000000000000000000000001000000000000000000001100
00000000000000000000110000000000000000000000000000
00000000000000000001111000000000000000000000000000
00000000000000000001000100000000100000000000001101
00000000000000000000111000000011010000000011100000
00000000000000000000000001110101010000000101100110
00000000000000000000001000000000000000000000001000
00000000000000000000010001000000010000001000001000
00000000000000000000001010011110110000001000111000
00000000000000000000000000000000110000000100001000
00000000000000000000000000000000000000000011110000
00000000000000000000000000000000000000000001110000
00000000000000000000000000000000000000000000000000
00000000000000000000000000000000000000000000000000
00000000000000000000000000000000000000000000000000
00000000000000000000000000000000000000000000000000
00000000000000000000000000000000000000000000000000
00000000000000000000000000000000000000000000000000
00000000000000000000000000000000000000000000000000
00000000000000000000000000000000000000000000000000
00000000000000000000100000000000000000000000000000
00000000000000000000100000000000000010000000000011
10000000000000000000100000000000000010000000000100
00000000000000000000000000000000000010000000000011
00000000000000000000000000000000000000000000000000
00000000000000000000000000000000100000000000000000
00000000000000000000000000000011111000000000000000
00000000000000000000000000000111011000000000000000
00000000000000000000000000000010011000000000000000
00000000000000000000000000000001110000000000000000
