000000000000000000000110000000000000000000000000000000000000000000000000000000000000000000000000000000000000000000000000000000000000000001110001000000
000000000000000000001001000000000000000000000000000000000000000000000000000000000000000000000000001000000000100000000000000000000000000010011100100000
000000000000000000000110000000000000000000000000000000000000000000000000000000000000000000000000001000000000100110000000000000000000000010000000011000
000000000000000000000000000000000000000000000000000000000000000000000000000000000001100000000000001000000010001000000011000000000000000000111111011100
000000000000000000000000000000000000000000000000000000000000000000000000000000000001100000000000000000000001100000000100100000000011000000000001000100
000000000000000000000000000000000000000000000011100000000000000000000000000000000000000000000000000000000001100000000010100000000100000000000001001000
000000000110000000000000000000000000000000000000000001110000000001100000000000000000000000000000000000000000000000000001000000001000110000001001000000
000000001001000000000000000000000000110000000000000000000000000001100000110000000000000000000000000000000000000000000000000000001001011010000110000000
000000001001000000000000000000000000110000000000000000000000000000000000110000000000000000000000000000000000000000000000000000001000000001000000000000
000000000110000000000000000000000000000000000000010000000000000000000000000000000000000000000000000000000000000000000000000000000011000000000000000000
000000000000000000000000000000000000000000000000101000000000000000000000000000000000000000000000000000000000000000000000000000000000000110000000000000
000000000000000000000000000000000000000001011101101100000000000000000000000000000000000000000000000000000000000000000000000000000000010000001111000000
000000000000000000000000000000000000000011100011100100000000000000000000000000000000000000000000110000000000000000000000000000000000000000001000010000
000000000000000000000000000000000000000101100011010010000000000000000000000000000000000000000000110000000000011000000000001000000000000000001101010000
000000000000000000000000000000000000000010100011000100000000000000000000000000000000000000000000000000000000101100000000011100000000000000000000110000
000000000000000000000000000000000000000000000010110000000000000000000000000000000000000000000000000000000000000000100000000010000000000000000000000000
000000000000000000000000000000000000000000101001111000000000000000000010000001100000001000000000000000000000000001010000001100000000000000000000000000
000000000000000000000000000000000000000000111001011000000000000000000010101110000000011100000000000000000000000000100010011000000000000000000000000000
000000000000000000000000000000000000000000000001010000000000000000000000101100000000111110000000000000001100000000000000010000000000000010000000000000
000000000000000000000000000000000000000000000001110000000000000000000000000000000001100011000000000000001100000000010110000000000000001101000000000000
000000000000000000000000000000000000000000000000010000000000000000010000111100000000111110000000000000000000000000000000000000000000000001100000000000
000000000000000000000000000000000000001110000000011000000000000000010000110111010000011100000000000000000000000000000000000000000000010001000000000000
010000000000000000000000000000001100000000000000011000000000000000000000000000001000001000000000000000000000000000000000000000000011000001011000000000
101000000000000000000000000000111100000000000001010000000000110000000000001100000000000000000000000000000000000000010000000000000111100001000000000000
101000000000000011000000000000100000000000000001010000001100110000000110001100001000000000000000000000000000000000010000000000001000000001000000000000
010000000000000011000000000000011000000000000001100000001100000000010001000000010000011000000000000000000000000000010000000000010000111010010100000000
000000000000000000000000000000011000100000000000000000000000000000110010000011100111010000000000000000000000000000000000000000000000100011001000000000
000000000000000000000000000000000000111000000000000000000000000001101000000000000010010000000000000000000000000000000000000000001100000110000000000000
000000000000000111000000000000000000000000000000000000000000000011000100000000001000100000000000000000000000000000000000000000000000000000000000000000
000000000000000101000000000000000000001000000000000000000000000001100011000000001110000000000000000000000000000000000000000000000000000000000000000000
000000000010001001000000000000000100000000000000010000000000000000111000100000001100000000000000000000000000000000000000000000000000001110000000000000
000111000101001010000000000011000000000000000000010000000000000000110001100000000000000000000000000000000000000000000000000000000000010010000000000000
000000000110001110000000000111000101000000000000010000000000000000000011000000000000000000000000000000000000000000000011000000000000100000000000000000
000000000000000000000000000100010010000000000000000000000000010000000110000000110000000011000000000000000000000000001011001000000000101000000000000000
000000000000000000000000001000000000000000110000000111000001110000000110000001001000000011000000000000001100000000000101010100000000011000000000000000
000000000000000000000000001000001000000001000000000000000011000000000100000001000000000000000000000000001100000000000010000110000000000000000000000000
000000000000000000011000001000000000000001000100010000000100100000001100000111101000000000000000000000000000000000000001110000000000000010000000000000
000000000000000000100100011100101000000000000000010000000010100000001100001000000000000000000000000000000000000000000000110010000000000110000000000000
000000000000000000100100001000011000000000010100010000000010100000000000001000000000000000000000000000000000000000000000010010000000000000000000000000
000000010000000000011000000000110100001100000000000000000000000000000000000110000000000000000000000000000000000000000000000000000000000000000000000000
000000010000000000000000000000010000001100010001000000000000000000100000000000000000000000000000000000000000000000000000011000000000000000000000000000
000000010000000000000000000000111000000111100001000000000000000000110000000000000000000000000000000000000000000000000000011000000000000000000000000000
000000000000000000000000000000000000001010000000000000000000000000111000000000000000000000000000000000000000000000000000000000000000000000000000000000
000000000000000000000000000000000000000101100100000000000000000000000000000001000000000010000000000000000000000000000000000000000000000000000000000000
000000000000000000000000000011000000000100010000000000000000000000000000000011100000000101000000000000000000000000000000001010000000000000000000000000
000000000000000000000000000011000000001000000000000000000000000000000000000110110000000011000000000000000000000000000000010010000000000000000000000000
000000000000000000000000000000000000000101100000000000000000000000000000000011100000000000000000000001000000000000000000010000000000000000000000000000
000000000000000000000000000000000000000100100000000000000000000000000000000001000000000000000110000010100000000000000000001010000000000000000000000000
000000000000001000000000000000000000000111000000000000000000000000000000000000000000000000000110000010100000000000000000000000000000000000000000000000
000000000000001000000000000000000000000000000000000000000000000000000000000000000000000000000000000001000000000000000000000000000000000000000000000000
000000000000001000000000000000000000000000000000000000000000000000000000000000000000000000000000000000000000000000000000000000000000000000000000000000
000000000000000000000000000000000000000000000000000000000000000000000000000000000000000000000000110000000000000000000000000000000000000000000000000000
000000000000000000000000000000000000000000000000000000000000000000000000000000000000000000000001001000000000000000000000000000000000000000000000000000
000000000000000000000000000000000000000000000000001100000000000000000000000000000000000000000000110000000000000000000000000000000000000000000000000000
000000000000000000000000000000000000000000000000001100000000000000000000000000000000000000000000000000000000000000000000000000000000000000000000000000
110000010000000000000000000000000000000000000000000000000000000000000000000000000000000000000000000001000000000000000000000000000000000000000000000000
110000101000000000000000000000000000000000000000000000000000000000000000000000000000000000000000000010100000000000000000000000000000000000000000000000
000000011000000000000000000000000000000000000000000000000000000000011100000000000000000000000000000010100000000000001100000000000000000000000000000100
000000000000000000000000000000000000000001100000000000000000000000000000000000000000000000000000000001000000000000001100000000000000001100000000001010
000000000000000000000000000000000000000010010000000000000000000000000000000000011100000000000000000000000000000000000000000000000000001100000000001001
000000001100000000000000000000000000000001100000000000000000000000000000000000000000000000010000000000000000000000000000000000000000000000000000000110
000000001010000000000000000000000000000000000000000000000000000000000011000011000001000000101100000000000000000000000000000000000000000000000000000000
000000000100000000000000000000000000000000000000000000000011000000000011001100100001000001100000000000000000000000000000000000011000000000000000000000
000000000000000000000000000000000000000000000000000000000011000000000000000001100001000011000000000001100000000000000000000000010110000000000000000000
000000000000000000000000000000000000000000000000000000000000000000000000000001100000000011000001000010110000001100000000000000000000000000000000000000
000000000000000000000000011000000000001000000000000000000000000000000000001110000000000000010011000110101011001100000000000000001101000000000000000000
000000000000000000000000100000000000010100000000000000000000000000000000000110000001000000001100000010101000001110000000000001011011000000000000000000
000000000000000000000001001100000000010100000000000000000000000000000000000000000010100000000000000001000001111110101000010001011011100000000000000000
000000000010000000000010001100000000001000000000000000000000000000000000000000000110110000000000000000001100001000010000010000100000000000000000000000
000000000101000000000010110000000000000000000000000011000000000000000000010111100000000000000000000000000011111110001100000000000000000000000000000000
000000000101000000000000000000000000000000000000000011000000001100000000011001100000000000110000000000000000000000001100000000000000000000000000000000
000000000010000000000001101100000000000000000000000000000000010010000000011000000000000000000000000000000000000000000000000000000000000000000000000000
000000000000000000000000101100000000000000000000000000011000001100000000000000000000000001000100000000100000000000000000000000101000000000000000000000
000000000000000000000000000110000000000000000000000000011000000000000000000000000000000000000010000001001000000000000000000100110000000000000000000000
000000000000000000000000011110000000000000000000000000000000000000000000000000000000000000000100001001000100000000000000000100110000000000000000001100
000000000000000000000000010001000000000000000000000000000000000000000000000000000000000000010000001101000000000000000000000011000000000000000000010010
000000000000000000000000100101100000000000000000000000000000000000000000000000000000000000000000000101001000000000000000000000000000000000000000001100
000000000000000000000000001101110000000110000000000000000000000000000000011000001000000000000000001110000000000000000000000000000000000000000000000000
000000000000000000000000010001100000000110000000000000000000000000000000011000001000000000000000001111001000000000000000000000000000000000000000000000
000000000000000000000000001110000000000000000000000000000000000000000000000000000000000000000000001000010110000000000000000000000000000000000000000000
000000000000000000000000000000000000000000000000000000000000000000000000000000000000001100000000000101000001000000000000000000000000000000000000000000
000000000000000000000000000000000000000000000000000000000000000000000000000000000000001100000000000000110110011000000000000000000000000000000000000000
000000000000000000000000000000000000000000000000000000000000000000000000000000000000000000000000000000111000011000000000000000000011000000000000000000
000111000000000000000000000000000000000000000000000000000000000000000000000000000000000000000000000000110000000000000000000000000011000000000000000000
000000000000000000000000100000000000000000000000000000000000000000000000000000000000000000000000000000000000000000000000000000000000000000000000000000
010000000000000000000000110000000000000000000000000000000000000000000000000000000000000000000000000000000000000000000000000000000000000000000000000000
010000000000000001000011001000000000000000000000000000000000000000000000000000000000000000000000000000000000000000000000000000000000000000000000000000
010000001110000001101010110000000000000000000000000000000000000111000000000001100000110000000000000000000000000000000000000000000001000000000000000000
000000000010000001101101000000000000000000000000000000000000000000000000000001100001001000000000000000000000000000000000000000000001000000000000000000
000000000100000000100011000000000000000000000000000000000000010000000000000000000000110000000000000000000000000000000000000000000001000000000000000000
000000000000000000000010000000000000000000000000000000000000010000000000000000000000000000000000000000000000000000000000000000000000000000001100000000
000000000000000000000000000000000000000000000000000000001000010000000000000000000000000000000000000000000000000000000000000000000000000000001100000000
000000000000000000011000000000000000000011000000000000010010000000000011000000000000000000000000000000000000000000000000000000000000000000000000000000
000000000000000000100110000000000000000011000000000000000001000111000011000000000000000000000000000001100000000000000000000000000000000000000000000000
000000000000000000110110000011000000000000000000000001000001000000000000000000000000000000000000000001100000000000000000000000000000110000000000000000
000000000000000000011100000001000010000000000000000001000011000000000000000000000000000000000000000000000000000000000000000000000000110000000000000000
000000000000000000000000001001010100000000000000000001000000000000110000000000000000000000000000000000000000000000000000000000000000000000000000000000
000001100000000000000000001001000000000000000001100111110100000000110000000000000000000000000000000000000000000000000000000000000000000000000000000000
000001100011100000000000001001010000000000000001100011100000000000000000000000000000000000000000000000000000000000000000000000000000000000000000000000
000000000000000000000000000001000000110000000000000000000000110000000000000000000000000000000000000000000000000000000000000000000000000000000000000000
100000001000001000000001100011000100001000000000000001100000110000000000000000000000000000000000000000000000000000000000000000000000000000000000000001
100000001000001000000010100000000000111000000000000000111000000000000000000000000000000000000000000000000000000000000000000000000000000000000000000001
000000001000001000000001000000011011000100000000000000001100000000011000000000000000000000000000000000000000000000001000000000000000000000000000000000
000111000000000000000000000000100000011010000000000000000110000000100100000000000000000000000000000000000000000000010100000000000000000000000000000000
000000000011100000000000000000100000001011000000000000001100000000011000000000000000000000000000000000000000000000100100000000000000000000000000000000
010000010000000000000000000000100100000010000000000000000000000000000000000000000000000000000000000000000000000000011000000000000000001100000000000000
010000010000000000000000010000011000111011000000000001110000000000000000000000000000000000000000000000000000000000000000000000000000010100000000000000
010000010000000000000000100000000000010011000000000001110000000000000000000000000000000000000000000000000000000000000000000000000000001000000000000000
000000000000000000000000000001100000001100000000000001110000000000000000000000000000000000000000000000000000000000000000000000000000000000000000000000
000111000000000010000000000000110000000000100000000000000000000000000000000000000000000000000000000000000000000000000000000000000000000000000000000000
000000000000000101000000000001100110000001000010000000000000001000000000000000000000000000000000000000000000000000000000000000000000000000000000000000
000000000000001001000000001010000110000001000000000000000000011100000000000000000000100000000000000000000000000000000000000000000000000000000000000000
000000000000000110000000001110000000000000100000000000000000011100000000000000000001010000000000000000000000000000000000000000000000000111000000001100
000000000000000000000000000100000000000000000000000000000000110110000000000000000010010000000000000000000000000000000000000000000000000000000000001100
000000000000000000000000000000000000000000000000000000000000110100000000000000000001100000000000000000000000000000000000000000000000000000000000000000
000000000000000000000000000000000000000000000000000000000000111100000000000000000000000000000000000000000000000000000000000000000000000000000000000000
000000000000000000000000000000000000000000001000000000000000101000000000000000000000000000000000000000000000000000000000000000000000000000000000001100
000000000000000000000000000000000000000000011100000000000000100000000000000000000000000000000000000000000000000000000000000000000000000000000000001100
000000000000000000000000000000000000000000101100000000000000101000000000000000000000000000000000000000000000000000000000000000000000000000000000000000
000000000000000000000000000000000000011001100110000000000000111000000000000000000000000000000000000000000000000000000000000000000000000000000000000000
000000000000000000000000000000000000011000111100000000001000000000000000000000000000100000000000000000000000000000000000000000000000000000000000000000
000000000000000000000000000000000000000000011100000000010010000000000000000000000001010000000000000000000000000000000000000000000000000110000000000000
000000000011000001100000000000000000000000000000000000000010000000000000000000000001010000000000000000000000000000000000000000000000000110000000000000
000000000011000001100000000000000000000000000000000000100000000000000000000000000000100000000000000000000000000000000000000000000000000000000000000000
000000000000000000000000000000000000000000000000000000101100000000000000000000000000000000000000000000000000000000000000000000000000000000000000000000
000000000000000000000000000000000000000000000000000001101011100000000000000000000000000000000000000000000000010000000000000000000000000000000000000000
000000000000000000000000000000000000000000000000000000111000100000000000000000000000000000000000000000000000101000000000000000000000000000000000000000
000000000000000000000000000000000000000000000000000001111111000000000000000000000000000000000000000000000001001000000000000000000000000000001100000000
000000000000000000000000000000000000000000000000001110000000000000000000000000000000000000000000000000000000110000000000011000000000000000010010000000
000000000000000000000000000000000000000000000000001000000000000000000000000000000000000000000000000000000000000000000000011000000000000000010100000000
000000000000000000000000000000000000000000000000001000000000000000000000000000000000000000000000000000000000000000000000000000000000000000001000000000
000000000000000000000000000000000000000000000000000000000000000000000000000000000000000000000000000000000000000000000000000000000000000000000000000000
000000000000000000000000000000000000000000000011100011100000000000000000000000000000000000000000000000000000000000000000000000000000000000000000000000
000000000000000000000000000000000000000000000000000000000000000000000000100000000000000000000000000000000000000000000000000000000000000000000000000000
000000000000000000000000000000000000001100000000001000000000000000000001010000000000000000000000000000000000000000000000000000000000000000000000000000
000000000000000000001100000000000000001100000000001000000000000000000001010000000000000000000000000000000000000000000000000000000000000000000000000000
000000000000000000001100000000000000000000000000001000000000000000000000100000000000000000000000000000000000000000000000000000011000000011000000000000
000000000000000000000000000000000000000000000000000000000000000000000000000000000000000000000000000000000000000000000000000000100100000100100000000000
000000000000000000000000000000000000000000000000000000000000000000000000000000000000000000000000000000000000000000000000000000011000000011000000000000
000000000000000000000000000000000000000000000000000000000000000000000000000000000000000000000000000000000000000000000000000000000000000000000000000000
000000000000000000000000000000000000000000000000000000000000000000000000000000000000000000000000000000000000000000000000000000000000100000000000000000
000000000000000000000000000000000000000000000000000000000000000000000000000000000001000000000000110000000000000000000000000000000001010000000000000000
000000000000000000000000000000000000000000000000000000000000000000001100000000000001000000000000110000000000000000000000000000000001010000000000000000
000000000000000000000000000000000000000000000000000000000000000000001100000000000001000000000000000000000000000000000000000000000000100000000000000000
000000000000000000001100011000000000000000000000000000000000000000000000000000000000000000000000000000000000000000000000000000000000000000000000000000
000000000000000000010010011000000000000000000000000000000000000000000000000000001000000000000000000000000000000000000000000000000000000000000000000000
000000000000000000010100000000000000000000000000100000000000000000000000000000010100000000000000000000000000000000000000000000000000000000000000000000
000000000000000000001000000000000000000000000001010000000000000000000000000000010100000000000000000000000000000000000000000000000000000000000000000000
000000000000000000000000000000000000000000000001010000000000000000000000000000001000000000000000000000000000000000000000000000000000000000000000000000
000000000000000000000000000000000000000000000000100000000000000000000000000000000000000000000000000000000000000000000000000000000000000000110000000000
