001100000101000000000000000000000110000000000000000000000000000000000000000000000000000000000000000000000000000000000000000000000000000000000000000000
000000000011100000000000000000000000000000000000000000000000000000000000110000000000000000000000001000000000000000000000000000000000000000000000000000
000000000000110000000000000000000000000000000000000000000000000000000000110000000100000000000000001000000000000000000000000000000000000000000000000000
000000000001001000000000000000000000000000000000000000000000000000000000000000000110000000000000001000000000000000000000000000000000000000000000000000
000000000001001000000000000000000000000000000000000000000000000000000000000000000110000000000000000000000000000000000000000000000000000000000000000000
000000000000110000000000000000000000000000000011100000000000000000000000000000000010000000000000000000000000000000000000000000000000000000000000100001
100000000000000000000000000000000000000000000000000001110000000001100000000000000000000000000000000000000001100000000000000000000000000000000000100001
110100000000000000000000000000000000110000000000000000000000000001100000110000000000000000000000000000000001100000000000000000000000000000000001110100
100100000000000000000000000000000000110000000000000000000000000000000000110000000000000000000000000000000000000000000000000000000000000000000101000000
000100000000000000000000000000000000000000000000000000000000000000000000000000000000000000000000000000000000000000000000000000000000000000000000100011
100000000000000000000000011000000000000000000000000000000000000000000000000000000000000000000000000000000000000000000000000000000000000000000000100111
000000000000011100000000010100000000000000000000000000000000000000000000000000000000000000000000000000000000000000000000000000000000000000000000101011
000000000000000000000000001000000000000000000000000000000000000000000000110000000000000000000000110000000000000000000000000000011000000000000010001100
000000000000000000000000000000000000000000000000000000000000000000000000110000000000000000000000110000000000000000000000000000011000000000000001111000
000000000000000000000000000000000000000000000000000000000000000000000000000000000000000000000000000000000000000000000000000000000000000000000000100000
000011000000000000000000000000000000000000000000000000000000000000000000000000000000000000000000000000000000000000000000000000000000000000000000000100
000011000000000000000000000000000000000000000000000000000000000000000000000000000000000000000000000000000000000000000000000000000000001000000000000110
000000000000000000000000000000000000000000000000000000000000000000000001000000000000000000000000000000000000000000000000000000000100010100100000001110
000000000000000000000000000000000000000000000000000000000011000000000010100000000000000000000000000000000000000000000000000010011100110000000000000000
000000011100000000000000000000000000000000000000000000000011000000000001000000000000000000000000000000000000000000000000000101101000100000001000000000
000001000101000000000000000000000000000000000000000000000000000000000000000000000000000000000000000000000000000000000000000100000000011000000000000000
000001000010110000000000000000000000000000000000000000000000000000000000000000000000000000001100000000000000000000000000000010001000000110000000000101
000001000101000000000000000000000000000000001100000000000000000000000000000000000000000000010010000000000000000000000000000001000100000000001000000110
000000001100000000000000000000000000000000001100000000000000000000000000000000000000011000001010000000000000000000000000000000100100000001000000000010
000000000000000000000000000000000000000000000000000000000000000000000000000000000000100100000100000000000000000000000000000000001000000000000000000000
000000011010000000000000000000000000000000000000000000000000000000000000000000000000011000000000000000000000000000000000000000010100000000000000000000
000011000010000000000000000000000000000000000000000000000000000000000000000000000000000000000000000001100000000000000000000000011000000000000000000000
000000110100000000000000000000000000000000000000000000000000000000000000000000000000000000000000000010010000000000110000000000001000000000000000000000
000000100000000000000000000000000000000000000000000000000000000000000000000000000000000000000000000001100000000000110000000000000001000000000000000000
000000000000000000000000000000000000000000011000000000000000000000000000000000000000000000000000000000000000000000000000000000000011110000000000000000
000000000000000000000000000000011000000000011000000000000000000000000000000000000000000000000000000000000000000000000000000000000111110001110000000000
000000000000000000000000000000011000000000000000000000000000000000000000000000000000000000000000000000000000000000000000000000011000000010110000000000
000000000110000000000000000000000000000000000000000000000000000000000000000000000000000000000000000000000000000000000000000000000001010011100000000000
000000000110000000000000000000000000000000000000000000000000000000000000010000000000000000000000000000000000000000000000000000100000100001100000000000
000000000000000000000000000000000000000000000000000000000000000000000000101000000000000000000000000000000000000000000000000000010011001110000000000000
000000000110000000000000000000000000000000000000000000000000000000000000100100000000000000000000000000000000000000000000000000000000010010000000000000
000000000110000000000000000000000000000000000011000000000000000000000000011000000000000010000000000000000000000000000000000000001000101100000000110000
000000000000000000000000000000000000000000000100100000000000000010000000000000000000000101000000000000000000000000011000000100000000000100000001001000
000000000000000000000000000000000000000000000011000000000000000101000000000000000000000101000000000000000000000000011000000101000100000100000000110000
000000000000000000000000000000000000000000000000000000000000000011000000000000000000000010000000000000000000000000000000000110000000000000000000000000
000000000000000000000000000000000000000000000000001100000000010100001000000000000110000000000000000000000000000000000000000011000100011100000000000000
000000000000000000000000000000000000000000000000010010000001110100001000000000000110000000000010000000000000000000000000000001000011101000000000000000
000000000000000000000000000000000000000000000000001100000001110110101100000111000000000000000101000000000000000111000000000000000000000000000000000000
000000000000000000000000000000000000000000000000000000000000000101000111100000000000000000000011000000000000000000000000000000000000000000011000000000
100000000000000000000000000000000000000000000000000000000000000011000000000000010000000000000000000000000000000000000000000000000000000000011000000001
010000000000000000000000000000000000000000000000000000000000000010000000100000010000000000000000000000000000000000000000000000000000001000000000000001
110000000000000000000000000000000000000110000000000000000000000000000110000000010000000000000000000000000000000000000000000000000000001000000000000000
000000000000000000000000000000000000000110000000000000000000000000000000000000000000000000000110000000000001100000000000000000000000000000000000000000
000000000000000000000000000111000000000000000000000000000000000000000000000111000000000000000110000000000011010000000000000000000000001100000000000000
000000000000000000000000000000000000110000000000000000000000000000000000000000000000000000000000000000000101011000000000000000000000001100000000000000
000000000011000000000000000000010001001000000000000000000000000000000000000000000000000000000000000000001101001000000000000000000000000000000000000000
000000000011000000000000000000010000110000000000000000000000000000011000000000000000000000000000000000000110000111100000000000000000000000000000000000
000000000000000000000000000000010000000000000000000000000000000000011000000000000000000000000000000000000011101000001000101000000000000000000000000000
000000000000000000000000000000000000000111000000001100000000000000000000000000000000000000000000000000000000001110000001001000000000000000000000000000
000000000000000000000000000111000000000000000000001100000000000000000000000000000000010000000000000000000000000000101001001000000000000000000000000000
000000000000000000000000000000000000000000000000000000000000000000000000000110000000101000000000000000000000000000000000110000000000000000000000000000
000110000000000000000000000000000000110000000000000000000000000000000000000110000000100100000000000000000000000000000000000000000000000000000000000000
001001000000000000000000000000000000110000000000000000000000000000000000000000000000011000000000000000000000000000000000000000000000000000000000000000
000110000000000000000000000000000000000000000000000000000000000000000000000000000000000000000000000000000000000000000000000000000000000000000000000000
000000000000000000000000000000010000000000000000000000000000000000000000000000000000000011000000000000000000000110000110000000000000000000000000000000
000000000000000000100000000000101000000000000000000000000000000001010000000000000000000011000000000000000000000110000110000000000000000000000000000000
000000000000000001010000111000100100000000000000000000000000000001001001000000000000000000000000000000000000000000000000000000000000000000000000000000
000000000000000001010001001000011000000000000000000000000000000001011100100000000000000000000000000000000000000000000000000000000000100000000000000000
000000000000000000100001101000000000000000000000000000000000000000001000000000000000000000000000000000000000000000000000000000000001010000000000000000
000000000000000000000001001000000000000000000000000000000000000010000101000000000000000000000000000000000000000000000000000000000001010000000000000000
000000000000000000000000011000000000000000000000000011100000000010000000000011100000000000000000000000000000000000000000000000000000100000000000000000
000000000000000000000000001000000000000000000000000000000000000010000000000000000000000000000000000000000000000000000000000000000000000000000000000000
000000000000000000001000000000000000000000000000001000001000000000000000000000000000000000000000000000000000000000000000000000000000000000000000000000
000000000000000000001100000000000000000000000000001000001000000000000000000000000000000000000000000000000000000000000000000000000000000000000000000000
000000000000000000000001000000000000000000000000001000001000000000000000000000000000000000000000000000000000000000000000000000000000000000000000000000
000000000000001000111101000000000000000000000000000000000000000000000000000000000000000000000000000000000000000000000000000000000000000000000000000000
000000000000011001110101100000000000000000000000000000000000000000000000000000000000000000000000000000000000000000000000000000000000000000000000000000
000000000000001001010011000000000000000000000000000000000000000000000000000000000000000000000000000000000000011100000000000000000000000000000000000000
000000000110000010000110000000000000000000000000000000000000000000000000000000000000000010000000000000000000000000000000000000000000000000000000000000
000000001001000000000100001110000000110000000000000000000000000000000000000000000000000101100000000000000000000000000000000000000000000000000000000000
000000001110000000000000001010000000110000000000000000000000000000000000000000000000001000010000000000000000000000000001100000000000000000000000000000
000000001000011000000000001110000000000000000000000000000000000000000000000000000000000100000000000000000100000000000001010000000000000000000000001100
000000000000010100000000000000000000000000000000000000000000000000000000000000000000000011110100000000001010000000000000100000000000000000000000001100
000000000000010100000000000000000000000000000000000000000000000000000000000000000000000000000100000000001010000011000000000000000000000000000000000000
000000000000011000000000000000000000000000000000000000000000000000000000000000000000111000000000000000000100000100100000000000000000000000000000000000
000000000011110000000000000000000000000000000000000000000000000000000000000000000001000100000000000000000000000100100000000000000000000000000000000000
000000000011100000000000000000000000000000000000000000000000000000000000000000000000000000000000000000000000000011000000000000000000000000000000000000
000000000000000000000000000000000000000000000000000000000000000000000000000000000001101100000000000000000000000000000000000000000011000000000000000000
000000000000000000000000000000000000000000000000000000000000000000000001000001100001110000000000000000000000000001000000000000000011000000000110000000
000000000000000000000000000000000000000000000000000000000000000000000001000010000001100000000000000011000000000010100000000000000000000000001010000000
000000110000000000000000000000000000000000000000000000000000000000000001000011000001111000000000000101000000000010100110000000000000000000000100000000
000000110000000000000000000000000000000000000000000000000000000000000000000000111000011100000000000001000000000001000110000000000000000000000000000000
000000000011000000000000000000000000000000000000000000000000000111000000000000000000001100000000000000000000000000000000000000000001000000000000000000
000000000100100000000000000000000000000000000000000000000000000000000000000000001100000000000000000000000000000000000000000000000001000000000000000000
000000000010100000000000000000000000000000000000000000000000010000000000000000001101001100000000000000000000000000000000000000000001000000000000000000
000000000001000000000000000000000000000000000000000000000000010000000000000000000111001100000000000001000000000000000000000000000000000000001100000000
000000000000000000000000000000000000000011000000000000000000010000000000110000000010010000000000000010100000000000000000000000000000000000001100000000
000000000000000000000000000001100000000011000000000000000000000000000000110000010010100000000000000010010000000000000000000000000000000000000000000000
000000000000000000000000000001100000000000000000000000000000000111000000000000101001100000000000000000100000000000000000000000000000000000000000000000
000000000000000000000000000000000000000000000000000000000000000000000000000000100100000101000000000111100000000000000000000000000000110000000000000000
000111000000000000000000000000000000000000000000000000000000000000000000000001000100001111000000001001000000000000000000000000000000110000000000000000
000000000000000000000000000000000000000000000000000000000000110000000000000000011100001000100000001000000000000000000000000000000000000000000000000010
110111000000000000000000000000000000000000000000000000000001111000000000000001111000000010110000001000000000000000000000000000000000000000000000000011
110000000000000000000000000001000000000000000000000000000111011000000000000000110000011010110000000000000000000000000000000000000000000000000000000011
111000000000000000000000000001000000000000000000000000000001001000000000000000000000011000100000100000000000000000000000000000000000000000000000000001
001000010000000000000000000001000000000000000000000000000010110000000000000000000000000100100000101000000000000000000000000000000000000000000000000000
000000010000000000000000000000000000000000011000000000000001100000000000000000000000000111000000001000000000000000000000000000000000000000000000000000
000000010000000000000000000000000000000000110000000000000001000000000000000000000000000010000000000000000000000000001000000000000000000000000000000010
000000000000000000000000000000000000000000001000000000000010000000000000000000011000000010110100000000000000000000010100000000000000000000000000000010
000000000000000000000000000000000000000000000000000000000010000000000000000000101000000100001100000000000000000000100100000000000000000000000000000010
000000000000000000000000000000000000000000000000000000000000000000000000000000010000001001000000000000000000000000011000000000000000000000000000000000
000000000000000000000000000000000000000000000000000000000000000000000000000000000000001011000000000000000000000000000000000000000000000000000000000000
000000000000000000000000000000000000000000000000000000000000000000000000000000000000001000000000000000000000000000000000000000000000000010000000000000
000000000000000000000000000000000000000000000000000000000000000000000000000000000000000000000001000000000000000000000000000000000000000010000000000000
000000000000000000000000000000000000000000000000000000000000000000000000000000000000011000000011100000000000000000000000000000000000000010000000000000
000000000000000000000000000100000000000000000100000000000000000000000000000000000000000000000101010000000000000000000000000000000000000000000000000000
000000000000000000000000001010000000000000011110001100000000000000000000000000000001000100000000111000000000000000000000000000000000000000000000000000
000000000011000000000000010010000000000000101000110100000000000000000000000000000001000000000010010000000000000000000000000000000000000000000000011010
000001111000101100000000100010000000000001110001100110000000000000000000000000011110001000000000100000000000000000000000000000000000000000000000111010
000010111101101110000001000000000000000000100100000100000000000000000000000000011011111000000000000000000000000000000000000000000000000000000001000000
000000000001100111000000000100000000000000011011111000000000000000000000000000100010110000000000000000000000000000000000000000000000000000000001010000
000011001101000111000010111100000000000000001110110000000000000000000000110000011011010111000000000000000000000000000000000000000000000000010000100000
000000001110000000000010100000000000000000000000000000000000000000000000110000001011011110110000000000000000000000000000000000000000000000101000000000
000000000000001010000011000000000000000000000000000000000000000000000000000000000110111000001000000000000000000000000000000000000000000000000000000000
000000000000001010000000000000000000000000001000000000000000000000000000000000000011101110110000000000000000000000000000000000000000000110100010000000
000000000000000000000000000000000000000000011000000000000000000000000000000000000001111100000000000000000000000000000000000000000000000000000001000000
000000000000000000000000000000000000000000101110000000000000000000000000000000000000010000000000000000000000000000000000000000000000000011000001000000
000000000000000000000000000001101100000000101011000000000000000000000000000000000000000000000000000000000000000000000000000000000001000010000011000000
000000000000000000000100011011000010000000011110000000000000000000000000000000000000000000000000000000000000000000000000000000000010100001100000000000
000000000000000000001010000000000110000000001100000000000000000000000000000000000000000000000000000000000000000000000000000000000110110001100000000000
000000000000000000001010000011000000000000000000000000000000000000000000000000000000000000000000000000000000000000000000000000000010100000100000000000
000000000000000000000100010000000000000000000000000000000001110000000000000000000000000000000000000000000000000000000000000000110011100000000000110000
000000000000000000000000001000000000000000000000000000000000000000000000000000000000000000000000000000000000000000000000000001001001100000100110110000
000000000000000000000000000100010000000000000000000000000000000000000000000000001110000000000000000000000000011000000000000001110000000000110111001000
000000000000000000000000000010010000000000000000000000000000000000000000000000000000000000000000000000000000011000000000000000000111000000001010000100
000000000000000000110000000000100000000000000000000000000000000000000000000000000000000000000000000000000000000000000000000000000010000000100000100000
000000000000000000110000000000000000000000000000000000000000000000000000000000000000000000000000000000000000000000000000000000000010000010000100111000
000000000000000000000000000000000000000000000000000000000001110000000000000000000000000000000000000000000000000000000000000000000000000000000000000000
000000000000000000000000000000000000000000000000000000000000000000000000000000000000000000000000110000000000000000000000000000000000001101100001001100
000000000000000000000000000000000000001100000000011000000100000000000000000000000000000000000000110000000000000000000000000000000000001101000100010010
000000000000000000000000000000000000001100000000011000000100100000000000000000000000000000000000000000000000000000000000000000000000010110001000110000
000000000000000000000000000000000000000000000000000000000100100000000000000000000000000000000110000000000000000000000000000000000000000100001010000100
000001000000000000000000000000000000000000000000000000000011000000001100000000000000000000001001000000000000000000000000000000000000011110000000110000
001000100000000000000000000000000000000000000000000000000000001110011011000000000000010000000101000000000000000000000000000000000000001000011000010000
001000000000000000000000000000000000000000000000000000000000001110001001000000110000010000000010000000000000000000000000000000000000000000000000000000
000000000000000000000000000000000000000000000000000000000000000000001001000000110000010000000000000000000000000000000000000000000000000000000100100000
000000100000000000000000000000000000000000000000000000000000000000000110000000000010000000000000000000000000000000000000000000000000000000000000110000
000011100000000000000000000000000000000000000000000000000000000000000000000000000010000000000000000000000000000000000000000000000000000000000010100111
100010010000000000000000000000000000000000000000000000000000000000000000000110000010000000000000000000000000000000000000000000000000000000000001000100
010000000000000000000000000000000000000000000000000000000000000000000001000110000000000000000000000000000000000000000000000000000000000000000000000100
000001000000000000000000000000000000000000000000000000000000000000000010100000000000000000000000000000000000000000000000000000000000000000000000000010
000100000110000000000000000000000000000000000000100000000000000000000001000000000000000000000000000000000000000000000000000000000000000000000000000000
000000001100000000000000000000000000000000000001010000000000000000000000000000000000000000000000000000000000000000000000000000001110000000000000000000
100100001101000000000000000000000000000000000001010000000000000000000000000000000000000000000000000000000000000000000000000000000111000000000000011000
110010001101100000000000000000000110000000000000100000000000000000000000000000000000000000000000000000000000000000000000000000000000000000000000011000
