000000000000000000000000010000000000000000000001100000000000000000000000000000000000000000000000000000000000000000000000000000000000001000010000000000
000000000000000000000000000000000000000000000011000000000000000000000000000000000000000000000000001000000000000000000000000000000000001000000000000000
000000000000000000000000000000000000000000000001010000000000000000000000000000000000000000000000001000000000000000000000000000000000001000000000000000
000000000000000000000000000000000000000000000000000000000000000000000000000000000000000000000000001000000000000000000011000000010000000000000000000000
000000000000000000000000000000000000000000000000011000000000000000000000000000000000000000000000000000000000000000000100100000010000000000000000000000
000000000000000000000000000000000000000000000000011000000000000000000000000000000000000000000000000000000000000000000010100000010000000000000000000000
000000000110000000000000000000000000000000000001000001000000000001100000000000000000000000000000000000000000000000000001000000000000000000000000000000
000000001001000000000000000000110000000000000001000001000000000001100000000000000000000000000000000000000000000000000000000000000000000000000000000000
000000001001000000000000000000110000000000000001000001000000000000000000000000000000000000000000000000000000000000000000000000000000000000000000000000
000000000110000000000000000000000000110000000000000000000000000000000000000000000000000000000000000000000000000000000000000000000000000000000000000000
000000000000000000000000000000000000110000000000011100000000000000000000000000000000000000000000000000000000000000000000000000000000000000000000000000
000000000000000000000000000000000000000000000000000000000000000000000000000000000000000000000000000000000000000000000000000000100000000000000000000000
000000000000000000000000000000000000000000000000000000000000000000000000000000000000000000000000000000000000000000000000000000100000000000000000000000
000000000000000000000000000000000000000000000000000000000000000000000000000000000000000000000001000000000000000000000000000000100000000000000000000000
000000000000000100000000000000000000000100000000000000000000000000000000000000000000000000000010100000000000000001100000000000000000000000000000000000
000000000110001000000000000000000000001010000000000000000000000000000000000000000000000000000010100000000000000001100000000000000000000000000000000000
000000000110001110000000000000000000001010000000000000000000000000000000000000000000000000000001000000000000000000000000000000000000000000000000000000
000000000000000000000000000000000000000100000000000000000000000000000000000000000000000000000000000000000000000000000000000000000000000000000000000000
000000000000000000000000000000000000000000000000000000000000000000000000000000000000000000110000000000000000000000000000000000000000000000000000000000
000000000000000000000000000000000011000000011000000000000000000000001000000000000000000001001000000000000000000000000000000111000000000000000000000000
000000000010000000000000000000000100100000100100000000000000000000010100000000000000000000110000000000000000000110000000000000000000000000000000000000
000000000101000011000000000000000011000000011000000000000000000000001000000000000000000000000000000000000000000110000000000000000000000000000000000000
000000000101000011000000000000000000000000000000000000000000000000000000000000000000000000000001000000000000000000000000000000000000000000000000000000
000000000010000000000000000000000000000100000000000000000000000000000000000001000000000000000010100000000000000000000000000001000110000000000000000000
000000000000000000000000000000000000001010000000000000000000000000000000000010100000000000000010100000000000000000000000000011011010000000000000000000
000000000000000000000000000000000000001010000000000000000000000000000000000010010000000000000001000000000000000011100000000111001110000100000000000000
000000000000000000000000000000000000000100000000000000000000000000000000000001100000000000000000000000000000000000000000001110000000001010000000000000
000000000000000000000000000000000000000000000000000000000000000000000000000000000000000000000000000000000000000000000000001110110000001010000000000000
000000000000000000000000000000000000000000000000000000000000000011000000000000000000000000000000000000000000000000000001100101110000000100000000000000
000000000000000000000000000000000000000000000000000000000000000011000000000000000000000000000000000000000000000000000010010110010000000000000000000000
000000000000000000000000000000000000000000000000000000000000000000000000000000000000000000000000000000000000000001001000000101010000000000000000000000
000000110000000000000000000000000000000000000000000100000000000000000000000000000000000000000000000000000000000010001110100001011000000000000000000000
000000110000000000000000000000000111000000000000000100000000000000000000000000000000000000000000000000000000000010000000010000110010000000000000000000
000000000000000000000000000000000000000000000000000100000000000000000000000000000000000011000000000000000011000100100000000001000010000000000000000000
000000000000000000000000000000000000000000000000000000011000000000000000000000000000000011000000000000000101000011100000000001110110000000000000000011
000000000000000000000000000000000000000000000000000000100100000000000000000000000000000000000000000000000010000011000000000110000000000000000000000011
000000000000000000000000000000000000011000000000000000011000000000000000000000000000000000000000000000000000000000000000000111110000000000000000000000
000000000000100000000000000000000000011000000000000000000000000000000000000000000000000000000000000000000000000000000000000010010100000000000000000000
000000000001010000000000000000000000000000000000000000000000000000000000000000001000000000000000000000000000000000000000000001100000000000000000000000
000000000001010000000000000000000000000000000000000000000000000000000000000000010010000000000000000000000000000000000000000000000000000000000000000000
000000000000100000000000000000000000000000000000000000000000000000000000000000010010000000000000000000000000000000000100000000000000000000000000000000
000000000000000000000000000000000000000000000000000000000000000000000000000000000100000000000000000000000000000000001010000000000000000000000000000000
000000000000000000000000000000000000000000000000000110000000000000000000000000000000000000000000000000000000000000001010000000000000000000000000000000
000000000000001110000000000000000000000000000000001001000000000000000000000000000000000010000000000000000000000000000100000000000000000000000000000000
000000000000000100000000000000000000000000000000001010000000000000000000000000000000000101000000000000000000000000000000000000000000000000000000000100
000000000000010100000000110000000000000000000000000100000000000000000000000000000000000011000000000000000000000011000000011000000000000000000000011011
000000000011110011000001011000000000000000000000000000000000000000000000000000000000000000000000000001000000000100100000100100000000000000000000010000
100000011000010100000001000100000000000001100000000000000000000000000000000001000000000000000110000010100000000011000000011000001100000000000000011010
100000010000010100100000111000000000000001100000000000000000000000000000000001000000000000000110000010100000000000000000000000001100000000000000001110
000000010000000101100000010000000000000000000000000000000000000000000000000001000000000000000000000001000000000000000100000000000000000000000000001000
000000001101111010000000000000000000000000000000000000000000000000000000000000000000000000000000000000000000000000001010000000000000000000000000000000
000000000001000000000001000000000000000000000000000000000000000000000000000000000000000000000000110000000000000000001010000000000000000000000000000000
000000000001101111100001000000100000000000000000000000000000000001100000000000000000000000000001001000000000000000000100000000000000000000000000000000
000000000001101000011111000111011000000000000000000000000000000001100110000000000000000000000000110000000000000000000000000000000000000000000000000000
000000000001110000001100000000111000000000000000000000000000011000000110000000000000000000000000000000000000000000000000000000000000000000000000000000
000000000000000000000001001000101000000000000000000000000000011000000000000000000000000000000000000000000000000000000000000000000000000000000000000000
000000000000000000000111000000101000000000000000000000000000000000000000000000000000000000000000000000000000000000000000000000000000000000000000000000
000000000000000000000010001101001000000000000000000000000000000000000000000001100000000000000000000000000000000000000000000000000000000000000000000000
000000000000000000000100000101011000000000000000000000000000000000000000000010010000000000000000000000000101000000000000000000000000000000000000000000
000000000000000100000000000011011000000000000000000000000000000000000000000001010000000000000000000000011110110000000000000000000000000000000000000000
000000000000001010000000000000100000000000000000000000000000000000000000000000100000000000000000000000011001100000000000000000000000000000000000000000
000000000000010010000000000000000000000000000000000000000000011000000000000000000000000000000000000000001000000000000000000000000000000000000000000000
000000000000001100000000000000000000000010000000000000000000011000000000000000000000000000000000000000000000000000000100000000000000000000000000010000
000000000000000000000000000000000000000101000000000000011000000000000000000000000000000000000000000000000000010000001010000000000000000000000000101000
000000000000000000000000000000000000000001000000000001001000000000000000000000000000000000000000000000000000101000000100000000000000000000000000010000
000000000000000000000000000000000000000011000000000010000000000000000000000000000000000000000000000000000000101000000000000000000000000000000000000000
000000000000000000000000000000000000011000000000000000101100000000000000110000000000000100000000000000000000010000000000000000000000000000000000000000
000000000000000000000000000000000000001001000000000000001000000000000000110000000000001010000000000000000000000000000000000000000000000000000000000010
100000000000000000000000000000000000000111000000000000000000000000000000000000000000000100000000000000000000000001100000000000000000000000000000000100
100000000000000000000000000010000000000110000000000000000000000000000000000000000000000000000000010000000000000011101000000000000100000000000000000100
000000000000000000000100001010000000000000011000000000000010000000000000000000000000000000000000111000000000000100010000000000000100000000000000000001
000000000000000000000100010001000010000000100010000001100011000000000000000000000000000000000001101100000000000111100000000000000100000000000000000000
000000000000000000000100001010000101000000100000000010010001000000000000000000000000000000000011000000000000000100100010000000000000000000000010000000
000000000000000000000000000010000101000000000001000100010110000000000000000000000000000000000111000000000000000010000111000000000000000000110010000000
000000000000000000000000000000000000000000100110000011011100000000000000000000000000000000000011000000000010000010001000100000000000000001000001001100
010000000000000000000000000000000000000000011000000000000000000000000000000101000000000000000001101100000101000000001001000000000000000011001010010011
010000000000000000000000000000000000000000101000000000000000000000000000000000100000000000000000111000001001000000000000000000000000000001100010001111
100000000000000000000000000001011010110100010011111100000000000000000000001000100000000000000000010000000110000000000110000000000000000000111000000011
000000000000000000000000000001000101000100000011100000000000000000000000001000000000000000000000000000000000000101000000000000000000000000000000000000
000000000000000000000000000001000010000100000000001100000000000000000000000111000000000000000000000000000000000101100000000000000000000000000000000000
000000000000000000000000000000110000011000000000000000000000000000000000000000000000000000000000000000000000000100100000011000110000000000010000000000
000000000000000000000000000000001000100011100000001110000011000000000000000000000100000000000000000000000000000100100001110100000000000000010000000000
000000000000000000000000000000001000100110100000100110000011111000000000100000000100000000000000000000000000000100100111001010000000001000000100000000
000000000000001000000000000000000111001101000000110001000011111110000100001000000100000000000000000000000000000101001000001011000000110000000100000000
000000000000010100000000000000000000001110000010111111100001111110000100000000000000000000000000000000000000000010001010011111000000001000000100000000
000000000000100100000000000000000000001001100011001100100000100000000100001000000000000000000000000000000000000000000000010000000000001010011000000000
000000000000011000000000000000000000010011000000000011000000110000000000110000000000000000000000000000000000000000100100100111000000000000000000000000
000000000000000000000000000000000000011110000101100000001000000000000010000000000000000000000000000000000000000000101001100000000000000000000000000000
000000000000000000000000000000000000000000000111000000001010110001000101000000000000000000000000000000000000000001000111000000000000000000000000000000
000000000000000011000000000000000000000000011000000000000100000001000101000000000000000000000000000000000000000000111110000000000000000000000000000000
000000000000000100100000000000000000000000101000000000000000000010000000000000000000000000000000000000000000000000011100000000000000000000000000000000
000000000000000011000000000000000000000000110000000000000000000001100000000000000000000000000000000000000000000000000000000000000000000000000000000000
110000000000000000000110000000000000000000000000000000000000000001100000110000000000000000000000000000000000000000000000000000000000000000000000000001
000000000010000000000110011100011100000000000000000000000000000000000001101000000000001000000000000001100000000000000000000000000000000000000000000000
000000000010000000000000000000000000000000000000000010000000000000000000100110000000010100000000000001100000000000000000000000000000000000000000000000
000000000010000000000000000001000000000000000000000101000000000000000000011100000000010100000000000000000000000000000000000000000000011000000000000000
100000000000000000000000000001000000000000000000000101000000000000000000001000000000001000000000000000000000000000000000000000000000100100000000000001
010000000000000000000000000001000000000000000000000010000000000000000000000000000000000000000000000000000000000000000000000000000000010000000000000010
100000000000000000000000000000000000000000000000000000000000000000000000000000000000000000000000000000000000000000000000000000000000000000000000000010
000000000000000000000000000000000000001100000000000000000000000000010111000000000000000000000000000000000000000000000000000000000000000000000000000001
000000000010000000000000000000000000001100000000000000000000000000000001100000000000000000000000000000000000000000000000000000000000000000000000000000
000000000101000000000000000000000000000000000000000000000000000000011000010000000000000000000000000000000000000000000000000000000000000001000000000000
000000000100100000000110000000000000000000000000000000000000000000000001100000110110000000000000000000000000000000001000000000000000000010100000000000
000000000011000000000110000110000000000000000000000000000100000110000001100000100010000000000000000000000000000000010100000000000000000001100000000000
000000000000000000000000000110000000000000000000000000001110001001000101000000011100000000000000000000000000000000100100000000000000000000000000000000
000000000000000000000000000000000000000000000000000000010011000110000010000000011100000000000000000000000000000000011000000000000000001100000000000000
000000000000000000000000000000000000000000000000000000110011000000000000000000000000000000000000000000000000000000000000000000000000010100000000000000
000000000000000000000000000000000000000000000000000000110000000000000000000000000000000000000000000000000000000000000000000000000000001000000000000000
000000000000000000000000000000000000000000000000000000000000000000000000000000011000000000000000000000000000000000000000000000000000000000000000000000
000000000100000000000000000000000000000000000000000000011000000000000001100000101000000000000000000000000000000000000000000000000000000000000000000000
000000001010000000000000000000000000000000000000000000000000000000000010010000010000000000000000000000000000000000000000000000000000000000000000000000
000000001010000000000000000000000000001100000000000000000000000000000001010000000000000000011000000000000000000000000000000000000000000000000000000000
000000000100000000000000001100000000001100000000000000000000000000000001000000000000000000100100000000000000000000000000000000000000000111000000000000
000000000000000000000000001100000000000000000000000000000000000000000000110000000000000000011000000000000000000000000000000000000000000000000000000000
000000000000000000000000000000000000000000000000000000000000000000000001101000000000000000000000000000000000000000000000000000000000000000000000000000
000000000000000000000000000000000000000000000000000000010000000000000000001100110010011000000000000000000000000000000000000000000000000000000000000000
000000000001000000000000000000000011100000000000000001100000000010000101101000110001010100000000000000000000000000000000000000000000000000000000001100
000000000001000000000000000000000000000000000000000000110000000101100001101000110010000100000000000000000000000000000000000000000000000000000000001100
000000000001000000000000000000000000001000000000000000000000000101010001110000000000011100000000000000000000000000000000000000000000000000000000000000
000000000000000000000000000000011000001000000000000000000111000011110000000000000000000000000000000000000000000000000000000000000000000000000000000000
000000000000000110000000000000011000001000000000000000000100000000011000000000000000000000000000000000000000000000000000000000000000000000000000000000
000000000000001001000000000000000000000000000000000000000010010000000000000000000000000000000000000000000000000000000000000000000000000110000000000000
000000000000000110000000000000000011100000110000000000000010000000000000000000000000000000000000000000000000000000000000000000000000000110000000000000
000000000000000000000001100110000000000000110000000000000000100000000000000000000000000000000000000000000000000000000000000000000000000000000000000000
000000000000000000000001100110011000000000000000000000001001000000000000000000000000000000000000000000000000000000000000000000000000000000000000000000
000000000011000000000000000000011000001100000000000000000100010000000000000000000000000000000000000000000000010000000000000000000000000000000000000000
000000000101000000000000000000000000010010000000000000000011100000000000000001100000000000000000000000000000101000000000000000000000000000000000000000
000110000010000000000000000000000000001100000000000000000011100011100011000001100000000000000000000000000001001000000000000000000000000000001100000000
000110000000000000000000000000000000000000000000000000000000000000000100100000000000000000000000000000000000110000000000011000000000000000010010000000
000000000000000000000000000000000000000000000000000000000000000000000011000000000000000000000000000000000000000000000000011000000000000000010100000000
000000000000000000000000000000000000000000000000000000000000000000000000000000000000000000000000000000000000000000000000000000000000000000001000000000
000000000000000000000000000000000000000000000000000000000000000000000000000000000000000000000000000000000000000000000000000000000000000000000000000000
000000000000000000000000001100000000000000000000000000000000000000000000000000000000000000000000000000000000000000000000000000000000000000000000000000
000000000000000000000000001100000000000000000000000000000000001000000000000000000000000000000000000000000000000000000000000000000000000000000000000000
000000000000000000000111000000000000000000000000000000000000010100000000000000000000000000000000000000000000000000000000000000000000000000000000000000
000000000000000000000000000000000000000000000000000000000000010100000000000000000000000000000000000000000000000000000000000000000000000000000000000000
000000000000000000010000010000000000000000000000000000000000001000000000000000000000000000000000000000000000000000000000000000011000000011000000000000
000000000000000000010000010000000000000000000000000000000000000000000000000000000000000000000000000000000000000000000000000000100100000100100000000000
000000000000000000010000010000000000000000000000000000000000000000000000000000000000000000000000000000000000000000000000000000011000000011000000000000
000000000000000000000000000000000000000000000000000000000000000000000000000000000000000000000000000000000000000000000000000000000000000000000000000000
000000000000000000000000000000000000000000000000000000000000000000000000000000000000000000000000000000000000000000000000000000000000100000000000000000
000000000000000000000000000000000000000000000000000000000000000000000000000000000000000000000000110000000000000000000000000000000001010000000000000000
000000000000011100000000000000000000000000000000000000000000000000000000000000000000000000000000110000000000000000000000000000000001010000000000000000
000000000000000000000000000000000000000000000000000000000000000000000000000000000000000000000000000000000000000000000000000000000000100000000000000000
000000000001000001000000000000000000000001000000000000000000000000000000000000000000000000000000000000000000000000000000000000000000000000000000000000
000000000010100010100000000000000000000010100000000000000000000000000000000000000000000000000000000000000000000000000000000000000000000000000000000000
000000000010100010100000000000000000000010100000110000000000000000000000000000001100000000000000000000000000000000000000000000000000000000000000000000
000000000001000001000000000000000000000001000000100000000000000000000000000000001100000000000000000000000000000000000000000000000000000000010000000000
000000000000000000000000010000000000000000000000110000000000000000000000000000000000000000000000000000000000000000000000000000000000000000101000000000
000000000000000000000000010000000000000000000000110000000000000000000000000000000000000000000000000000000000000000000000000000000000000000101000000000
