00000000000000000000000000101110000000000000100000
00000000001100000000000000011110000000000000000000
00000000010010000000000000000000000000000000000000
00000000100011000000000000001000000000000000000000
00000010111000100000000000011000000000000000000000
00000100010100010000000000010101101110000000001100
00000011110000100000000000000101100000000000001100
00000000011010000000000000000000110000000000000000
00000000101100000000000000010001110000000000000000
00000001100000110000000000010001111000000000000000
00000000110000110000000000000000111000000000011110
00000000000000000000000000001000110000000000101101
00000000000000000000000000000011100000000001000001
00000000000000000000000000000001000000000001010100
00000000000000000000000000000000000000000001000100
00000000000000000000000000000000000000000000100100
00000000000000000000000000000000000000000000111000
00000000000000000000000001000000000000000000000000
00000000000000000000000010100000000000000000000000
00000000000000000010100010100000000000000000000000
00000000000000000010010001000000000000000000000000
00000000000000000010010000000000000000000000000000
00000000000000000001100000000000000000000000010000
00000000000000000000000000000000000000000000101000
00000000000000000000000000000000000000000000011000
00000000000000000000000000000000000000000000000000
00000000000000000000011000000000000000000000000000
00000000000000000000100100000000000000000000000000
00000000000000000000100100000000000000000000000000
00000000000000000000011000000000000000000000000000
00000000000000000000000000000000000000000000000000
00000000000000000000000000000000000000000000000000
00000000000000000000000000000000000000000000000000
00000000000000000000000000000000000000000000000000
00000000000000000000000000000000000000000000000000
00000000000000000000000000000000000000000000000000
00000000000000000000000000000000000000000000000000
00000000000000000000000000000000000000000000000000
00000000000000000000000000000000000000000000000000
00000000000000000000000000000000000000000000000000
00000000000000000000100000000000000000000000000000
00000000000000000000100000000000000010000000000011
10000000000000000000100000000000000010000000000100
00000000000000000000000000000111000010000000000011
00000000000000000000000000000111000000000000000000
00000000000000000000000000000000000000000000000000
00000000000000000000000000000000000000000000000000
00000000000000000000000000000000000000000000000000
00000000000000000000000000000000110000000001110000
00000000000000000000000000101000010000000001000000
