000000000000000000000000010000000000000000000000000000000000000000000000000000000000000000000000000000000000000000000000000000000000001000010000000000
000000000000000000000000000000000000000000000110000000000000000000000000000000000000000000000000001000000000000000000000000000000000001000000000000000
000000000000000000000000000000000000000000000110000000000000000000000000000000000000000000000000001000000000000000000000000000000000001000000000000000
000000000000000000000000000000000000000000000000000000000000000000000000000000000000000000000000001000000000000000000011000000010000000000000000000000
000000000000000000000000000000000000000000000000000000000000000000000000000000000000000000000000000000000000000000000100100000010000000000000000000000
000000000000000000000000000000000000000000000000000000000000000000000000000000000000000000000000000000000000000000000010100000010000000000000000000000
000000000110000000000000000000000000000000000000000000000000000001100000000000000000000000000000000000000000000000000001000000000000000000000000000000
000000001001000000000000000000110000000000000000000000000000000001100000000000000000000000000000000000000000000000000000000000000000000000000000000000
000000001001000000000000000000110000000000000000000000000000000000000000000000000000000000000000000000000000000000000000000000000000000000000000000000
000000000110000000000000000000000000110000000000000000000000000000000000000000000000000000000000000000000000000000000000000000000000000000000000000000
000000000000000000000000000000000000110000000000011000000000000000000000000000000000000000000000000000000000000000000000000000000000000000000000000000
000000000000000000000000000000000000000000000000011000000000000000000000000000000000000000000000000000000000000000000000000000100000000000000000000000
000000000000000000000000000000000000000000000000000000000000000000000000000000000000000000000000000000000000000000000000000000100000000000000000000000
000000000000000000000000000000000000000000000000000000000000000000000000000000000000000000000001000000000000000000000000000000100000000000000000000000
000000000001100000000000000000000000000100000000000000000000000000000000000000000000000000000010100000000000000001100000000000000000000000000000000000
000000000000100000000000000000000000001010000000000000000000000000000000000000000000000000000010100000000000000001100000000000000000000000000000000000
000000000001110000000000000000000000001010000000000000000000000000000000000000000000000000000001000000000000000000000000000000000000000000000000000000
000000000001010000000000000000000000000100000000000000000000000000000000000000000000000000000000000000000000000000000000000000000000000000000000000000
000000000001010000000000000000000000000000000000000000000000000000000000000000000000000000110000000000000000000000000000000100000000000000000000000000
000000000000100000000000000000000011000000011000000000000000000000001000000000000000000001001000000000000000000000000000001000000000000000000000000000
000000000000000000000000000000000100100000100100000000000000000000010100000000000000000000110000000000000000000110000000000100010000000000000000000000
000000000000000011000000000000000011000000011000000000000000000000001000000000000000000000000000000000000000000110000000000000010000100000000000000000
000000000110000011000000000000000000000000000000000000000000000000000000000000000000000000000001000000000000000000000000000000111011010000000000000000
000000000000000000000000000000000000000100000000000000000000000000000000000001000000000000000010100000000000000000000000000000001100010000000000000000
000000000000000000000000000000000000001010000000000000000000000000000000000010100000000000000010100000000000000000000000000000011001010000000000000000
000000000000000000000000000000000000001010000000000000000000000000000000000010010000000000000001000000000000000011100000010100100011101100000000000000
000000000000000000000000000000000000000100000000000000000000000000000000000001100000000000000000000000000000000000000000110000000000010010000000000000
000000000000000000000000000000000000000000000000000000000000000000000000000000000000000000000000000000000000000000000000100001001000000010000000000000
000000000000000000000000000000000000000000000000000000000000000011000000000000000000000000000000000000000000000000000000111000110010000100000000000000
000000000000000000000000000000000000000000000000000000000000000011000000000000000000000000000000000000000000000000000000001000000111000000000000000000
000000000000000000000000000000000000000000000000000000000000000000000000000000000000000000000000000000000000000000000000000000001011100000000000000000
000000110000000000000000000000000000000000000000000100000000000000000000000000000000000000000000000000000000000000000000000000001000010000000000000000
000000110000000000000000000000000111000000000000000100000000000000000000000000000000000000000000000000000000000000011000000000000100001000000000000000
000000000000000000000000000000000000000000000000000100000000000000000000000000000000000011000000000000000011000000100110000000000000001000000000000000
000000000000000000000000000000000000000000000000000000011000000000000000000000000000000011000000000000000101000000110110000010000000010000000000000011
000000000000000000000000000000000000000000000000000000100100000000000000000000000000000000000000000000000010000000010110000101000000000000000000000011
000000000000000000000000000000000000011000000000000000011000000000000000000000000000000000000000000000000000000000000000000101000000000000000000000000
000000000000000000000000000000000000011000000000000000000000000000000000000000000000000000000000000000000000000000000000000010000000000000000000000000
000000000000000100000000000000000000000000000000000000000000000000000000000000001000000000000000000000000000000000000000000000000000000000000000000000
000000000000000010000000000000000000000000000000000000000000000000000000000000010010000000000000000000000000000000000000000000000000000000000000000000
000000000000000011000000000000000000000000000000000000000000000000000000000000010010000000000000000000000000000000000100000000000000000000000000000000
000000000000000110000000000000000000000000000000000000000000000000000000000000000100000000000000000000000000000000001010000000000000000000000000000000
000000000001100000000000000000000000000000000000000110000000000000000000000000000000000000000000000000000000000000001010000000000000000000000000000111
000000000000100010000101110000000000000000000000001001000000000000000000000000000000000010000000000000000000000000000100000000000000000000000000001001
100000000000000110000110000000000000000000000000001010000000000000000000000000000000000101000000000000000000000000000000000000000000000000000000001100
100000110000100110000000000000000000000000000000000100000000000000000000000000000000000011000000000000000000000011000000011000000000000000000000110001
000001001000110000000000001100000000000000000000000000000000000000000000000000000000000000000000000001000000000100100000100100000000000000000001001000
000010001000010000110001100000000000000001100000000000000000000000000000000001000000000000000110000010100000000011000000011000001100000000000001000000
000011001000000000001100100010000000000001100000000000000000000000000000000001000000000000000110000010100000000000000000000000001100000000000000010110
000000001000011010000001100000000000000000000000000000000000000000000000000001000000000000000000000001000000000000000100000000000000000000000000001110
000011111100011100000110100000001110000000000000000000000000000000000000000000000000000000000000000000000000000000001010000000000000000000000000000000
000011101001001100010101000100010001000000000000000000000000000000000000000000000000000000000000110000000000000000001010000000000000000000000000000000
000000101000001101000101011100000111000000000000000000000000000001100000000000000000000000000001001000000000000000000100000000000000000000000000000000
000000011100001001100001011100000001000000000000000000000000000001100110000000000000000000000000110000000000000000000000000000000000000000000000000000
000000001111011001100001000110001110000000000000000000000000011000000110000000000000000000000000000000000000000000000000000000000000000000000000000000
000000000100010000011000110110001100001100000000000000000000011000000000000000000000000000000000000000000000000000000000000000000000000000000000000000
000000000100010000011000111111100010110100000000000000000000000000000000000000000000000000000000000000000000000000000000000000000000000000000000000000
000000000010010000000001010001000000000100000000000000000000000000000000000001100000000000000000000000000001100000000000000000000000000000000000000000
000000000000000100000001010000010111001000000000000000000000000000000000000010010000000000000000000000000011100000000000000000000000000000000000000000
000000000000000100000001110000000101110000000000000000000000000000000000000001010000000000000000000000000110010000000000000000000000000000000000000000
000000000000001010000000011010000000000000000000000000000000000000000000000000100000000000000000000000000001000000000000000000000000000000000000000000
000000000000010010000000000010000000000000000000000000000000011000000000000000000000000000000000000000000101000000000000000000000000000000000000000000
000000000000001100000000000100000000000000000000000000000000011000000000000000000000000000000000000000001000000110000100000000000000000000000000010000
000000000000000000000000000000000000000000000000000000000000000000000000000000000000000000000000000000001010001001001010000000000000000000000000101000
000000000000000000000000000000000000000000000000000000000000000000000000000000000000000000000000000000001100011111000100000000000000000000000000010000
000000000000000000000000000000000000000000000000000000000000000000000000000000000000000000000001001000000000110110000000000000000000000000000000000000
000000000000000000000000000000000000000001000000000000001110000000000000110000000000000100000011100010000000110000000000000000000000000000000000000000
000000000000000000000000000000000000100000100000000000010010000000000000110000000000001010000001100000000000110000000000000000000000000000000000000010
100000000000000000000000000000000001000000010000000000001000000000000000000000000000000100000011001000000000000000000000000000000000000000000000000100
100000000000000000000000000000000001001110110000000000001100000000000000000000000000000000000111000000100000000000000000000000000100000000000000000100
000000000000000000000100000000000001110001011000000000001000001100000000000000000000000000000100110111000000000100000000000000000100000000000000000001
000000000000000000000100000000000000001001100110000000001110011011000000000000000000000000000011011010000000001000000000100000000100000000000000000000
000000000000000000000100000000000000001001011110000000000000001001000000000000000000000000010100000100000000001010000001010000000000000000000000000000
000000000000000000000000000000000000000001010100000000001000000001000000000000000000000001100100000000000000000011011111010000000000000000110000000000
000000000000000000000000000000000000000000110000011000000000001110000000000000000000000000010100000100000000000011100100100000000001110000110000000001
100000000000000000000000000000000000000000111001000000011011000000000000000000111000000000000011011010000000000001101000000000000001011001010000000010
100000000000000000000000001110000010000000010010000000010001000000000000000000001000000000000100110111000000000100000000000000000001000010100000000100
000000000000000000000000001000001100000001111110000000001001000000000000000000010000000000000111000000101101100000000000000000000000110011100000000011
000000000000000000000000000100001000000011100110011000001100000000000000000000000000000000000011001000000101011011011000000000000000000001000000000000
000000000000000000000000000000000001000101100011010000000000000000000000000000000000000000000001100000000010000001001000001000000000000000000000000000
000000000000000000000000000000000000001101010011100000000000000000000000000000000000000000000011100010000000010000100100011110000001001000000000000000
000000000000000000000000000000000000100000011010010101110000000000000000000000000100000000000001001000000001010000011000110111000111000000000000000000
000000000000000000000000000000000011000010010000001110001000000000000000000000000100000000000000000000000001001000010000110000111000111000000000000000
000000000000001000000000000000000011001100111110100001101000000000000110000000000100000000000000000000000001010000000001110001100000001000000000000000
000000000000010100000000000000000000010100110010111100110000000000010000100000000000000000000000000000000000000001100000000001011011000110000000000000
000000000000100100000000000000000000011100010001000000000000000000110111100000000000000000000000000000000000000000000000000001000100000110000000000000
000000000000011000000000000000000000010000001100000001000000000000110111000000000000000000000000000000000000000000000000000000000000000100000000000000
000000000000000000000000000000000001000000010101000000000000000011100000000000000000000000000000000000000000000000000000000000000000000000000000000000
000000000000000000000000000000000011000000010010000000000000000110110000000000000000000000000000000000000000000000000000000000000000000000000000000000
000000000000000011000000000000000011010000001100000011000000100101110000000000000000000000000000000000000000000000000000000000000000000000000000000000
000000000000000100100000000000000000110000000000011100000011011101110000000000000000000000000000000000000000000001100000000000000000000000000000000000
000000000000000011000000000000000000000000000000000000000000100111100000101000000000000000000000000000000000000001100000000000000000000000000000000000
110000000000000000000110000000000000000011100000000000000000000100010001111100000000000000000000000000000000000000000000000000000000000000000000000001
000000000010000000000110011100011100000000000000000000000000000011000100000010000000001000000000000001100000000000000000000000000000000000000000000000
000000000010000000000000000000000000000000000000000010000000000000110000011010000000010100000000000001100000000000000000000000000000000000000000000000
000000000010000000000000000001000000000000000000000101000000000000010000000010000000010100000000000000000000000000000000000000000000000000000000000000
100000000000000000000000000001000000000000000000000101000000000000001111000100000000001000000000000000000000000000000000000000000000000000000000000001
010000000000000000000000000001000000000000000000000010000000000000000000100100000000000000000000000000000000000000000000000000000000000000000000000010
100000000000000000000000000000000000000000000000000000000000000000000000100100000000000000000000000000000000000000000000000000000000000000000000000010
000000000000000000000000000000000000001100000000000000000000000000000000100100010000000000000000000000000000000000000000000000000000000000000000000001
000000000010000000000000000000000000001100000000000000001000000000000000000000001000000000000000000000000000000000000000000000000000000000000000000000
000000000101000000000000000000000000000000000000000000011000000000000001000110000000111000000000000000000000000000000000000000000000000001000000000000
000000000100100000000110000000000000000000000000000000000010000000000000010000000101000110000000000000000000000000001000000000000000000010100000000000
000000000011000000000110000110000000000000000000000000000000011001000010001000001100000011000000000000000000000000010100000000000000000001100000000000
000000000000000000000000000110000000000000000000000000000000000000100000000100001100000010000000000000000000000000100100000000000000000000000000000000
000000000000000000000000000000000000000000000000000000000000011001000000100010001100100100000000000000000000000000011000000000000000001100000000000000
000000000000000000000000000000000000000000000000000000000001000000000000010010000010001000000000000000000000000000000000000000000000010100000000000000
000000000000000000000000000000000000000000000000000000010111000000000000000010110001110000000000000000000000000000000000000000000000001000000000000000
000000000000000000000000000000000000000000000000000000011110000000000000000000000000000000000000000000000000000000000000000000000000000000000000000000
000000000100000000000000000000000000000000000000000000001000000000000011000000000000000000000000000000000000000000000000000000000000000000000000000000
000000001010000000000000000000000000000000000000000000000000000000000011000000000000000000000000000000000000000000000000000000000000000000000000000000
000000001010000000000000000000000000001100000000000000000000000000000000000000000000000000011000000000000000000000000000000000000000000000000000000000
000000000100000000000000001100000000001100000000000000000000000000000000000000000000011011111000000000000000000000000000000000000000000111000000000000
000000000000000000000000001100000000000000000000000000000000000000000000000000000000000000100000000000000000000000000000000000000000000000000000000000
000000000000000000000000000000000000000000000000000000000000000000000000101000000000001000100000000000000000000000000000000000000000000000000000000000
000000000000000000000000000000000000000000000000000000110000000000000001001100000000000101001100000000000000000000000000000000000000000000000000000000
000000000001000000000000000000000011100000000000000000110000000000000001001100100000001101011100000000000000000000000000000000000000000000000000001100
000000000001000000000000000000000000000000000000000000000000000000000000100000100000000001000100000000000000000000000000000000000000000000000000001100
000000000001000000000000000000000000001000000000000000000000000000000000001001100000001011011000000000000000000000000000000000000000000000000000000000
000000000000000000000000000000011000001000000000000000000001110000000000011001000000000100000000000000000000000000000000000000000000000000000000000000
000000000000000110000000000000011000001000000000000000000000001100000000001010000000000000000000000000000000000000000000000000000000000000000000000000
000000000000001001000000000000000000000000000000000000000001110100000000000100000000000000000000000000000000000000000000000000000000000110000000000000
000000000000000110000000000000000011100000110000000000000000100000000000000000000000000000000000000000000000000000000000000000000000000110000000000000
000000000000000000000001100110000000000000110000000000000000000000000000000000000000000000000000000000000000000000000000000000000000000000000000000000
000000000000000000000001100110011000000000000000000000000000000000000000000000000000000000000000000000000000000000000000000000000000000000000000000000
000000000011000000000000000000011000001100000000000000001101000000000000000000000000000000000000000000000000010000000000000000000000000000000000000000
000000000101000000000000000000000000010010000000000000001111100000000000000001100000000000000000000000000000101000000000000000000000000000000000000000
000110000010000000000000000000000000001100000000000000100000011011100011000001100000000000000000000000000001001000000000000000000000000000001100000000
000110000000000000000000000000000000000000000000000000100000011000000100100000000000000000000000000000000000110000000000011000000000000000010010000000
000000000000000000000000000000000000000000000000000000100100011000000011000000000000000000000000000000000000000000000000011000000000000000010100000000
000000000000000000000000000000000000000000000000000000011001100000000000000000000000000000000000000000000000000000000000000000000000000000001000000000
000000000000000000000000000000000000000000000000000000000111000000000000000000000000000000000000000000000000000000000000000000000000000000000000000000
000000000000000000000000001100000000000000000000000000000111000000000000000000000000000000000000000000000000000000000000000000000000000000000000000000
000000000000000000000000001100000000000000000000000000000000001000000000000000000000000000000000000000000000000000000000000000000000000000000000000000
000000000000000000000111000000000000000000000000000000000000010100000000000000000000000000000000000000000000000000000000000000000000000000000000000000
000000000000000000000000000000000000000000000000000000000000010100000000000000000000000000000000000000000000000000000000000000000000000000000000000000
000000000000000000010000010000000000000000000000000000000000001000000000000000000000000000000000000000000000000000000000000000011000000011000000000000
000000000000000000010000010000000000000000000000000000000000000000000000000000000000000000000000000000000000000000000000000000100100000100100000000000
000000000000000000010000010000000000000000000000000000000000000000000000000000000000000000000000000000000000000000000000000000011000000011000000000000
000000000000000000000000000000000000000000000000000000000000000000000000000000000000000000000000000000000000000000000000000000000000000000000000000000
000000000000000000000000000000000000000000000000000000000000000000000000000000000000000000000000000000000000000000000000000000000000100000000000000000
000000000000000000000000000000000000000000000000000000000000000000000000000000000000000000000000110000000000000000000000000000000001010000000000000000
000000000000011100000000000000000000000000000000000000000000000000000000000000000000000000000000110000000000000000000000000000000001010000000000000000
000000000000000000000000000000000000000000000000000000000000000000000000000000000000000000000000000000000000000000000000000000000000100000000000000000
000000000001000001000000000000000000000001000000000000000000000000000000000000000000000000000000000000000000000000000000000000000000000000000000000000
000000000010100010100000000000000000000010100000000000000000000000000000000000000000000000000000000000000000000000000000000000000000000000000000000000
000000000010100010100000000000000000000010100000000000000000000000000000000000001100000000000000000000000000000000000000000000000000000000000000000000
000000000001000001000000000000000000000001000000000000000000000000000000000000001100000000000000000000000000000000000000000000000000000000010000000000
000000000000000000000000010000000000000000000000000000000000000000000000000000000000000000000000000000000000000000000000000000000000000000101000000000
000000000000000000000000010000000000000000000000000000000000000000000000000000000000000000000000000000000000000000000000000000000000000000101000000000
