000000000000000000000110000000000000000000000000000000000000000000000000000000000000000000000000000000000000000000000000000110000000101000000000000000
000000000000000000001001000000000000000000000000000000000000000000000000110000000000000000000000001000000000000000000000000110000001000000000000000000
000000000000000000000110000000000000000000000000000000000000000000000000110000000000000000000000001000000000000000000000000011000011000010000000000000
000000000000100000000000000000000000000000000000000000000000000000000000000000000001100000000000001000000000000000000000000001000100010010000000000000
000000000001010000000000000000000000000000000000000000000000000000000000000000000001100000000000000000000000000000000000000000000011010101000000000000
000000000001001000000000000000000000000000000011100000000000000000000000000000000000000000000000000000000000000000000000000000000001010001100000000000
000000000011110000000000000000000000000000000000000001110000000001100000000000000000000000000000000000000001100000000000000000000000011011100000000000
000000000110000000000000000000000000110000000000000000000000000001100000110000000000000000000000000000000001100000000000000000000000010000100000000000
000000001100010100000000000000000000110000000000000000000000000000000000110000000000000000000000000000000000000000000000000000000000001000000000000000
000000000100000000000000000000000000000000000000000000000000000000000000000000000000000000000000000000000000000000000000000000000000011101100000000011
000000000011100010000000000000000000000000000000000000000000000000000000000000000000000000000000000000000000000000000000000000000000000001000000000011
000000000010000010000000000000000000000000000000000000000000000000000000000000000000000000000000000000000000000000000000000000000000000000000000000000
000000000001000100000000000000000000000000000000000000000000000000000000110000000000000000000000110000000000000000000000000000000000000000000000000000
000000000000001000000000000000000000000000000000000000000000000000000000110000000000000000000000110000000000000000000000000000000000000000000000000000
000000000001110000000000000000000000000000000000000000000000000000000000000000000000000000000000000000000000000110000000000000000000000000000000000000
000000000000000000000000000000000000000000000000000000000000000000000000000000000000000000000000000000010000000101000000000000000000000000000000000000
110000000000000000000000000000000000000000000000000000000000000000000000000000000000000000000000000000010000000010000000000000000000000000000000000000
110000000000000000000000000000000000000000000000000000000000000000000001000000000000000000000000000000011000000000000000000000000000000000000000000000
000000000000000000000000000000000000000000000000000000000011000000000010100000000000000000000000000000000000000110000000000000000000000000000000000000
000000000100000000000000000000000000000000000000000000000011000000000001000000000000000000000000000000011000000111000000000000000000000000000000000000
011000000100000000000000000000000000000000000000000000000000000000000000000000000000000000000000000000010000000100000000000000000011000000000000000000
110100000101110000000000000000000000000000000000000000000000000000000000000000000000100000000000000000000001000011100000000000000101000000000100000000
000110000000110000000000000000000000000000001100000000000000000000000000000000000000100000000000000000000011100011000000000000000010000000000010000000
101010000000000000000000000000000000000000001100000000000000000000000000000000000000100000000000000000000100000000000000000000000000000000001000000100
001110000000000000000000000000000000000000000000000000000000000000000000000000000000000000000000000000000101000000000000000000000000000000111100000101
000100000000000000000000000000000000000000000000000000000000000000000000000000000000000000000000000000000010001100000000000000000000000001000100000101
000000000000000010000000000000000000000000000000000000000000000000000000000000000000000000000000000000000000110010000001000000000000000000100000000110
000000000000001010000000000000000000000000000000000000000000000000000100000000000000000000000000000000000000100100000001100000000000000000000000000001
000110000110010001100000000000000000000001110000000000000000000000001110000000000000000000000000000000000000001000000001000000000000000001010000000000
000000000010100101100000000000000000000000001000000000000000000000010001000000000000000000000000000000000000101000101000000111000000000100010001000000
000000000001000111000000000000011000000010000100000000000000000000011011000000000000000000000000000000000000010000110000000000000100001000100011000000
000000000001000000000000000000011000000010000000000000000000000000000000000000000000000000000000000000000001110000010000000000011100000111000000000000
000000000000101000000000000000000000000010000000000000000000000000000000000000000000000000000000000000000000000000000000000000011000000000000000000000
000000000000010000000000000000000000000010001000000000000000000000000000000000000000000011000000000000000000000000000000000000000001100000000000000000
000000000000000000000000000000000000000011001100000000000000000000000000010000000000000011000000000000001110001110000000000000000001100000000000000000
000000111000000000000000000000000000000011100110000000000000000000000000101000000000000000000000000000000000000000000000000011000000000000000000000000
000000000000000000000000000000000000000110100110000000000000000000000001001000000000000000000000000000000000100000000000000010100000000000011000000000
000001010000000000000000000000000000000000011110000000000000000000000000110001000000000000100000000000000000100000000000000001000001100000011000000000
011111110000000000000000000000000000000100001100000000000000000000000000000001000000000001011000000000000000100000000000000000000110010000000000000000
111101101000000000000000000000000000000010000000000000000000000000000000000001000000000000001100000000000000000000000000000000000000001000000000000000
000110011100000000000000000000000000000000000000000000000000000000000001000000000000000000000000000000000000000000000000000000000011110000000000000001
101000000000000000000000000000000000000000000000000000000000000000000001000000000000000100000010000000000000000000000000000000000000000000000000000001
100000000000000000000000000000000000000000000000000000000000000000000001000000000000000100111101000000000000000000000000000000000000000000000000000000
000000000000000000000000000000000000000000000000000000000000000000000000000000000000000011100011000000000000000011000000000000000000000000000000000000
000000000000000000000000000000000000000000000000000000000000000000000000000000000000000000000000000000000000000011000000000000010000000000000000000000
000000000000000000000000000000000000000000000000000000000000000000000000000000000000000000000000000000000000000000000000000000000000000000000000001100
000000000000000000000000000000000000000110000000000000000000000000000000000000000000000000000000000000000000010000000000000000000000000000000000001010
000000000000000000000000000000000000000110000000000000000000000000000000000000000000000000000110000000000000111000000000000000000000000000000000001001
000000000000001000000000000000000000000000000000000000000000000000000000000000000000000000000110000000000001101110000000000000000000000000000000000110
000000000000001000000000000000000000000000000000000000000000000000000000000000000000000000000000000000000001010110000000000000000000000000000000000000
000000000000001000000000000000000000000000000000000000000000000000000000000000000000000000000000000000000011111011000000000000000000000000000000000000
000000000000000000000000000000000000000000000000000000000000000100000000000000000000000000000000000001100011101101100000000000000000000000000000000000
000000000000000000000000000000000000000000000000000000000000000100000110000000000000000000000000000011000001001011000000000000000000000000000000000000
000000000000000000000000000000000101000000000000001100000000000100001001000000000000000000000000000011000011000110000000000000000000000000000000000000
000000000000000000000000000000001000100000000000001100000000000000000110000001000000000000000000000011000000000000000000000000000000000000000000000000
000000000000000000000000000000010000000000000000000000000000000000000010000011100000000000000000000000000000000000000000000000000000000000000000000000
000110000000000000000000000000000000000000000000000000000000000000010111000111010000000000000000000000000000000000000000000001110000000000000000000000
001001000000000000000000000000100000000000000000000000000000000000101011001100000000000000000000000000000000000000000000000001010000000000000000000000
000110000000000000100000000000100000001001100000000000000000000001000000011000000000000000000000000000000000000000000000000100000000000000000000000000
000000000000001000100000000000010100000001100000000000000000000000100010001111000000000000000000000000000000000000000000000100000110000000000000000000
000000000001000100010001110000001000000001100000000000000000000000000000000111000000000000000000000000000000000000000000000100010110000000000000000000
000000000010100100001101110000000000000000000000000000000000000000000000000001000000000000000000000000000000000000000000000001111100000000000000000000
000000000001010011000000010000000001100000000000000000000011000000010000000000000000010000000000000000000000000000000000000000000000000000000000000000
000000000000100010011000000000000000001100000000000000000011000000110000000000000101000100000000000000000000000000000000101101000000000000000000000000
000000000000000001110000100000010000011100000000000000000000000000000100000000000111001110000000000000000000000000000000100001000000000000000000000000
000000000000000001010011010000110000010100000000000000000000000000100010000000001001110100000000000000000000000000000000101101000000000000000000000000
000000000000000001101001000010111100001000000000000000000000000000110100000000111010011000000000000000000000000000000000000000000000000000000000000000
000000000000000000100101100000100110001000000000000000000000000000100100000000100111010000000001000000000000000000000000000001111100000000000000000000
000111000000011001001000000011010110000000011100000000000000000000101000000000100100100000000001000000000000000000000000000100010110000000000000000000
000000000000001111111000000100001100000000000100000011000000000000011000000000011000000000000111000000000000000000000000000100000110000000000000000000
010000010000000111000000000110000010000000001000000011000000001100000000000000000000001100000110000000000000000000000000000100000000000000000000000000
010000010000000001000110001001000100000000000000000000000000010010000000000000000000010010000110000000000000000000000000000001010000000000000000000000
010000010000000101110110000000110000000000000000000000011000001100000000000000000000010100000000000000000000011100000000000001110000000000000000000000
000000000000000100000010001111111000100000000000000000011000000000000000000000000000011100000001100000000000000000000000000000000000000000000000000000
000111000000000010000000000001000101100000000000000000000000000000000000000000010100000000000011010000100000000000000000000000000000000000000000000000
000000000100000000000100000000111110000000000000000000000000000000000000000000100100000000000001011011000000000000000000000000000000000000000000000000
000000001010000000101010000000011100000000000000000000000000000000000000000000100000000000000001110001010000000000000000000000000000000000000000001100
000000001011000000011100000000000000000110000000000000000000000000000000000000000000000000000110100000100000000000000000000000000000000000000000001100
000000011000011100001000000000000000011100000000000000000000000000000000000011000100000000000100100000000000000000000000000000000000000000000000000000
000001011000000000000000000000000000011000000000000000000000000000000000000011001000000000010000100000000000000000000000000000000000000000000000000000
000000111000000000000000000000000000000000000000000000000000000000000000000000110010000000010011000000000000000000000000000000000000000000000000000000
011001000000000000000000000000000000000000000000000000000000000000000000000000100110000000000000000000000000000000000000000000000000000000000000000000
010001100000000000000000000000000000000000000000000000000000000000000000000000101010000000000000000000000000000000010000000000000011000000000000000000
010100000000000000000000000000000000000000000000000000000000000000000000000000100100001000000000000000000000000000101000000000000011000000000110000000
001110000000000000000000000000000000000000000000000000000000000000000000000000010000110111000010000000000000000000110000000000000000000000001010000000
000000000000100000000000000000000000000000000000000000000000000000000000000000000001011101100001100000000000000000000000000000000000000000000100000000
000000000011110000000000000000000110000000000000000000000000000000000000000000000001110011100000000000000000000000000000000000000000000000000000000000
000000000101011000000000000000000101000000000000000000000000000111000000000000000010010011101110000000000000000000000000000000000001000000000000000000
000000001000011100000000000000000100000000000000000000000000000000000000000000000001100011011100000000000000000000000000000000000001000000000000000000
000000000101011000000000000000000000100000000000000000000000010000000000000000000000100001000000000000000000000000000000000000000001000000000000000000
000000000011010000000000000000110000000000000000000000000000010000000000000000000000000000100010000000000000000000000000000000000000000000001100000000
000000000011100000000000000000100010000000000000000000000000010000000000000000000000011000001110000000000000000100000000000000000000000000001100000000
000000000000000000000000000000011100000000000000000000000000000000000011000000001000011000001001101000000000000100000000000000000000000000000000000000
000000000000000000000011001000000000000000000000000000000000000111000011000000011100000000000010110100000000000100000000000000000000000000000000000000
000000000000000000000000000100000000000000000000000000000000000000000000000000101010000000000011000010000000000000000000000000000000110000000000000000
010000000000000000001100000000000000000000000000000000000000000000000000000000000111000000000001100010000000000000000000000000000000110000000000000000
101000000000000000000000001000000000000000000000000000000000000000110000000000000000000000100001101010000000000000000000000000000000000000000000000000
101000000000000000001000010000000000000000000000000000000000000000110000000000010100000000110001101100000000000000000000000000000000000000000000000000
010000000000000000001000100110000000001000000000000000000000000000000000000000110100000000010000000000000000000000000000000000000000000000000000000000
000000000000000000001001001000011000010001101100000000000110110000000000000000110010000001010000000000000000000000000000000000000000000000000000000000
000000010000000011011000001000011000100011111100000000000110110000000000000000111110000001100000000000000000000000000000000000000000000000000000000000
000000010000000010000011101010000100010001100010000000000000000000000000000000000100000000100000000000000000000000000000000000000000000000000000000000
000000010000000010000101100001111000000010011100000000000000000000011000000001001000000000000000000000000000000000001000000000000000000000000000000000
000000000000000001000000001110011000000011111100000000000100000000100100000000000000000000000000000000000000000000010100000000000000000000000000000000
000000000000000000000001101110100000000001110000000000000110000000011000000001100000000000000000000000000000000000100100000000000000000000000000000000
000000000000000000000111000000100000000000000000000000010000000000000000000000000000000000000000000000000000000000011000000000000000001100000000000000
000000000000000000000000000001001000000000000000000000100000000000000000000000000000000000000000000000000000000000000000000000000000010100000000000000
000000000000000000000000000000110000000000000000000001100000000000000000000000000000000000000000000000000000000000000000000000000000001000000000000000
000000000000000000000000000000010000000000000000000011000000000000000000000000001110000000000000000000000000000000000000000000000000000000000000000000
000000000000000000000000000000000000000001000000000000001000000000000000000000011110001100000000000000000000000000000000000000000000000000000000000000
000000000000000000001000000000000000000110110000000000001000000000000000000000100101011100000000000000000000000000000000000000000000000000000000000000
000000000000000000010100000000000000000110110000000001101000000000000000000000011000000000000000000000000000000000000000000000000000000000000000000000
000000000000000000100010000000000000000000000011000100100000011000000000000000000111000000000000000000000000000000000000000000000000000111000000001100
000000000000000000100100000000000000000000000100110010000011101100000000000000000010000000000000000000000000000000000000000000000000000000000000001100
000000000000000000010100000000000000000000000101110000000011001000000000000000000000000000000000000000000000000000000000000000000000000000000000000000
000000000000000010111000000000000000000000000011000000100001001000000000000000000000000000000000000000000000000000000000000000000000000000000000000000
000000000000000101010000000000000000000000000000001000011001110000000000000000000000000000000000000000000000000000000000000000000000000000000000001100
000000000000000010110000000000000000001100000000000001110100000000000000000000000000000000000000000000000000000000000000000000000000000000000000001100
000000000000000000111000000000000000000000000000010001100100000000000000000000000000000000000000000000000000000000000000000000000000000000000000000000
000000000000000000010100000000000000000000000000100010010010000000000000000000000000000000000000000000000000000000000000000000000000000000000000000000
000000000000000000110100000000000000000000000000011000010110000000000001000000000000100000000000000000000000000000000000000000000000000000000000000000
000000000000000000100000000000000000000000000000000001000000000000000001000000000001010000000000000000000000000000000000000000000000000110000000000000
000000000011000000100100000000000000000000000000000000001000000011100001000000000001010000000000000000000000000000000000000000000000000110000000000000
000000000011000000110100000000000000000000000000000010000000000011010000000000000000100000000000000000000000000000000000000000000000000000000000000000
000000000000000010111000000000000000000000000000000010100000000011000100000000000000000000000000000000000000000000000000000000000000000000000000000000
000000000000000010000000000000000011000000000000000001000000000011000010000000000000000000000000000000000000010000000000000000000000000000000000000000
000000000000001010000000000000000001100000000000000000000000000010100010010100000000000000000000000000000000101000000000000000000000000000000000000000
001110000010001110000000000000000010000000000000000000000000000010000010010010000000000000000000000000000001001000000000000000000000000000001100000000
000000001000101110000000000000000000000000000000000000000000000010000100110111111000000000000000000000000000110000000000011000000000000000010010000000
000000001000010000000000000000000000000000000000000000000000000000001000000001001000000000000000000000000000000000000000011000000000000000010100000000
000000010000010000000000000000000000000000000000000000000000000001110000000001010000000000000000000000000000000000000000000000000000000000001000000000
000001001000010000000000000000000000000000000000000000000000000000000000011111000000000000000000000000000000000000000000000000000000000000000000000000
000110001000100000000000000000000000000000000000000000000000000100000000100011111000000000000000000000000000000000000000000000000000000000000000000000
000011000010000000000000000000000000000000000000000000000000001010000000000000010000000000000000000000000000000000000000000000000000000000000000000000
000001010000000000000000000000000000001100000000011000000000001010000010001000000000000000000000000000000000000000000000000000000000000000000000000000
000000110000000000001100000000000000001100000000011000000000000100000011100000000000000000000000000000000000000000000000000000000000000000000000000000
000000000000000000001100000000000000000000000000000000011000000000000001000000000000000000000000000000000000000000000000000000011000000011000000000000
000000000000000000000000000000000000000000000000000000100100000000000000000000000000000000000000000000000000000000000000000000100100000100100000000110
100000000000000000000000000000000000000000000000000000011000000000000001000000000000000000000000000000000000000000000000000000011000000011000000001011
010000000000000000000000000000000000000000000000000000000000000000000010010000000000000000000000000000000000000000000000000000000000000000000000010000
100000000000000000000000000000000000000000000000000000000000000000000011011000000000000000000000000000000000000000000000000000000000100000000000001010
010000000000000000000000000000000000000000000000000000000000000000000001010011000000000000000000110000000000000000000000000000000001010000000000000001
100000000000000000000000000000000000000000000000000000000000000000000000100011000000000000000000110000000000000000000000000000000001010000000000000001
100000000000000000000000001000111000000000000000000000000000000000000000100000000000000000000000000000000000000000000000000000010000100000000000000000
000000000000000000001100010100111110000000000000000000000000000000000000100000000000000000000000000000000000000000000000000000010000000000000000000000
000000000000000000010010010000000011000000000000000000000000000000000000100000000000000000000000000000000000000000000000000000000000000000000000000000
000000000000000000010100001110000110000000000000100000000000000000000000000000000000000000000000000000000000000000000000000000000000000000000000000000
000000000000000000001000000011000110000000000001010000000000000000000000000000000000000000000000000000000000000000000000000000000000000000000000000000
000000000000000000000000000000000000000000000001010000000000000000000000000000000000000000000000000000000000000000000000000001000000000000000000000000
000000000000000000000000000000000110000000000000100000000000000000000000000000000000000000000000000000000000000000000000000000110000010000000000000000
