01000000000000000010100000000000000000000000000000
00000000000000000010110000000000000000000000000000
00000000000000000001100000000100000000100000000000
00000000000000000010001000000000000001010000000000
00000000000000000010010000000000000000110000000000
00000000000000000011000000000000000000000000000000
00000000000000000000000000000000000000000000000000
00000000000000000000100000000000000000000000000000
00000000000000000001001000000000000000000000000000
00000000000000000000000000000000000000000000000000
00000000000000000001000100000000000000000000000000
00000000000000000000011000000000000000000000000000
00000000000000000000000000000000000000000000000000
00000000000000000000000000000000000000000000000000
00000000000000000100000000000000000000000000000000
00000000000000001110000000010001000000000000000000
00000000000000001001000000100101000000000000000000
00000001000000000010000000111011000000000000000000
00000000100000000000000000010110000000000000000000
00001000010011000000000011011001000000000000000000
00010000100100100000000100010011000110000000000000
00001100000011000000000101010001100110000000000000
00000100000000000000001101011001111110000000000000
00000000000000000000000000110100001100000000000000
00000000000000000000001000000000000000000000000000
00011000000000000000001000100000000001000000010010
00011000000000000000000100100000000111000000100001
00000000000000000000000010000000001001000000100000
00000000000000000000000000000000000000000000010000
00000000000000000000000000000000110101000000001001
00000000000000000000000000000001100011000000000110
00000000001111000000000000000000000000001000000000
00000000010011100000000000000000000000010100000000
00000000001000100000000000000000000000001100000000
00011000000111000000000000000000000000000000000000
00011000000010000000000000000000000000000000000000
00000000000000000000000000000000000000000000000000
00000000000000000000000000000000000000000000000000
00000000000000000000000000000000000000000000000000
00000000000000000000000000000000000000000000000000
00000000000000000001100000000000001100000000000000
10111100000000000010010000000000001100000000000110
10000100000000000001100000000000000000000000000110
00001100000000000000000000000000000000000000001100
11010000000000000000000000000000000000000000000110
10000000000000000000000000000000000000000000000011
00000000000000000000000000000001000000000000000001
00000000000000000000000000000010100000000000000000
01000000000000000011000000000010110000000000000000
10100000000000000011000000000000010000000000000000
