000000000000000000000000000000000000001101100000000000000000000000000000000000000000000000000000000000000000000000000000000000000000000110000000000000
000000000000001010000000000000000000000000000000000000000000000000000000000000000001100000000000000000000000000000000011000000000000000110000000000000
000000000000010010000000000000000000010000000000000000000000000000000000000000011000010000000000000000000000000000000000100000000000110000100000000000
000000000000010001000000000000000000111000000000000001000000000000000000000000011001100000000000000000000000000000000011000000000000111010111000000000
000000000000010010000000001100010001000100000000111111100000000000000000000110000000000000000000000000000000000000000000000000000010110010000100000000
000000000000000000000000010010010000011000000001111100000000000000000000010010000000000000000000000000000011000000000000000000000101000110101110000000
000000000000000000000000001100010000010000000001000001001000000001100000010010111011000000000000000000000100100000000000110000000001000110001100000000
000000000000000000010000000000001100000000000000110100001000000001100000010100111011100000000000000000000100100000000000110000001001111001000000000100
000000000000000000011100000000001001000000000000100000001000000000000000000000000001100000000000000000000011000000000000000000000001011001000000001000
000000000000000000111110000000000111000000000000011000000000000000000000000000110000000110000000000000000000000000000000000000000100010000000000000110
000000000100000000001110001100000000000000000000000011100000000000000000000000100110000110000000000000000000000000000000000000000000000000001000000010
000000000000000000000000010010000000000000000000000001000000000000000000000000011110000000000000000000000000000000000000000000000000000000001000000000
000000000010000000000000001100000000000000000000000000000000000000000000000000000110000000000100000000000000000000000000000000000000000000001000000000
000000000000000000000000000000000000000000000000000000000000000000000000000000000000000000011011001000000000000000000000010011000000000000000000101100
000000000101000000000000000000000000000000000000000000000000000000000000000000000000000000011011010100000110000000000000100011000000000000000000101011
000000000010000000000000000000000000000000000000000000000000000000000000000000000000000000011111010100001000000000000000010100000000000000000000000010
010000000000000000000000000000000000000000000000000000000000000000000000000001100000000000000000001000001000100000000000000000001000100000000100000100
111000000000000000000000000000000000000000000000000000000000000000000000000001100000000000000000010000001000100000000000000000010000010000000100000100
011100000000000000000000000000000000000000000000000000000011000000000000000000000000000000000000010000000001010000000000000000000001100110001000001111
100110000000000000000000000000000000000000000000000000000011000000000000000000000000000000000000000000001100000100000000000000000001100000000000011000
100111000000000000000000000000000000000000000000000000000000000000000000000000000000000000000000000000000001001110000000000000010100111000000000010001
100110000000000000000000000000000000000000000000000000000000000000000000000000000000000000000000000000000111010001000000000000011000110000000000000001
100100000000000000000000000000000000000000001100000000000000000000000000000000000000000000000000000000000100010101100001110000000000100100000000010010
011000000000000000000000000000000000000000001100000000000000000000000000000000000000000000000000001010000010000001100001010000000000101100000000001100
000000000000000000000000000000000000000000000000000000000000000000000000000000000000000000000011000100111010000000110001010000001111001101000000000100
000000000000000000000000000000000000000000000000000000000000000000001000000000000000000011000011000000111100011000001000110110000111000001000000000010
000000000000000000000000000000000000000000000000000000000000000000010100000001000000000011000000000000010001111111000100010100000010000010100000001001
000000000000000000000000000001010000000000000000000000000000000000010100011001100010000000000000000000000001111010000100001000000000010001000000001010
000000000000000001110000000010000000000000011000000000000000000000001000111100100011000000000000000000000000011000000110000000001100000001000000000000
000000000000000001010000000001000100000000111001100000000000000000000000101001000100100000000000000000000000101000010000000000101100010000000000000000
000000000000000011001100000001000000000001101010100000000000000000000001001000000011000000000000000000000000101000011000000011010001001000000000000000
000000001110000000000100000000100000000001100011000000000000000000000000111000000010000000000000000000000000010111011100000000001000011000000000000010
000000011001001101001100000000100100000001110010000000000000000000000000000000000000000000000000000000000001100001100010000000010101011000000000000010
000000010000100010001000000000111000000000110010000000000000000000000000000000000000000000000000000000000000000001100001011001000011000000000000000000
000000000100100001000000000000000000000000000011000000000000000000000000000000000000000000000000000000000000000001100000100101011011111000000000000000
000000000000000001001000000000000000000000000000000000000000000000000000000000000000000000000000000000000000000001100000001000100000010000000000000000
000000000000000001010000000000000000000000000010010000000000000000000000000000000000000000000001100000000111000011100010011000000000000000000000000000
000000000000000001100000000000000000000000000001110000000000000000000000000000000000000000000010100000000110101100010001100000000010000000000000000000
001100000000000000000000001100000000000000000000000000000000000111000000000000000000000000000001000000000110111110010000000000000101000000000000000000
000000000000000000000000001100000000000000000000000000000000000000000000000000000000000000000000000000000001000110010000000000000101000000000000000000
111000000000000000000100000000000000000000000000000000000000010000010000000000000000000000000000000000000010011000000000000000000000000000000001110000
000000000000000000010011000000000000000000000000000000000000010000010000000000000000000000000000000000000010100000000000000000000000100000000000000001
110000000000000000011000000000000000000000000000100000000000010000010000000000000000000001100000000000000010010000000000000000000000100000000000000000
010000000000000000010000000000000000000000000000000100000000000000000000000000000000000000110000000000000010010000000000000000011000100000000000000000
000000000111110000000000000000000000000000000000110100000000000111000000000000000000000100100000000000000001100000000000000000011000000000000000000000
000000000000101000000000110000000000000000001010000000000000000000000000000000000000000000000000000000000000110000000000000000000000000000000000000000
000000110000001000000000110000000000000000001001000000000000000000000000000111000000000010000000000000000010011010000000000000000000000000000000000000
000000110101001000000000000000000000000000001100001000000000000000000011101001100010000000010000000000000110010010000000000000000000111000001110000011
100000000001010000000000000000000001000000000011011000000000000000000000010010111101000000000000000000001100001110000000000000000000000000000000000101
110000000000000000000000000000000010100000000001000100000000000000000000001001101100000011000000000100001100000000000000000000000010000001100000000000
110111110000000000000000000000000010100000000010001000000000000000000000000111000001100000000000001110000100110000000000000000000010000001100000001000
010011110000000000000000000000000001000111000001000000000000000000000000000000000001000000000000001010000000000100000011100000000010000001100001000100
001101000000000000000000000000000000000101000000011000000000011100011100000000000000000000000000011110100010000100000000000000000001000000000010100000
011100000000000000000000000000000000000101000000001110000000110100010110000000000000000000000000101011100001111000001000001000000001011000000000010000
010110110000000000000000000000000000000101000000001001000001101000001011000000000000000000000000000010010000000000001000001000000011100000000001100000
001111011000000000000000000000010000000010000000000110000000101101011010001100000000000000000000000000010000000000001000001000110011100000010001000000
000100000000000000000000000011110000000000000000000000000000011011101100001100000000000000000000100010110000000100000000000000110101000000101100000000
001111110000000000000000000110010000000000000000000000000000001111111100000000000010000000000000010001000000001010000011100000010110000001001111000000
001100000000000000000000000111110000000000000000000000000000000000000010000000000110000000000000000010000000001010000000000000011000000000100111000000
110100010000000000000000000001110000000000000000000000000000000001000101000000000010000000000000000110100000000100000000000000000000000000111010100000
000000000000000000000000000100110000000000000000000000000000000001000100100000000000000000000000000010100000000000000001001000000000000000100011000000
000101100000000000100000000010100000000000000001100000000000000000000011000000000001000000000000000000100000000000000001001111000000000000010100000001
010000000000000001010001100001100000000000000011010000000000000000000000000000000010100000000000000000000000000000000010001011000000000000000011000000
000000000000000001100001010000000000000000000010010000000000000000000000000000000010010000011000000001011000000000000001110011000001100000001010000000
000000000000000000000011100000001110000000000110000000000000000000000000110000000001100000011000000000110000000000000000011000000011100000000100100000
000000000000000000000010000000110000000000000000000000000000000000000000000110000000000000000000000000000000000110000000110000000011111000000011100000
100000000000000000000100100000110101100000000000000100000000001100000110000010000000000000000000000000000000000110000000100100001110011000000001100000
100000000000000000010111000000111100100000000000011010000000001110001100000010000000000000000000000000000000000000000000010100011110001000000000000000
100000000000000000010100000000010000100000000000001100000000001110100000000100000000000000000000000000000000000000000000001000011100000000000000000000
000000000000000000011000000000011011000000000000100010000000000111100110000100000000000000000000000000000000000000000000000000010001000000000000000000
000000000000000000000000000000011000000000000000010011000001100011100010001000000000000000000000000000000000000000000000000000000001100000000000000000
000000000000000000000000000000000000000000000010011010000000000100001100100000000000000000000000000000000000000000000000000000000000000000000000000000
000000000000000000000000001110011100000000000101000100000000000000001100110000000000100000000000000000000000000000000000000000000000000001000000000000
000011001100000000000000001101101010000000000011000000000000000000000000110000000001100000111000000000000000000000000000000000000000000001000000000000
000000011100000000000011101101100010000000000000000000000000000000000000110000000011100010000110000000000000000000000000000000000000000001000000000000
000000111000000000000000000000001110000000000000000000000000000000000000110000000000000100010010000000000000000000000000000100000000000000000000000000
000000100001000000000000000000000000000000000000000000000000000000000000010000111100111000000010000000000000010000010000001010000000000000000000000000
000000011110100000000000000000000000000000001110000000000000000000000000000001000100100000011100000000000000111000111100001001000000000000000000000000
000000010011000000000000000000000000000000000000000000000000000000000001000001111100100110000000000000000001111100000110000110000000001100000000000011
000000000100000000000000000000000001000000000000000000000000000000000100011011000010000000100000000000000011000111110001000000000000001100000001100111
100000000000000000000000000000000010100000000000000000000000000000000000001110000000000000000000000000000001111100011110000000000000000000010001000010
000000000000000000000000000000000011000000000000000000000000000000000000100000011000000000000000000000000000111000000100000000000000000000101000010100
000000000000000000000000000000000000000000000000000000000000000000001000000000101000000000000000000000000000010000000000000000000000000000101000011000
000000000000000000000000000000000000000000000000000000000000000000011101000000100000000000000000000000000000000000000000000000000000000000010000000111
000000000000000000000000000000000000000000000000000000000000000000110010000000101000000000000000000000000000000000000000000000000001100000000000000111
000000000000000000000000000010000000000000000000000000000000000000100000100000011000000000000000000000000000000000000000000000000001100000000000000000
000000000000000000100000000010000000000000000000000000000000000000011010100000000000000000000000000000000000010000000000000000000000000000000000000000
100000000000000000100000000010000000000000000000000000000000000000011010000000000000100000000000011000000000010000000000000001000000000000000000000000
100000000000000000100000000000000000000000000000000000000000000000000110000000000000101000000000100100000000010000000000110001100000000000000000000000
100000000000000000000000000000000000000000000000000000000000001000101110000000000000111000000000011000000000000000000001100000000000000000000000000000
000000000000000001100000000000000000000000000000000000000000001001000110000000000000000000000000000000000000000000000000110000111000000000000000000000
000000000000000010001010000000000000000011000000000000000000001000000101100000000000000000000000000000000000000000000000011001100100000000000001100000
000000000000000001011111000000000000000011000000000000000000000000000000100000000000000000000000000000000000000000000000000001000001000000000001100000
000000000001100000111110000000110000000000000000000000000000000000010001100000000000000000000000000000000000000000000000000001000111000000000000000000
000000000000000000000000000001101000000000000000000000000000000000000100000000000000000000000000000000000000000000000000000000110111000000000000000000
000111000000000000000000000000011000000000000000000000000000001100000000000000000000000000000000000000000000000000000000000000000000000000000000000101
100001000000000011000000000000010110000000000000000000000000001100000000000000000000000000000000000000111000000000000000000000000000000000000000000100
100010000000000011000000000001100100000000000000000000000000000000000000000000000000000000000000000001101100000000010000000000000000000000000000000000
100000000000000000000000000000000100000000000000000000000000000000000000000000000000000000000000000001100100000000011100001000000010000000001100011000
000000000000000000000000000001011000000000000000010010000000000000000000000000000000000000000000000000011000000000100000011000000100000000001100001000
000000000000000000000000000000100000000000000000100001000000000000000000000000000000000001000000111011000000000000111011111000000100000000000001101011
000000000000000000000000000000000000000000000001000000100000000000000000000001101100110001000010000000100000000011011100000000000000000000000001111110
000000000000000000000000000000000000010000000001000011100000000000000000000010000010101000100010000000010000000001100000000000000000000000000010000100
000000000000000000000000000000000001000100000001100001000000000000000000000001101110000110000010101100010000000000000000000000001000000000000001011000
000000000000000000000000000000000001000100000000111100000000000000000000000000100110001001000010100001010000000000000000000000001000000000000000010000
001101100000000000000000000000000001000100000000011100000000000000000000000000000000000000111010010000000000000000000000000000110000000000011100000000
000000000000100000000000000011000000111000000000011000000000000000000000000000000000000101110010000000000110000000000000000000101101100000100110000000
000101000000011000000000000100100000110000000000000000000000000000000000000000000000000001000010010000000110000000000000000010011100100000101010000000
000010001100000000000000000101000000000110000001100000000000000000000000000000000000000010000000000000000000000000000000001000100001100000001000000000
000000001100000000000000000010000000001110000001100000000000000000000000000000000001111010000000000000000000000000000000110000100000000000000100000000
100000000000000000000000000000000000001001100000000000000000000000000000000000000000010010000000000000000000000000000001111001000000000000001000000001
100000000000000000000000000000000000001101100000000000000000000000000000000000000001000010000000000000011000000000000010100110000000000000001100011001
000000000000000000000000000000000000000000010000000000000000000000000000000000000000100100000000010000100100000000000001100000000000000000000000001000
000000000000000000000000000000000000001011100000000000000000000000000000000000000010001000000000010000011000000000000001000000010000000000000001110000
000111000000000000000000000000000000011111000000000000000000000000000111000000000001010000000000010000000000000000000010000110110000000000100010010000
000000000001000000000000000000000000110000000000000000000000000000010110000000000000000000000000000000000000000000000000001100000000000001010011000000
011000000001000000000000011000000001000000000000000000000000000000110000110000000000000000000000000000000000110000000000000101100000000000110000000000
010000100001000000000000000100000000101000000111000000000000000001100000100000000000010000000000000000000001001000000000000010000000000000000000000000
010000000000000000000000000000000000010000000000000000011000000000110000000000000000111000000000000000000001010000010100000000000000000000000000000000
001001000000000000000000010010000000000000000000000000100100000100100000010000000000100100000000000000000000100000010000000000000000000000000000000000
000010000000000000000000010000000000000000000000000000011000010100101000010000011000011010000000000000000000000000011001000000000000000011100000000000
000000000000000000000000000001100000000010000010000000000000100000101000010000100100000110000000100000000000000000000100000000000000000000100000000000
000000000000000000000000000100010000000101000101000000000001110000110000000000011000000100000001010000000000000000000000100000000110110011100000000000
000000000000000000000000111011100000000101000101000000000001110011000000000000000000000101000001010011000000000000000011100000000000110000000000000000
000000000000000000000000100001000000000010000010000000000000000010000000000000000000000010000000100011000000000000000000000000000000000000000000000000
000000000000000000000000000010000000000000000000000000000000010000000000000000000000000011110000000000000000000000000000000000000000000000000000000000
001100000000000000000000010000000000000000111000000000000001110001100000000000000000000000100000000000000000000000000000000000100000000000011000000000
001100000000000000000000010010000000000000000000000000000001110001100000000000000000000000100001000000000000000000000000000010010000000000010100000000
000000010000000000000000010010000000000000000000000000000000111000000000000000001110000000011001100000000000010000000000000110001000000000010110000000
000000010000000000000000011100000000000000000000000000000000010100000000000000000000000000001110110000000000101000000000001000010000011100001100001000
000000010000000000000000000000000000000111000000000000000000000000000000000000000000000000000010110000000000101000000000011010011000000000001000011100
000000000000000000110000000000000000011011000001000000000000001100000000000000010001000000000100010010000000010000000000000011000000010100000000110110
000110000111000001010000000000000000000100100011100000001100000000000000000000000000000000000010010111000000000000010000000001100000000100000001110111
000011110100000001100000000000001010000111100110110000010010000000000000000000001010000000000100001100100000000000101000000100100000001000000000110110
000001101100000000000000000000001010000101000011100000001100000000000000000000000100000000001100001011100000000000101000000100000000000100000000011100
000000101000000000000000000000000100000010000001000000000000000000000000000000000000000000001101111101011000001000010000000010100000001000000000001000
011100010000000000000000000000001000000000000000000010000000000000000000000000000100000000000010000000100100001000000000011001100000000000100000000000
011100000000000000000000110000010100100000000000000101000000000000000000000000011010000000000000000001111110010100000000010100000001000001111000000000
110000000000000000000000110000010000100000000000000101000000000000000000000001101001000000000000000000100100000001000000010110000010100010001000000001
000000000000000000000000000000000000000000000010000010000000000000000000000010000001000000000000001101011000000010100000001101000010100110100000000000
000000000000000000000000000110000100110000000111000000000000000000000000000001000001000000000000001011100000000010001000000110100001000110000100000010
000000011000000000000000000110000100001000001001000000000000000000000000000000100010000000000000001100100000000001001000000000000000000010000000010100
000000011000000000000000000000000010000000000001100000000000000000000000000000000100000000000000000111000000000001001000000000000000000001001000100100
011000000000000000000000000000000001010000000010100000000000000000000000000110000000000000000011000010000000000001001010000000000000000000110000100000
110000000000000000000000000000000000000000000010100000000000000000000001000110000000000000000100100000000000000001110100100000000000000000001000110000
000000000000000000000000000000000000000000000001000000000000000000000010100000000000000000000011000000000000000001000100100000000000000000001110001000
000000000000001110000000000000000000000000000000000000000000000000000001000000000000000000000000000000000000000011000010010000000000000000000000000011
000000000001101110000000000000000000000000000000000000000000000000000000000000000000000000000000000000000000000110000000100000000000000000100000000000
000000000001101010000000000000000000000000000000110000000000000000000000000000000000000000000000000000000000000011000000000000000000000001100000000000
000000000001100000000000000000000000001110100000110000000000000000000000000000000000000000000000000000000000000001000000000000000000000011100000000000
