000000000000000000000000010000000000000000000000000000000000000000000000000000000000000000000000000000000000000000000000000000000000001000010000000000
000000000000000000000000000000000000000000000000000000000000000000000000000000000000000000000000001000000000000000000000000000000000001000000000000000
000000000000000000000000000000000000000000011000000000000000000000000000000000000000000000000000001000000000000000000000000000000000001000000000000000
000000000000000000000000000000000000000000011000000000000000000000000000000000000000000000000000001000000000000000000011000000010000000000000000000000
000000000000000000000000000000000000000000000000011100000000000000000000000000000000000000000000000000000000000000000100100000010000000000000000000000
000000000000000000000000000000000000000000000000000000000000000000000000000000000000000000000000000000000000000000000010100000010000000000000000000000
000000000110000000000000000000000000000000000001000001000000000001100000000000000000000000000000000000000000000000000001000000000000000000000000000000
000000001001000000000010000000110000000000000001000001000000000001100000000000000000000000000000000000000000000000000000000000000000000000000000000000
000000001001000000000100000001001000000000000001000001000000000000000000000000000000000000000000000000000000000000000000000000000000000000000000000000
000000000110000000000111000010010000010000000000000000000000000000000000000000000000000000000000000000000000000000000000000000000000000000000000000000
000000000000000000000000000000000000110000000000011100000000000000000000000000000000000000000000000000000000000000000000000000000000000000000000000000
000000000000000000000000000000001000000000000000000000000000000000000000000000000000000000000000000000000000000000000000000000100000000000000000000000
000000000000000000000000000000000010000000000000000000000000000000000000000000000000000000000000000000000000000000000000000000100000000000000000000000
000000000000000000000000000001000100000110000000000000000000000000000000000000000000000000000001000000000000000000000000000000100000000000000000000000
000000000000000000000000000001000001000111000000000000000000000000000000000000000000000000000010100000000000000001100000000000000000000000000000000000
000000000110000000000000000000111011110000000000000000000000000000000000000000000000000000000010100000000000000001100000000000000000000000000000000000
000000000110000000000000000000000011111100000000000000000000000000000000000000000000000000000001000000000000000000000000000000000000000000000000000000
000000000000000000000000000000000000011100000000000000000000000000000000000000000000000000000000000000000000000000000000000000000000000000000000000000
000000000000000000000000000000000000000010010000000000000000000000000000000000000000000000110000000000000000000000000000000000000000000000000000000000
000000000000000000000000000000000000001000010000000000000000000000001000000000000000000001001000000000000000000000000000000111000000000000000000000000
000000000010000000000000000000000000001000100000000000000000000000010100000000000000000000110000000000000000000110000000000000000000000000000000000000
000000000101000011000000000000000000001001000000000000000000000000001000000000000000000000000000000000000000000110000000000000000000000000000000000000
000000000101000011000000000000000000000000000000000000000000000000000000000000000000000000000001000000000000000000000000000000000000000000000000000000
000000000010000000000000000000000000000000000000000000000000000000000000000001000000000000000010100000000000000000000000000000000001100000000000000000
000000000000000000000000000000000000000000000000000000000000000000000000000010100000000000000010100000000000000000000000000000000001100000000000000000
000000000000000000000000000000000000000000000000000000000000000000000000000010010000000000000001000000000000000011100000000000000000000100000000000000
000000000000000000000000000000000000000000000000000000000000000000000000000001100000000000000000000000000000000000000000000000000000000100000000000000
000000000000000000000000000000000000000000000000000000000000000000000000000000000000000000000000000000000000000000000000000000000000000100000000000000
000000000000000000000000000000000000000000000000000000000000000011000000000000000000000000000000000000000000000000000000000000000001100000000000000000
000000000000000000000000000000000000000000000000000000000000000011000000000000000000000000000000000000000000000000000000001000000010010000000000000000
000000000000000000000000000000000000000000000000000000000000000000000000000000000000000000000000000000000000000000000010010100000001010000000000000000
000000110000000000000000000000000000000000000000000100000000000000000000000000000000000000000000000000000000000000001110010100000000100000000000000000
000000110000000000000000000000000111000000000000000100000000000000000000000000000000000000000000000000000000000000000110010100000000000000000000000000
000000000000000000000000000000000000000000000000000100000000000000000000000000000000000011000000000000000011000000010110000110000000000000000000000000
000000000000000000000000000000000000000000000000000000011000000000000000000000000000000011000000000000000101000011010110001000000000000000000000000011
000000000000000000000000000000000000000000000000000000100100000000000000000000000000000000000000000000000010000100000000000000000000000000000000000011
000000000000000000000000000000000000011000000000000000011000000000000000000000000000000000000000000000000000000111000000000000000010000000000000000000
000000000000100000000000000000000000011000000000000000000000000000000000000000000000000000000000000000000000000001000000000000000101000000000000000000
000000000001010000000000000000000000000000000000000000000000000000000000000000001000000000000000000000000000000111000000000000000110000000000000000000
000000000001010000000000000000000000000000000000000000000000000000000000000000010010000000000000000000000000000111000000000000000000000000000000000000
000000000000100000000000000000000000000000000000000000000000000000000000000000010010000000000000000000000000000000000000000000000000000000000000000000
000000000000000000000000000000000000000000000000000000000000000000000000000000000100000000000000000000000000000000000000000000000000000000000000000000
000000000000000000000000000000000000000000000000000110000000000000000000000000000000000000000000000000000000000000000000000000000000000000000000000000
000000000000000000000000000000000000000000000000001001000000000000000000000000000000000010000000000000000000000000000000000000000000000000000000000000
000000000000000000000000000000000000000000000000001010000000000000000000000000000000000101000000000000000000000000000000000000000000000000000000000000
000000000000000000000001100000000000000000000000000100000000000000000000000000000000000011000000000000000000000000010100000000000000000000000000000000
000000000000000000000010010000000000000000000000000000000000000000000000000000000000000000000000000001000000000000000010011000000000000000000000000000
000000000000000000000001100000000000000001100000000000000000000000000000000001000000000000000110000010100000000000110001111000001100000000000000000000
000000000000000000000000000000000000000001100000000000000000000000000000000001000000000000000110000010100000000000000000100000001100000000000000000000
000000000000000000000000000000000000000000000000000000000000000000000000000001000000000000000000000001000000000000000001000000000000000000000000000001
100000000000000000000000000000000000000000000000000000000000000000000000000000000000000000000000000000000000000000000010000000000000000000000000000011
011000000000000100000000000000000000000000000000000000000000000000000000000000000000000000000000110000000000000000000000000000000000000000000000000010
001000000000001010000000001000000000000000000000000000000000000001100000000000000000000000000001001000000000000000000000000000000000000000000001001101
000000000000011011000000010100000000000000000000000000000000000001100110000000000000000000000000110000000000000000000000000000000000000000000110100001
010000000000011010000000110100000000000000000000000000000000011000000110000000000000000000000000000000000000000000000000000000000000000000000110000000
100000000000001010000000111000000000000000000000000000000000011000000000000000000000000000000000000000000000000000000000000000000000000000000011110001
000000000000010010000000010000010000000000000000000000000000000000000000000000000000000000000000000000000000000000000000000000000000000000000001100001
000000000000110001000000000001101000000000000000000000000000000000000000000001100000000000000000000000000000000000000000000000000000000000000000011110
000000000000110010000000000000100000000000000000000000000000000000000000000010010000000000000000000000000000000000000000000000000000000000000000001000
000000000000111100000000000000110000000000000000000000000000000000000000000001010000000000000000000000000000000000000000000000000000000000000000000000
000000000011011000000000000010000000000000000000000000000000000000000000000000100000000000000000000011000000000000000000000000000000000000000000000000
000000000011000000000000000010000000000000000000000000000000011000000000000000000000000000000000000010100000000000000000000000000000000000000000000000
000000000000000000000011000010000000000000001100000000000000011000000000000000000000000000000000000000110000000000000100000000000000000000000000000000
000000000000000000000001000000000000000000001100000000000000000000000000000000000000000000000000000011100000110000001010000000000000000000000000000000
000000000000000000000000100000000000011100000000000000000000000000000000000000000000000000000000001101000001001000000100000000000000000000000000000000
000000000000000000000000000001100000001100000000000000000000000000000000000000000000000000000000000110000000110000000000000000000000000000000000000000
000000000000000000000000000001100000000100000000000000000000000000000000110000000000000100000000000000000000000000000001010000000000000000000000000000
000000000000000000000000000000000000000110000000000000000000000000000000110000000000001010000000000000000000000000000001100000000000000000000000000000
000000000000000000000000000000000000000010000000000000010001110000000000000000000000000100000000000000000000000000000000000000000000000000000000010000
000000000000000000000000000000000000100001000000000000010001100000000000000000000000000000000000000000000011110000000000000000000100000000000001101100
000000000000000000000000000000000000100001000000000000010000000000000000000000000000000000000000000000011110110000000000000000000100000000000001101100
000000000000000000000000011100001010000001000000000000000000000000000000000000000000000000000000000000011000001000000010000000000100000000000000101000
000000000000000000000000011100011010001001000000000000000000000000000000000000000000000000000000000000000000110000001101100000000000000000000010000100
000000000000000000000000000001101000000111100000000000000101100000000000000000000000000000000000000000011010110000001101100000000000000000000010110100
000000000000000000000000000010001000000100100000000000000110101100000000000000000000000000000000000000010001000000000111000000000000000001100010000100
000000000000000000000000000000000011000111000000000000000100001100000000000000000000000000000000000000000000000000000000000000000000000001100001010000
000000000000000000000000000000001001000110000000000000000011100100000000000000000000000000000000000000000000000000000001000000000000000000000011011000
000000000000000000000000000010100011000000000000000000000011101000000000000000000000000000000000000000000000000000010001100000000000000000000011011000
000000000000000000000000000000000000000000000000000000000000000000000001010001000000000000000000000000000000000000101111100000000000000000000001100000
000000000000000000000000000000000000000000000011000000000000000000000000100010100000000000000000000000000000000001000011000000000000000000000110000000
000000000000000000000000000000000000000000011000000000001011000001000000000100100000000000000000000000000000000000000001100000000000000000000000000000
000000000000000000000000000000000011000000000010110000000100011111000000000011000000000000000000000000000000000000111011100000000000000000010000010000
000000000000000000000000000000000011000001101000111100000000001101000110000000000000000000000000000000000000000000000110100000000000000000010000010000
000000000000001000000000000000000000000000000010110000000110100011010001000000000000000000000000000000000000000000000101010000000000000000010000010000
000000000000010100000000000000000000000000001000000100001000000011000110010010000000000000000000000000000000000000000000101000000000000000000000000000
000000000000100100000000000000000000000001100011000011000000000010000100010001000000000000000000000000000000000000000000111100000000000000000111000000
000000000000011000000000000000000000000000011000000000000000000001110000010001100000000000000000000000000000000001100000100000000000000000000000000000
000000000000000000000000000000000000000000000000000000000000000001100000001111100000000000000000000000000000000011100000000000000000000000000000000000
000000000000000000000000000000000000000000000000000000000000000000000011000100000000000000000000000000000000000000100000000000000000000000000000000000
000000000000000011000000000000000000000000000000000000000000000000000011000000000011000000000000000000000000001110100000000000000000000000000000000011
100000000000000100100000000000000000000000000000000000000000000001100000000100000011100000000000000000000000010111000000000000000000000000000000000110
110000000000000011000000000000000000000000000000000000000000000010010000000111000011000000000000000000000000010110001000000000000000000000000000000000
100000000000000000000110000000000000000000000000000000000000000001100000000011000111000000000000000000000000000001000000000000000000000000000000000000
000000000010000000000110011100011100000000000000000000000000000000000000000000000001100000000000000001100000000001000011000000000000000000000100000001
000000000010000000000000000000000000000000000000000010000000000000000000000000000001010000000000000001100000000000100000000000000000000000010000010011
000000000010000000000000000001000000000000000000000101000000000000000000000000000000001000000000000000000000000000011001000000000000000000010000000100
000000000000000000000000000001000000000000000000000101000000000000000000000000000010010000000000000000000000000000000110000000000000000000100000001000
000000000000000000000000000001000000000000000000000010000000000000000000000000000011100000000000000000000000000000000000000000000000000000110000110000
000000000000000000000000000000000000000000000000000000000000000000000000000000000001000000000000000000000000000000000000000000000000000000110010000000
000000000000000000000000000000000000001100000000000000000000000000000000000000000000000000000000000000000000000000000000000000000000000000000010000000
000000000010000000000000000000000000001100000000000000000000000000000000000000000000000000000000000000000000000000000000000000000000000000000000000000
000000000101000000000000000000000000000000000000000000000000000000000001110111000000000000000000000000000000000000000000000000000000000000000000000000
000000000100100000000110000000000000000000000000000000000000000000000001000001000000000000000000000000000000000000001000000000000000000000000000000000
000000000011000000000110000110000000000000000000000000000000000000000001000001000000000000000000000000000000000000010100000000000000000000000000000000
000000000000000000000000000110000000000000000000000000000000000000000000100010000000000000000000000000000000000000100100000000000000000000000000000000
000000000000000000000000000000000000000000000000000000000000000000000000011100000000000000000000000000000000000000011000000000000000001100000000000000
000000000000000000000000000000000000000000000000000000000000000000000000000001100000000000000000000000000000000000000000000000000000010100000000000000
000000000000000000000000000000000000000000000000000000000000000000000000000001001000000000000000000000000000000000000000000000000000001000000000000000
000000000000000000000000000000000000000000000000000000000000000000000000000010000000000000000000000000000000000000000000000000000000000000000000000000
000000000100000000000000000000000000000000000000000000000000000000000000000111100010000000000000000000000000000000000000000000000000000000000000000000
000000001010000000000000000000000000000000000000000000000000000000000000001101000001000000000000000000000000000000000000000000000000000000000000000000
000000001010000000000000000000000000001100000000000000000000000000000000011010111001000000011000000000000000000000000000000000000000000000000000000000
000000000100000000000000001100000000001100000000000010100000000000000000001110000000000000100100000000000000000000000000000000000000000111000000000000
000000000000000000000000001100000000000000000000000010100000000000000000000110000010000000011000000000000000000000000000000000000000000000000000000000
000000000000000000000000000000000000000000000000000001000001000000000000001001000100000000000000000000000000000000000000000000000000000000000000000000
000000000000000000000000000000000000000000000000000000000100100000000000011110110000000000000000000000000000000000000000000000000000000000000000000000
000000000001000000000000000000000011100000000000000000000100010000000000110111100000000000000000000000000000000000000000000000000000000000000000001100
000000000001000000000000000000000000000000000000000000000110110000000000010001000000000000000000000000000000000000000000000000000000000000000000001100
000000000001000000000000000000000000001000000000000000000010110000000000001110000000000000000000000000000000000000000000000000000000000000000000000000
000000000000000000000000000000011000001000000000000000000001100000000000000100000000000000000000000000000000000000000000000000000000000000000000000000
000000000000000110000000000000011000001000000000000000000000000000000000000000000000000000000000000000000000000000000000000000000000000000000000000000
000000000000001001000000000000000000000000000000000000000000000000000000000000000000000000000000000000000000000000000000000000000000000110000000000000
000000000000000110000000000000000011100000110000000000000000000000000000000000000000000000000000000000000000000000000000000000000000000110000000000000
000000000000000000000001100110000000000000110000000000000000000000000000000000000000000000000000000000000000000000000000000000000000000000000000000000
000000000000000000000001100110011000000000000000000000000000000000000000000000000000000000000000000000000000000000000000000000000000000000000000000000
000000000011000000000000000000011000001100000000000000000000000000000000000000000000000000000000000000000000010000000000000000000000000000000000000000
000000000101000000000000000000000000010010000000000000000000000000000000000001100000000000000000000000000000101000000000000000000000000000000000000000
000110000010000000000000000000000000001100000000000000000000000011100011000001100000000000000000000000000001001000000000000000000000000000001100000000
000110000000000000000000000000000000000000000000000000000000000000000100100000000000000000000000000000000000110000000000011000000000000000010010000000
000000000000000000000000000000000000000000000000000000000000000000000011000000000000000000000000000000000000000000000000011000000000000000010100000000
000000000000000000000000000000000000000000000000000000000000000000000000000000000000000000000000000000000000000000000000000000000000000000001000000000
000000000000000000000000000000000000000000000000000000000000000000000000000000000000000000000000000000000000000000000000000000000000000000000000000000
000000000000000000000000001100000000000000000000000000000000000000000000000000000000000000000000000000000000000000000000000000000000000000000000000000
000000000000000000000000001100000000000000000000000000000000001000000000000000000000000000000000000000000000000000000000000000000000000000000000000000
000000000000000000000111000000000000000000000000000000000000010100000000000000000000000000000000000000000000000000000000000000000000000000000000000000
000000000000000000000000000000000000000000000000000000000000010100000000000000000000000000000000000000000000000000000000000000000000000000000000000000
000000000000000000010000010000000000000000000000000000000000001000000000000000000000000000000000000000000000000000000000000000011000000011000000000000
000000000000000000010000010000000000000000000000000000000000000000000000000000000000000000000000000000000000000000000000000000100100000100100000000000
000000000000000000010000010000000000000000000000000000000000000000000000000000000000000000000000000000000000000000000000000000011000000011000000000000
000000000000000000000000000000000000000000000000000000000000000000000000000000000000000000000000000000000000000000000000000000000000000000000000000000
000000000000000000000000000000000000000000000000000000000000000000000000000000000000000000000000000000000000000000000000000000000000100000000000000000
000000000000000000000000000000000000000000000000000000000000000000000000000000000000000000000000110000000000000000000000000000000001010000000000000000
000000000000011100000000000000000000000000000000000000000000000000000000000000000000000000000000110000000000000000000000000000000001010000000000000000
000000000000000000000000000000000000000000000100000000000000000000000000000000000000000000000000000000000000000000000000000000000000100000000000000000
000000000001000001000000000000000000000000010100000000000000000000000000000000000000000000000000000000000000000000000000000000000000000000000000000000
000000000010100010100000000000000000000000011100000000000000000000000000000000000000000000000000000000000000000000000000000000000000000000000000000000
000000000010100010100000000000000000000000000000000000000000000000000000000000001100000000000000000000000000000000000000000000000000000000000000000000
000000000001000001000000000000000000000000000000000000000000000000000000000000001100000000000000000000000000000000000000000000000000000000010000000000
000000000000000000000000010000000000000000000000000000000000000000000000000000000000000000000000000000000000000000000000000000000000000000101000000000
000000000000000000000000010000000000000000000000000000000000000000000000000000000000000000000000000000000000000000000000000000000000000000101000000000
