000000000000000000000110000000000000000000000000000000000000000000000000000000000000000000000000000000000000000000000000000000000000000000000000010010
000000000000000000001001000000000000000000000000000000000000000000000000000000000000000000000000000000000000000000000000000000000000000000000000010000
000000000000000000000110000000000000000000000000000000000000000000000000000000000000000000000000011100000000000000000000000000000000000000000000010000
100000000000000000000000000000000000000000000000000000000000000000000000000000000001100000000000000000000000000000111000000000000000000000000000000100
000000000000000000000000000000000000000000000001000000000000000000000000000000000001100000000000000000000000000000001000000000000000000000000000000011
000000000000000000000000000000000000000000000001000000100000000000000000000000000000000000000000000000000000000010001000000000000000001000011000000000
000000000110000000000000000000000000000000000001000000100000000001100000000000000000000000000000000000000000000010100000000000000000011000110000110000
000000001001000000000000000000000000110000000000000000100000000001100000110000000000000000000000000000000000000101000000000000000000110000011110001000
000000001001000000000000000000000000110000000000000000000000000000000000110000000000000000000000000000000000000000000010100000000000110000000100001000
000000000110000000000000000000000000000000000000000000000000000000000000000000000000000000000000000000000000000010000100100000000000011010001000010000
000000000000000000000000000000000000000000000000000000000000000000000000000000000000000000000000000000000000000011010000100000000000001101000101011000
000000000000000000000000000000000000000000000000000000000000000000000000000000001000000000000000000000000000000010010110000000000000000110000111110000
000000000000000000000000000000000000000010000000000000000000000000000000110000110100000000000000110000000000000010010010000000000000000000000001000000
000000000000000000000000000000000000000101000000000000000000000000000000110000000000000000000000110000000000000101011110000000000000000000000000000000
000000000000000000000000000000000000000000000000000000000000000000000000000000110000000000000000000000000000000100110010000000000000000000000000000000
000000000000000000000000000000000000000100000000000000000000000000000000000000000000000000000000000000000000000110100110111000000000000000000000000000
000000000000000000000000000000000000011100000000000000000000000000000000000000000000000000000000000000000110000000010100101000000000000000000000000000
000000000000000000000000000000000000000110100001010000000000000000000000000001000000000000000000000000001001000000101001001000000000000000000000000000
000000000000000000000000000000000000000001100001000100000000000000000000000011101110000000000000000000000110000010110110110000000000000000001000000000
000000000000000000000000000000000000000001000001000100000000000000001000000010000001100000000000000000000000000010110010100000000000000000011000000000
000000000000000000000000000000000000000000001110100010000000000000010100000000000000100000000000000000000000000001000001000000000111000000011000000000
000000000000000000000000000000000000000000010000110100000000000000010010000000100001100000000000000000000000000001000000000000000000000000111000000000
000000000000000000000000000000000000000000101101111000000000000000001100000000001110000000000000000000000000000111100000000000001000010000110000000000
000000000000000000000000000000000000000001100010000000000000110000000000000000000000000000000000000000000000001010100000000000001000010000110000000000
000000000000000110000000000000000000000011000000000000001100110000000000000000000000000000000000000000000000100000100000000000000000001000011000100000
000000000000001001000000000000000000000111000000000000001100000000000000000001110000000000000000000000000001000011000000000000000100110000000000010011
000000000000001001100000000000000000000100100000000000000000000000010000000000010000000000000000000000000000101010000000000000000011100000000010010011
100000000000000100011000000000000000010000010000000000000000000000110000000000100001000000000000000000000000001100000000000000000001000000000010010010
000000000000000011001000000000000000111100100000000000000000000000110001000000000010100000000000000000000000000000000000000000000000000000000000100001
000000000000000001110000000000000000001000110000000000000000000001100000000000000001100000000000000000000000000000000000000000000000000000000000010000
100010000010000000000000000000000010100000011000000000000000000001100100000000000000000000000000000000000000000000000000000000000000000000000000100000
000010000101000000000000000001100000000000100100000000000000000001001100000000000000000000000000000000000000000000000010000000000000000000001100110000
100010000110000000000000000001001000000000011000000000000000000000111000000000000000000000000000000000000000000000000101000000110000110001111001000000
000000000000000000000000000000110000000000000000011000000000000000010000010000000000000011000000000000000000000000001001000001001100111101010000000111
000000000000000000000000000000010000100000000000111000000000000000000000101000000000000011000000000000001100000000000110000010000001001100011001000000
000000000000000000000000000000001000000000000000011000000000000000000000101000000000000000000000000000001100000000000000000010010011100000111100000000
000000000000000000011000000000001000100001100000000000000000000000100000010000000000000000000000000000000000000000000000000010011000101001001001000000
000000000000000000100100000000000011000010100000000000000000000011011000000001000000000000000000000000000000000000000000000001100000001000000100100000
000000000000000000100100000000000000000110110000000000000000000000100000000000110000000000000000000000000000000000000000000000000000110000000011100000
000000000000000000011000000000000010000111110000000000000000000000000000000010010000000000000000000000000000000000000000000000000110010000000001000000
000000111000000000000000000000000010000110010000000000000000000000000000000010000000000000000000000000000000000000000000000011000001100000000000001100
000000000000000000000000000000000000000001100000000000000000000000000010000000100000000000000000000000000000000000000000000101000000000000000000001100
000000000000000000000000000000000000010000000000000000000000000000001101100111000000000000000000000000000000000000000000000010000000000000000000000000
000000000000000000000000000111000000010000000000000000000000000000000000000000000000000010000000000000000000000000000000000000000000000000000000000000
000000000000000000000000001001000000010000000000000000000000000000000000000000000000000101000000000000000000000000000000000000000000000000000000000000
000000000000000000000000000000100000000000000000000000000000000000100000000000000000000011000000000000000000000000000000000000000000000000000000000000
000000000000000000000000010001100000000110000000000000000000000000110000000000000000000000000000000001000000000000000000000000000000000000000000000000
000000000000000000000000110001000000000110000000000000000000000001010000000000000000000000000110000010100000000000000000010000000000000000000000000000
000000000000000000000000010100000000000000000000000000000000000000000000000000000000000000000110000010100000000000000000101101000110000000000000000000
000000000000011100000000100000000000000000000000000000000000000000000000000000000000000000000000000001000000000000000000000001000000000000000000000000
000000000000000000000001000100000000000000000000000000000000000000000000000000000000000000000000000000000000000000000000000110000000000000000000000000
000000000000000000000010000000100000000000000000000000000000000000000000000000000000000000000000110000000000000000000000111000000000010000000000000000
000000000000000000000010000110100000000000000000000000000000000000000000000000000000000000000001001000000000000000000000000000000000010000000000000000
000000000000000000000010011000100000000000000000001100000000000000000000000000000000000000000000110000000000000000000000000000000000000000000000000000
000000000000000000000011100000000000000000000000001100000000000000000000000000000000000000000000000000000000000000000000000000000000000000000000000000
110000010000000000000000000000000000000000000000000000000000000000000000000000000000000000000000000001000000000000000000000000110000000000000000000000
110000101000000000000000000000000000000000000000000000000000000000001000000000000000000000000000000010100000000000000000000001000000000000000000000000
000000011000000000000000000111000000000000000000000000000000000000001000000000000000000000000000000010100000000000001100000010100100000000000000000100
000000000000000000000000001000100000000001100000000000000000000000001000000000000000000000000000000001000000000000001100000011011000000000000000001010
000000000000000000000000000001100000000010010000000000000000000000000000000000000000000000000011000000000000000000000000000001101000000000000000001001
000000001100000000000000010001000000000001100000000000000000000000000000000000000000000001000110100000000000000000000000000100000000000000000000000110
000000001010000000000000010010000000000000000000000000000000000000000011000000000000000110110110110000000000000000000000000000000000000000000000000000
000000000100000000000000110110000000000000000000000000000011000000000011000000011100000111011010100000000000000000000000000000000000000000000000000000
000000000000000000000000000000000000000000000000000000000011000000000000000000100010000011001000100000000000001110000000000000000000000000000000000000
000000000000000000000000000000000000000000000000000000000000000000000000000000000000000001001000100000000000001101000000000000000000000000000000000000
000000000000000000000000111000000000001000000000000000000000000000000000000000000000000001001000100000000000000011000000000000000010000000000000000000
000000000000000000000000011000000000010100000000000000000000000000000000000000000000000000110100011000000000000000000000000000001101100000000000000000
000000000000000000000000010010000000010100000000000000000000000000000000000000000000000000000000000100000000110000000100000010001100000000000000000000
000000000110000000000000001010000000001000000000000000000000000000000000000000100010000000110110000100000001100011000100000101000100010000000000000000
000000000001000000000000000100000000000000000000000011000000000000000000001100011100000000110110001000000000110001101010000101000100100000000000000000
000000000000110000000000000000000000000000000000000011000000001100000000010010000000000001010011100000000000000000000000000010000011000000000000000000
000000000000001000000000000000000000000000000000000000000000010010000000001100000000000000000000000000000000000000000101000000000000000000000000000000
000000001000000100000000000000100000000000000000000000011000001100000000000000000000000000001101000000000000000000000011100000000000000000000000000000
000000111000001000000000000001010000000000000000000000011000000000000000000000010000000000001101000010000000000000000100000000000000000000000000000000
000000100000110000000000000000100000000000000000000000000000000000000000000000101000000000001100000101100000000000000000000000000000000000000000001100
000000110110000000000000000000000000000000000000000000000000000000000000000000101000000000000000001000001000000000000000000000000000000000000000010010
000000001000000000000000011100000000000000000000000000000000000000000000000000010000000000000000001000010100000000000000000000000000000000000000001100
000000000000000000000000010010000000000110000000000000000000000000000000011000000000000000110000001001010010000000000001000000000000000000000000000000
000000000000000000000000100010001100000110000000000000000000000000000000011000000000000001010000000101000000000000000001000000000000000000000000000000
000000000000000000000001100101000000000000000000000000000000000000000000000000000000000001000000000011000100000000000001000000000000000000000000000000
000000000000000000011000100000100010000000000000000000000000000000000000000000000000001011010000000000111000000000000000000000000000000000000000000000
000000000000000000011000000000100010000000000000000000000000000000000000000000000000001000010000000000010000011000000000000000000000000000000000000000
000010000000000000000000011000100010000000000000000000000000000000000000000000000000001000000000000000000000011000000000000000000011000000000000000000
000010000000000000000001000001001100000000000000000000000000000000000000000000000000000000000000000000111000000000000000000000000011000000000000000000
000010000000000000000010000011000000000000000000000000000000000000000000000000000000000000011000000111010000000000010000000000000000000000000000000000
000000000000000000001001011101000000000000000000000000000000000000000000000000000000000000000000000100010000000000010000000000000000000000000000000000
111000000000001000010000000011100000000000000000000000000000000010000000000000000000000000000000000000100000000000000000000000000000000000000000000000
000000000000010100001000010001100000000000000000000000000000000010000000000001100000110000000000000010000000000000000000000000000000000000000000000000
000000000000010100001111000001100000000000000000000000000000000010000000000001100001001000000000000000000000000000000000000000000011100000000000000000
000000000000001000011000000000000000000000000000000000000000000000000000000000000000110000000000000000000000000000000000000000000000000000000000000000
000000000000000000001110000000000000000000000000000000000000111000000000000000000000000000000000000000000000000000000000000000000000000000001100000000
000000000000000000011001000000000000000000000000000000000000000000000000000000000000000000000000000000000000000000000000000000000000000000001100000000
000000000000000000000101100000000000000011000000000000000000000010000011000000000000000000000000000000000000000000000000000000000000000000000000000000
001100000000000000000001000000000000000011000000000000000000000010000011000000000000000000000000000000000000000000000000000000000000000000000000000000
000110000000000000000010000000000000000000000011000000000000000010000000000000000000000000000000000011100000000000000000000000000000110000000000000000
001000000000000000000010000000000000000000000011100001000000000000000000000000000000000000000000000000100000000000000000000000000000110000000000000000
000000000000000000000010010000000011100000000101011101000000000000110000000000000000000000000000000010100000000000000000000000000000000000000000000000
000001100001000000000011100000000010110000000000011000000000000000110000000000000000000000000000000001000000000000000000000000000000000000000000000000
000001100001000000000000000000000000110000000000000100011000000000000000000000000000000000000000000000100000000000000000000000000000000000000000000000
000000000001000000000000000000000000000000011000000000001000110000000000000000000000000000000000000000110000000000000000000000000000000000000000000000
100000000000000000000000000000000000000000011000000100001000110000000000000000000000000000000000000000000000000000000000000000000000000000000000000001
100000011100011100000110110000000000000000000000000011110000000000000000000000000000000000000000000000000000000000000000000000000000000000000000000001
000000000000000000000110001001000000000000000000000110000000000000011000000000000000000000000000000000000000000000001000000000000000000000000000000000
000010000001000000000011010011100000000000000000000000000000000000100100000000000000000000000000000000000000000000010100000000000000000000000000000000
000111000001000000000000100000010000110000000000000000000000000000011000000000000000000000000000000000000000000000100100000000000000000000000000000000
001010100001000000000000000111011001001000000000000000000000000000000000000000000000000000000000000000000000000000011000000000000000001100000000000000
011101110000000000000000000100110001010000000000000000000000000000000000000000000000000000000000000000000000000000000000000000000000010100000000000000
001010100000000000000000000011100000100000000000000000100000000000000000000000000000000000000000000000000000000000000000000000000000001000000000000000
000111000000000000000000000000000000000000000000000000100000000000000000000000000000000000000000000000000000000000000000000000000000000000000000000000
000010000000000010000000000000000000000000000000000000100000000000000000000000000000000000000000000000000000000000000000000000000000000000000000000000
000000000000000101000000000000000000000000000000010000000000000000000000000000000000000000000000000000000000000000000000000000000000000000000000000000
000000000000001001000000000000000000000000000000001000000000000000000000000000000000100000000000000000000000000000000000000000000000000010000000000000
000000000000000110000000000000000000000000100010000100000000000000000000000000000001010000000000000000000000000000000000000000000000000010000000001100
000000000000000000000000000000000000000011110110001000000000000000000000000000000010010000000000000000000000000000000000000000000000000010000000001100
000000000000000000000000000000000000000111011000000000000000000000000000000000000001100000000000000000000000000000000000000000000000000000000000000000
000000000000000000000000000000000000000101010000000000000000000000000000000000000000000000000000000000000000000000000000000000000000000000000000000000
000000000000000000000000000000000000001110000000000000000000000000000000000000000000000000000000000000000000000000000000000000000000000000000000001100
000000000000000000000000000000000000000000111000000000000000000000000000000000000000000000000000000000000000000000000000000000000000000000000000001100
000000000000000000000000000000000000000000100100000000000000000000000000000000000000000000000000000000000000000000000000000000000000000000000000000000
000000000000000000000000000000000000000000000110001000000000000000000000000000000000000000000000000000000000000000000000000000000000000000000000000000
000000000000000000000000000000000000000000000110110000000011000000000000000000000000100000000000000000000000000000000000000000000000000000000000000000
000000000000000000000000000000000000000000000001100000000000000000000000000000000001010000000000000000000000000000000000000000000000000110000000000000
000000000011000001100000000000000000000000000000000000000000011100000000000000000001010000000000000000000000000000000000000000000000000110000000000000
000000000011000001100000000000000000000000000000000000000000010010000000000000000000100000000000000000000000000000000000000000000000000000000000000000
000000000000000000000000000000000000000000000000000010010100000010000000000000000000000000000000000000000000000000000000000000000000000000000000000000
000000000000000000000000000000000000000000000000000001100011001000000000000000000000000000000000000000000000010000000000000000000000000000000000000000
000000000000000000000000000000000000000000000000000001000001011100000000000000000000000000000000000000000000101000000000000000000000000000000000000000
000000000000000000000000000000000000000000000000000001111000101000000000000000000000000000000000000000000001001000000000000000000000000000001100000000
000000000000000000000000000000000000000000000000000001101000011000000000000000000000000000000000000000000000110000000000011000000000000000010010000000
000000000000000000000000000000000000000000000000000011000011000000000000000000000000000000000000000000000000000000000000011000000000000000010100000000
000000000000000000000000000000000000000000000000000001010100000000000000000000000000000000000000000000000000000000000000000000000000000000001000000000
000000000000000000000000000000000000000000000000000000000000000000000000000000000000000000000000000000000000000000000000000000000000000000000000000000
000000000000000000000000000000000000000000000000000000000000000000000000000000000000000000000000000000000000000000000000000000000000000000000000000000
000000000000000000000000000000000000000000000000000000000000000000000000011000000000000000000000000000000000000000000000000000000000000000000000000000
000000000000000000000000000000000000001100000000011000011100000000000000111100000000000000000000000000000000000000000000000000000000000000000000000000
000000000000000000001100000000000000001100000000011000010000000000000000101010000000000000000000000000000000000000000000000000000000000000000000000000
000000000000000000001100000000000000000000000000000000001100000000000000000000000000000000000000000000000000000000000000000000011000000011000000000000
000000000000000000000000000000000000000000000000000000000000000000000000001100000000000000000000000000000000000000000000000000100100000100100000000000
000000000000000000000000000000000000000000000000000000000000000000000000001000000000000000000000000000000000000000000000000000011000000011000000000000
000000000000000000000000000000000000000000000000000000000000000000000000000000000000000000000000000000000000000000000000000000000000000000000000000000
000000000000000000000000000000000000000000000000000000000000000000000000000000000000000000000000000000000000000000000000000000000000100000000000000000
000000000000000000000000000000000000000000000000000000000000000000000000000000000000000000000000110000000000000000000000000000000001010000000000000000
000000000000000000000000000000000000000000000000000000000000000000001100000000000011100000000000110000000000000000000000000000000001010000000000000000
000000000000000000000000000000000000000000000000000000000000000000001100000000000000000000000000000000000000000000000000000000000000100000000000000000
000000000000000000001100011000000000000000000000000000000000000000000000000000000000000000000000000000000000000000000000000000000000000000000000000000
000000000000000000010010011000000000000000000000000000000000000000000000000000001000000000000000000000000000000000000000000000000000000000000000000000
000000000000000000010100000000000000000000000000100000000000000000000000000000010100000000000000000000000000000000000000000000000000000000000000000000
000000000000000000001000000000000000000000000001010000000000000000000000000000010100000000000000000000000000000000000000000000000000000000000000000000
000000000000000000000000000000000000000000000001010000000000000000000000000000001000000000000000000000000000000000000000000000000000000000000000000000
000000000000000000000000000000000000000000000000100000000000000000000000000000000000000000000000000000000000000000000000000000000000000000000000001110
