00000000000000000000000000000000000000000000000000
00000000000000000000000000000000000000000000000000
00000111000000000000000000000000000000100000000000
00000000000000000000000000000000000001010000000000
00000000000000000000000000000000000000110000000000
00000000000000000000000000000010000000000000000000
00000000000000000000000000000101100000000000000000
00000000000000000011000000000000000000000000000000
00000000000000000101000000000000000000000000000000
00000000000000000010000000000010000000000000000000
00000000000000000000000000110010000000000000000000
11100000000000000000000001010110000000000000000000
00000000000000000000000000100010110000000000000000
00001000000000000000001111100111011100000000000010
00001000000000000000001001100000001100000000000010
00001000000000000000001001000000000000000000000010
00000000000000000000000000000000000000000000000000
11100000000000000000000110000000000000000000000000
00000000000000000000000000000000000000000000000000
00000000000000000000000000000000000000000000000000
00000000000001100000000000000000000000000000000000
00001000000001100000000000000000000000000000000000
00110110000000000000110000000000000000000000000000
00001000000000000000110000000000000000000000000000
00000000000000000000000001100000000000000000000000
00100000000000000000000001100000001100000000000000
01010000000000000000000000000000001100000000000000
01011000000000000000000000000000000000000000011000
00011000000000000000000000000000000000000000010100
00011000000000000000000000000000000000000000001100
01111000000000000000000000000000000000000000000000
00001100000000000000000000000000000000001000000000
01100010000000000000000010000000000000010100000000
01101000100000000000000101000000000000001100000000
00000000001000000000000100000000000000000000000000
00000010000100000000001000110000000000000000001010
00000000000000000000000100110000000000000000000100
00001100000010000000000100000000000000000000000000
00000000100000000000000000110000000000000000000000
00001001010100000001000000110000000000000000000000
00001001011000000010100100000000001100000000000000
00000100110000000010100010100000001100000000000000
00000110110000000001000000100000000000000000000000
00000011100000000000000000000000000000000000000000
00000000000000000000000000000000000000000000000000
00010000000000000000000000000000000000000000000000
00101000000000000000110000000000000000000000000000
00101000000000000000110000001110000000000000000000
00010000000000000000000000000000000000000000000000
00000000000000000000000000000000000000000000000000
