000000000000000000000000010000000000000000000000000000000000000000000000000000000000000000000000000000000000000000000000000000000000001000010000000000
000000000000000000000000000000000000000000000110000000000000000000000000000000000000000000000000001000000000000000000000000000000000001000000000000000
000000000000000000000000000000000000000000000110000000000000000000000000000000000000000000000000001000000000000000000000000000000000001000000000000000
000000000000000000000000000000000000000000000000000000000000000000000000000000000000000000000000001000000000000000000011000000010000000000000000000000
000000000000000000000000000000000000000000000000000000000000000000000000000000000000000000000000000000000000000000000100100000010000000000000000000000
000000000000000000000000000000000000000000000000000000000000000000000000000000000000000000000000000000000000000000000010100000010000000000000000000000
000000000110000000000000000000000000000000000000000000000000000001100000000000000000000000000000000000000000000000000001000000000000000000000000000000
000000001001000000000000000000110000000000000000000000000000000001100000000000000000000000000000000000000000000000000000000000000000000000000000000000
000000001001000000000000000000110000000000000000000000000000000000000000000000000000000000000000000000000000000000000000000000000000000000000000000000
000000000110000000000000000000000000110000000000000000000000000000000000000000000000000000000000000000000000000000000000000000000000000000000000000000
000000000000000000000000000000000000110000000000011000000000000000000000000000000000000000000000000000000000000000000000000000000000000000000000000000
000000000000000000000000000000000000000000000000011000000000000000000000000000000000000000000000000000000000000000000000000000100000000000000000000000
000000000000000000000000000000000000000000000000000000000000000000000000000000000000000000000000000000000010000000000000000000100000000000000000000000
000000000000000000000000000000000000000000000000000000000000000000000000000000000000000000000001000000000111000000000000000000100000000000000000000000
000000000000000000000000000000000000000100000000000000000000000000000000000000000000000000000010100000000101100001100000000000000000000000000000000000
000000000000000000000000000000000000001010000000000000000000000000000000000000000000000000000010100000001100000001100000000000000000000000000000000000
000000000000000000000000000000000000001010000000000000000000000000000000000000000000000000000001000000001100000000000000000000000000000000000000000000
000000000000000000000000000000000000000100000000000000000000000000000000000000000000000000000000000000001100000000000000000000000000000000000000000000
000000000000000000000000000000000000000000000000000000000000000000000000000000000000000000110000000000000000100000000000000000000000000000000000000000
000000000000000000000000000000000011000000011000000000000000000000001000000000000000000001001000000000000001100000000000000000000000000000000000000000
000000000000000000000000000000000100100000100100000000000000000000010100000000000000000000110000000000000101000000000000000000000000000000000000000000
000000000000000011000000000000000011000000011000000000000000000000001000000000000000000000000000000000001001000000000011100000000000000000000000000000
000000000000000011000000000000000000000000000000000000000000000000000000000000000000000000000000000000000110000000000000000000000000000000000000000000
000000000000000000000000000000000000000100000000000000000000000000000000000001000000000000000000000000000000000000000000000000000110000000000000000000
000000000000000000000000000000000000001010000000000000000000000000000000000010100000000000000000000000000000000000000000000000001001000000000000000000
000000000000000000000000000000000000001010000000000000000000000000000000000010010000000000000000000000000000000000000000000000001010000001000000000000
000000000000000000000000000000000000000100000000000000000000000000000000000001100000000000000000000000000000000000000000000000000100000001000000000000
000000000000000000000000000000000000000000000000000000000000000000000000000000000000000000000000000000000000000000000000000000000000000001000000000000
000000000000000000000000000000000000000000000000000000000000000011000000000000000000000000000000000000000000000000000000000110000000011000000000000100
000010000000000000000000000000000000000000000000000000000000000011000000000000000000000000000000000000000000000000000000000110000000100100011100001100
000101000000000000000000000000000000000000000000000000000000000000000000000000000000000000000000000000000000000000100000000000000001100000000000010110
000100100000000000000000000000000000000000000000000100000000000000000000000000000000000000000000000000000000000110100000000000000000010000000000000000
100011000000000000000000000000000111000000000000000100000000000000000000000000000000000000000000000000000000000100001100000000000000110001100000000011
000000000000000000000000000000000000000000000000000100000000000000000000000000000000000000000000000000000000000001000100000000000000110001100000000011
000000000000000000000000000000000000000000000000000000011000000000000000000000000000000000000000000000000001100000010001000000000010011000000001101010
000000000000000000000000000000000000000000000000000000100100000000000000000000000000000000000000000000001010100010000001000000000011011000000001100100
000000000000000000000000000000000000011000000000000000011000000000000000000000000000000000000000000000001111000000000100100000000011001000000001110000
000000000000000000000000000000000000011000000000000000000000000000000000000000000000000000000000000000000111101100011001110000000001000000000000000000
000000000000000000000000000000000000000000000000000000000000000000000000000000001000000000000000000000000001010000011000000000000001000100000000000000
000000000110000000000000000000000000000000000000000000000000000000000000000000010010000000000000000000000001010000010000000000000000101000000001100000
000000001001000000000000000000000000000000000000000000000000000000000000000000010010000000000000000000001000000000011010000000000011000000000001100000
110000000110000000000000000000000000000000000000000000000000000000000000000000000100001010000000000000010100000000000000000000000011010000000000000001
001000000000000000000000000000000000000000000000000110000000000000000000000000000000000000000000000000100100000000100001000000000000011000000000000001
001000000000000000000000000000000000000000000000001001000000000000000000000000000000000000011000000000011000000000100000000000000000111000000000000010
110000000000000000000000000000000000000000000000001010000000000000000000000000000000010010100100000000000000000000011100000010000010001000000000000011
100000000000000000000000000000000000000000000000000100000000000000000000000000000000010100100100000000000000000000000010000011001000001000000000000000
000000000000000000000000000000000000000000000000000000000000000000000000000000000000000000100100000000000000001110000101001001001000000000100000000000
100010000000000000000000000000000000000001100000000000000000000000000000000001000000000001100000000000000000000000000101011010000000000001110000000000
100110000000000000000000000000000000000001100000000000000000000000000000000001000000000000110000000000000000000000000000011000000000000010101000000001
100010000000000000000000000000000000000000000000000000000000000000000000000001000000000000000000000000000000000000000000000001100000000010101100000100
100000000000000000000000000000000001110000000000000000000000000000000000000000000000000000000000000000000000000000000000000000000000001101110110001101
100000000000110000000000000000000000000000000000000000000000000000000000000000000000000000000110000000000001100000000000101000000000010110101010000000
100000000000110000000000000000000000000000000000000000000000000001100000000000000000000000000110000000000001100000000000111000000000110100000110110111
100000000000000000000000000000000000000000000000000000000000000001100110000000000000000000000000000000000000000000000000010000000000011010001010111001
000000001110000000000000000000000000000000000000000000000000011000000110000000000000000000000000000000000000000000000000000000100000001110001011111000
100000000000000000000000000000000000000000000000000000000000011000000000000000000000000000000000000000000000000000000000000001010000000000000111000001
100000000000000000000000000011000000000000000000000000000000000000000000000000000000000000000000000000000000001110000000010001100000000000000000000101
000000000000000000000000000100100000000000000000000000000000000000000000000001100000000000000000000000000111111011000101101000000000000000000000000010
000000000000000110000000000011000000000000000000000000000000000000000000000010010000000000110000000000011011110111001110000000000000000000000000000000
000000000000000110000000000000000000000000000000000000000000000000000000000001010000000001001000000000000010000000010100001000000000000000000000000000
000000000000000000000000000000000000000000000000000000000000000000000000000000100000000011001100000000010011000000110100000000000000000000000000000000
000000000000000000000000000000000000000000000000000000000000000000000000000000000000000010011001100000001110000010111000100000011100000000000000000000
000000000000000000000000000000000000000000000000000000000000000000000000000000000000000011011000100000000000000111000000000000100010001100000000000000
000000000000000000000000000000000000000000000000000000000000000000000000000000000000000011110010100000000000001110000000000000100001001100000000000000
000000000000001000000000000000000000000000000000000000000000000000000000000000000111000000100011001000000000000100000000000000011001000000000000000000
000000000000010100000000000000000000000000000000000000000000000000000000000000000000000011000000001000000000000000000000000000000110000000000000000000
000000000000010100000000000000000000000000000000000000000000000000000000000000000000010000000000000000000000000000000000000000000000000000000000011000
000000000000001000000000000000000000000000000000000000000000000000000000000000000000010000000000010000000000000000000000000000000000000000000000011000
000000000000000000000000000000000000000000000000000000000000100000000000000000000000001000000000100100110000000000000000000000000000000000000000000000
000000000000000000000000000000000000000000000000000000000001010000000000000000000000001100000000011000000000000000000000000001100000000000000000000001
000000000000000001100000000000000000000000000000000000000001100000000000000000000000001110001110000000010100000000000000000001100000000000000000000001
000000000110000010010000000000000000000000000000000000000000000000000000000000000000110001001110000001111100000000000000000000000000000000000000011100
000000001010000001100000000000000000000000000000000000000000000000011000000000000001100110001001000011110100000000000000000000000000000000000000011000
000000001010000000000000000000000000110000000000000000000000000000011000000000000000100000100110110110111000000000000000000000000000001110000000000001
100000000100000000000000000000000000110000000000000000000000000000000000000000000000011000010010110001011000000000000000000000000000001110000000000011
100000010110000000000000000000010100000000000000000000000000000000000000000000000000000000011000000000010000000000000000000000000000010000000000000011
000000001100000000000000000001111010000000000000000000000000000000000000000000000000000011110000000000000000000000000000000000000000010110000000000000
000000001000000000000000000011001001000000000000000000000000000000000000000000000000000000000000000000000000000000000000000000000000010000000000000000
000000000000000000000000000010000000000000000000000000000000000000000000000000000000000000000000000000000000000000000000000000000000000000000000000000
000000000000000000000000000100001100000000000000000000000000000000000000000000000000000000000100000000000000000000011000000000000000000000100000000000
000000000000000000000000000000000000000000000000000000000000000000000000000000000000000000001000000000000000000001100010000000000000000000100000000000
000000000000000000000000000110000000010000000000000000000000000000000000000000000100000000001110011000000000011000000010000000000000000000000000000000
000000000000000000000000000010001110111000000001000000000000011100000000000000000100000000000000011000000000011010000010000000000000001100000000000000
000000000000000000000000000000001101000000000001000000110000000000000000000000000100000000000000011000110110000001000100000000000000001100000000000000
000000000000000000000000000000010111011000000001000001001000000001000000000000000000000000000000000000100010000000111000000110000000000000000000000000
000000000000000000000000110000010000110000000000000000110000000001000000000000000000000000000000000000011100000000000000000101000000000000000000000000
000000000000000000000001001000001000010000000000000000000000000001000000000000000000000000000000000000001000000000000000000010000000000011000000000000
001100000000000000000001101100001001011011000000000000000000000000000000000000000000000000000000001100000000000000000000000000000000000011000000000000
001010000000000000000000001000000011110011000000000000000000011100000000000000000000000000000000010010000000000000111000000000000000000000000000000000
000101000000000000000000110000000000000000000000000000000000000000000000000000000000000000000000011100000000000001101100000000000000000000000000000000
000010000000000000000000000000000000000000000000000000000000000000000000000000000000000000000000001100000000000001101010000000000000000000000001100000
000000000000000000000000000000000000000000000000000000000000000000000000000000000000000000000000000000000000000000100010000000000000000000000010010000
000000000000000000000000000000000000000000011000000000000000000000000000000000000000000000000110000000000000000000100100000000000000000000000010100000
000000000010000000000000000000000000000000011000000000000000000000000000000000000000000000000110000000000000000000011100000000000000000000000001000000
000000000010000000000000000000000000000000000000000000000000000000000000000000000000000000000000000000000000000000000000000000000000000000000000000000
000000000010000000000000000000000000000000000000000000000000000000000000000000000000000000000000000000000000000000000000000000000000000000000000000010
000000000000000000000000000000000000000000000000000000000000100000000000000000000000000000000000000000000000000000000000000000000000000000000000000101
000000000000000000000000000000000000000000000000000000000001010000000000000000000000000000000000000000000000000000000000000000000000000000000000000101
000000000000000000000000000000001110000000000000000000000001010000000000000000000000000000000000000000000000000000000000000000000000000000000000000010
000000000000000000000000000000000000000000000000000000000000100000000000000000000000000000001101100000000000000000000000000000000000000000000000000000
001100000010000000000000000000000000100000000000000000000000000000000000000000000000000000000100000101100000000000000000000000000000000000000001100000
010010000101000000000000000000000000100000000000000000000000000000000000000000000000000000000010000101000000000000000000000000000000000001000010010000
001100000100100000000110000000000000100000000000000000000000000000000000000000000000000000010010000010000000000000000000000000000000000010100001100000
000000000011000000000110000110000000000000000010000000000000000000000000000000000000000000101001001110010000000000000000000000000000000001100000000000
000000000000000000000000000110000000000000000001000000000000000000000000110000000000000001000100110001101000000000000000000000000000000000000000000010
000000000000000000000000000000000000000000000111000000000000000000000001010000000000000000101000000010000000000000000000000000000000001100000000000101
000000000000000000000000000000000000000000000000000000000000000000000001100000000000000000010000000001110001100000000000000000000000010100000000000101
000000000000000000000000000000000000000000000000000000000000000000000000000000000000000000000000000001110001100000000000000000000000001000000000000010
000000000000000000000000000000000000000000000000000000000000000000000000000000000000000000000000000000000000000000000000000000000000000000000000000000
000000000100000000000000000000000000000000000000000000000000000001110000000000000000000000000001100000000000000000000000000000000000000000000000000000
000000001010000000000000000000000000000000000000000000000000000001110000000000000000000000000001100001100000000000000000000000000000000000000000000000
000000001010000000000000000000000000000000000000000000000000000011011000000000000000000000000000000010100000000000000000000000000000000000000000000000
000000000100000000000000001100000000000000000000000000000000000001110000000000000000000000000000000010100000000000000000000000000000000111000000000000
000000000000000000000000001100000000000000000000000000000000000001110000000000000000000000000000000001000000000000000000000000000000000000000000000000
000000000000000000000000000000000000000000000000000000000000000001001000000000000000000000000000000100000000000000000000000000000000000000000000000000
000000000000000000000000000000000000000000000000000000110000000001100100000000000000000000000000000101100000000000000000000000000000000000000000000000
000000000001000000000000000000000011100000000000000000110000000101100100000000000000000000001000000000001000000000000000000000000000000000000000001100
000000000001000000000000000000000000000000000000000000000000000111000100000000000000000000011000001100001000000000000000000000000000000000000000001100
000000000001000000000000000000000000001000000000000000000000000100000000000000000000000000001001001000011000000000000000000000000000000000000000000000
000000000000000000000000000000011000001000000000000000000000000000000000000000000000000110000000111011000000000000000000000000000000000000000000000000
000000000000000110000000000000011000001000000000000000000000000000000000000000000000001001000000100000000000000000000000000000000000000000000000000000
000000000000001001000000000000000000000000000000000000000000000100000000000000000000000110000000000000000000000000000000000000000000000110000000000000
000000000000000110000000000000000011100000110000000000000000001010000000000000000000000000010000000000000000000000000000000000000000000110000000000000
000000000000000000000001100110000000000000110000000000000000001010000000000000000000000000101000000000000000000000000000000000000000000000000000000000
000000000000000000000001100110011000000000000000000000000000000100000000000000000000000001010000000000000000000000000000000000000000000000000000000000
000000000011000000000000000000011000001100000000000000000000000000000000000000000000000001100000000000000000010000000000000000000000000000000000000000
000000000101000000000000000000000000010010000000000000000000000000000000000000000000000000000000000000000000101000000000000000000000000000000000000000
000110000010000000000000000000000000001100000000000000000000000000000001100000000000000000000000000000000001001000000000000000000000000000001100000000
000110000000000000000000000000000000000000000000000000000000000000000010010000000000000000000000011000000000110000000000011000000000000000010010000000
000000000000000000000000000000000000000000000000000000000000000000000001100000000000000000000000100100000000000000000000011000000000000000010100000000
000000000000000000000000000000000000000000000000000000000100000000000000000000000000000000000000011000000000000000000000000000000000000000001000000000
000000000000000000000000000000000000000000000000000000001010000000000000000000000000000000000000000000000000000000000000000000000000000000000000000000
000000000000000000000000001100000000000000000000000000001010000000000000000000000000000000000000000000000000000000000000000000000000000000000000000000
000000000000000000000000001100000000000000000000000000000100000000000000000000000000000000000000000000000000000000000000000000000000000000000000000000
000000000000000000000111000000000000000000000000000000000000000000000000000000000000000000000000000000000000000000000000000000000000000000000000000000
000000000000000000000000000000000000000000000000000011000000011000000000000000000000000000000000000000000000000000000000000000000000000000000000000000
000000000000000000010000010000000000000000000000000100100000100100000000000000000000000000000000000000000000000000000000000000011000000011000000000000
000000000000000000010000010000000000000000000000000011000000011000000000000000000000000000000000000000000000000000000000000000100100000100100000000000
000000000000000000010000010000000000000000000000000000000000000000000000000000000000000000000000000000000000000000000000000000011000000011000000000000
000000000000000000000000000000000000000000000000000000000100000000000000000000000000000000000000000000000000000000000000000000000000000000000000000000
000000000000000000000000000000000000000000000000000000001010000000000000000000000000000000000000000000000000000000000000000000000000100000000000000000
000000000000000000000000000000000000000000000000000000001010000000000000000000000000000000000000110000000000000000000000000000000001010000000000000000
000000000000011100000000000000000000000000000000000000000100000000000000000000000000000000000000110000000000000000000000000000000001010000000000000000
000000000000000000000000000000000000000000000000000000000000000000000000000000000000000000000000000000000000000000000000000000000000100000000000000000
000000000001000001000000000000000000000001000000000000000000000000000000000000000000000000000000000000000000000000000000000000000000000000000000000000
000000000010100010100000000000000000000010100000000000000000000000000000000000000000000000000000000000000000000000000000000000000000000000000000000000
000000000010100010100000000000000000000010100000000000000000000000000000000000001100000000000000000000000000000000000000000000000000000000000000000000
000000000001000001000000000000000000000001000000000000000000000000000000000000001100000000000000000000000000000000000000000000000000000000010000000000
000000000000000000000000010000000000000000000000000000000000000000000000000000000000000000000000000000000000000000000000000000000000000000101000000000
000000000000000000000000010000000000000000000000000000000000000000000000000000000000000000000000000000000000000000000000000000000000000000101000000000
