000000000000000000000110000000000000000000000000000000000000000000000000000000000000000000000000000000000000000000000000000000000000001000010000000000
000000000000000000001001000000000000000000000000000000000000000000000000000000000000000000000000001000000000000000000000000000000000001000000000000000
000000000000000000000110000000000000000000000000000000000000000000000000000000000000000000000000001000000000000000000000000000000000001000000000000000
000000000000000000000000000000000000000000000000000000000000000000000000000000000000000000000000001000000000000000000011000000010000000000000000000000
000000000000000000000000000000000000000000000000000000000000000000000000000000000000000000000000000000000000000000000100100000010000000000000000000000
000000000000000000000000000000000000000000000000000000000000000000000000000000000000000000000000000000000000000000000010100000010000000000000000000000
000000000110000000000000000000000000000000000000000000000000000001100000000000111000000000000000000000000000000000000001000000000000000000000000000000
000000001001000000000000000000000000000000000000000000000000000001100000000000101000000000000000000000000000000000000000000000000000000000000000000000
000000001001000000000000000000000000000000000000000000000000000000000000000000011100000000000000000000000000000000000000000000000000000000000000000000
000000000110000000000000000000000000000000000000000000000000000000000000000000001000000000000000000000000000000000000000000000000000000000000000000000
000000000000000000000000000000000000000000000000000000000000000000000000000000001000000000000000000000000000000000000000000000000000000000000000000000
000000000000000000000000000000000000000000000000000000010000000000000000000000000000000000000000000000000000000000000000000000000000000000000000000000
000000000000000000000000000000000000000000000000000000010000000000000000000000000000000000000000000000000000000000000000000000000000000000000000000000
000000000000000000000000000000000000000000000000000000010000000000000000000000000000000000000001000000000000000000000000000000000000000000000000000000
000000000000000000000000000000000000000000000000000000000000000000000000000000000000000000000010100000000000000000000000000000000000000001100000000000
000000000110000000000000000000000001100000000000000000000000000000000000000000000000000000000010100000000000000000100000000000000000000010010000000000
000000000110000000000000000000000001100000000000000000000000000000000000000000000000000000000001000000000000000001010000000000000000000001100000000000
000000000000000000000000000000000000000000000000000000000000000000000000000000000000000000000000000000000000000000100000000000000000000000000000000000
000000000000000000000000000000000000000000000000000000000000000000000000000000000000000000110000000000000000000000000000000000000000000000000000000000
000000000000000000000000000000000000000000000000000000000000000000001000000000000000000001001000000000000000000000000000000000000000000000000000000000
000000000010000000000000000000000000000000000000000000000000000000010100000000000000000000110000000000000000000000000000000000000000000000000000000000
000001100101000011000000000000000000000000000000000000000000000000001000000000000000000000000000000000000000000000000000000000000000000000000000000000
000001100101000011000000000000001000000000000000000000000000000000000000000000000000000000000001000000000000000000000000000011000000000000000000000000
000000000010000000000000000000001000000000000000000000000000000000000000000001000000000000000010100000000000000000000000000011000000000000000000000000
000000000000000000000000000000001000000000000000000000000010000000000000000010100000000000000010100000000000000000000000000000000000000000000000001000
000000000000000000000000000000000000000000000000000000000101000000000000000010010000000000000001000000000000000000000000000000000000000000000000011100
000000000000000000000000000000000000000000000000000000000100100000000000000001100000000000000000000000000000000000000100000000000000000000000000110010
000000000000000000000000000000000000000000000000000000000011000000000000000000000000000000000000000000000000000000001010000000000000000000000000101011
000000000000000000000000000000000000000000000000000000000000000000000000000000000000000000000000000000000000000000001001000000000000000000000000100000
010000000000000000000000000000000000000000000000000000000000000000000000000000000000000000000000000000000000000000000110000000000000000000000000100000
010000000000000000000000000000000000000000000000001000000000000000000000000000000000000000000000000000000000000000000011000000000000000000000000010000
000000100000000000000000000000000000000000000000010100000000000000000000000000000000000000000000000000000000000000001011000000000000000000000000001000
110001010000000000000000000000000111000000000000001100000000000000000000000000000000000000000000000000000000000000001001000000000000000000000000000001
110000000000000000000000000000000000000000000000000111100000000000000000000000000000000011000000000000000000000000001110000000000000000000000000000111
000001001000000000000000000000000000000000000000000011110000000000000000000000000000000011000000000000001100000000000000000000000000000000000000000000
000000101000000000000000000000000000000000000000000100011000000000000000000000000000000000000000000000001100000000000000000000000000000000000000000000
000001101100000000000000000000000000011000000000000011110000000000000000000000000000000000000000000000000000000000000000000000000000000000000000000000
000011001000000000000000000000000000011000000000000001111100000000000000000000000000000000000000000000000000000000000000000000000000000000000000000000
000011010000000000000000011000000000000000000000100000000010000000000000000000000000000000000000000000000000000000000000000000000000000000000000000000
000000100000000000000000010100000000000000000000101100001001000001100000000000000000000000000000000000000000000000000000000000000000000000000000000000
000000000000000000000000110100000000000000000001000000000010010000101000000000000000000000000000000000000000000000000000000000000000000000000000000000
000000000000000000000000110011000000000000000000100100001010001000000000000001000000000000000000000000000000000000000000000000000000000000000000000000
000000000000000000000000111011000000000000000000000100010001010000011000000001000000000000000000000000000000000000000000000000000000000000000000000000
000000000000000000000001100111000000000000000000100010010000000000000000000001000000000010000000000000000000000000000000000000000000000000000000000000
000000000000000000000001110000000000000000000001000000011000000000000000000000000000000101000000000000000000000000000000000000000000000000000000000000
000000000000000000000000110000000000000000000001000000100000000000000000011100011100000011000000000000000000000000000000000000000000000000000000000000
000000000000000000000000110110000000000000000000000111000000000000000000000000000000000000000000000001000000000000000000000000000000000000000000000000
000000000000000000000000010100000000000000000110010000000000000000000000000001000000000000000110000010100000000000000000000000000000000000000000000000
000000000000001000000000001000000000000000000010000000000000000000000000000001000000000000000110000010100000000000000000000001000000000000000000000000
000000000000001000000000000000000001110000000110000000000000000000000000000001000000000000000000000001000000000000000000000010100000000000000000000000
000000000000001000000000000000110101111100000000000000000000000000000000000000000000000000000000000000000000000000000000000010010000000000000000000000
000000000000000000000000000000110111010100000000000000000000000000000000000000000000000000000000110000000000000000000000000000100000000000000000000000
000000000000000000000000000000110110010110000000000000000000000000000000000000000000000000000001001000000000000000000000011100000000000000000000000000
000000000000000000000000000000000000110100000000001100000000000000000000000000000000000000000000110000000000000000000100010001100000000000000000000000
000000000000000000000000000000000000110000000000001100000000000000000000000000000000000000000000000000000000000000001010000100100000000000000000000000
110000010000000000000000000000000000110000000000000000000000000000000000000000000000000000000000000001000000000000000100001101100000000000000000000000
110000101000000000000000000000000000001000000000000000000000000000000000000000000000000000000000000010100000000000000000010000000000000000000000000000
000000011000000000000000000000000000000000000000000000000000000000011100000001100000000000000000000010100000000000000001010000000000000000000000000100
000000000000000000000000000000000000000000000000000000000000000000000000000010010000000000000000000001000000000000000001001100000000001100000000001010
000000000000000000000000000000000000000000000000000000000000000000000000000001010000000000000000000000000000000000001111010110000000001100000000001001
000000001100000000000000000000000000000000000000000000000000000000000000000000100000000000000000000000000000000000001100100001000000000000000000000110
000000001010000000000000000000000000000000000000000000000000000000000000000000000000000000000000000000000110000000000000000010000000000000000000000000
000000000100000000000000000000000000000000000000000000000011000000000000000000000000000000000000000000000110000000000000000000000000000000000000000000
000000000000000000000000000000000000000000000000000000000011000000000000000000000000000000000000000000000000000000000000000100000000000000000000000000
000000000000000000000000000000000000000000000000000000000000000000000000000000000000000000000000000000000000000000000000011000000000000000000000000000
000000000000000000000000000000000001110000000000000000000000000000000000000000000000000000000000000000000110000000000000000000000000000000000000000000
000000000000000000000000000000000010000001100000000000000000000000000000000000000000000100000000000000000110000000000000000000000000000000000000000000
000000000000000000000000000000000010010001100000000000000000000000000000000000000000001010000000001000000000000000000000000000000000000000000000000000
000000000010000000000000000000000001100000000000000000000000000000000000000000000000000100000000010100000000000000000000000000000000000000000000000000
000000000101000000000000000000000001100000000000000011000000000000000000000000000000000000000000010010000000000000000000000000000000000000000000000000
000000000101000000000000000000000010010000000000000011000000000000000000000000000000000000000000001100000000000000000000000000000000000000000000000000
000000000010000000000000000000000000010000000000000000000000000000000000001100000000000000000000000000000010000000000000000000000000110000000000000000
000000000000000000000000000000000011000000000000000000011000000000000000001010000000000000000000000000000010000000000000000000000001001000000000000000
000000000000000000000000000000000000000000000000000000011000001000000000000110000000000000000000000000000010000000000000000000000001001000000000000000
000000000000000000000000000000000000000000000000000000000000011100000000000000000000000000000000000000000000000000000000000000000000110000000000001100
000000000000000000000000000000000000000000000000000000000000110011000000000000000000000000000000000000000000000000000000010000000000000000000000010010
000000000000000000000000000000000000000000000000000000000000011110110000000000000000000000000000000000000000000000000000101000000000000000000000001100
000000000000000000000000000000000000000000000000000000000000001111001000000000000000000000000000000000000000000000000000101000001100000000000000000000
000000000000000100000000000000011100000000000000000000000000000000110000000000000000000000000000000000000110000000000000010000010100000000000000000000
000000000000001110000000000000110010000000000000000000000000000000000000000000000000000000000000000000000110000000000000000000001000000000000000000000
000001000000011111000000000001100001000000000000000000000000000000000000000000000000001100000000000000000000000000000000000000000000000000000000000000
000001100000110001100000000001100010000000000000000000000000000000000000000000000000001100000000000000000000000000000000000000000000000000000000000000
000000000001110001110000000001110110000000000000000000000000100000000000000000000000000000000000000000000000000000000000000000000000000000000000000000
000000110000110001100000000001111110000000000000000000000001010000000000011000000000000000000000000000000000000000000000000000000000000000000000000000
000100000000011111000000000000100110000000000000000000000001001000000000011000000000000000000000000000000000000000000000000000000000000000000000000000
010010000000001110000000000000111110000000000000000000000000110000000000000000000000000000000000000000000000000000000000000000000000000000000000000000
100001000000000100000000000000100010000000000000000000000000000000000000000000000000000000000000000000000000000000000000000000000000000000000000000000
000000000000000000000000000001000100000000000000000000000000000000000000000001100000110000000000000000000000000000000000000000000001000000000000000000
000010000000000001000000000000100100000000000000000000000000000000000000000001100001001000000000000000000000000000000000000000000001000000000000000000
000000000000000010100000001000010000000000000000000000000000000000000000000000000000110000000000000000000000000000000000000000000001000000000000000110
000100000000000000000000110110000000000000000000000000000000000000000000000000000000000000000000000000000000000000000000000000000000000000001100000110
001000000000000010010000110110000000000000000000000010000000000000000000000000000000000000000000000000000000000000000000000000000000000000001100001000
100000000000000010010000010100000000000000000000000101000000000000000000000000000000000000000000000000000000000000000000000000000000000000000000000110
000111000000000011000000100001000000000000000000000101000000000000000000000000000000000000000000000001100000000000000000000000000000000000000000000111
001001000000000001010000101101000000000000000000000010000000000110110000000000000000000000000000000001100000000000000000000000000000110000000000000000
010001000000000001001000100001000000000000000000000000000000000010010011000000000000000000000000000000000000000000000000000000000000110000000000000000
010010000000000000110000001010000000000000000000000000000100000001010000110000000000000000000000000000000000000000000000000000000000000000000000000000
110110000000000000100000011011000000000000000000000000001010000000100000010000000000000000000000000000000000000000000000000000000000000000000000000000
000000000000000000011100011011000000000000000000000000001010000001011111100000000000000000000000000000000000000000000000000000000000000000000000000000
000000000000010000011000000100000000001110000000001100000100000000100000100000000000000000000000000000000000000000000000000000000000000000000000000000
000000000001101100000000000110000000000000000000010010000000000000000111000000000000000000000000000000000000000000000000000000000000000000000000000000
000000000000100100000000011000100000000000000000001010000000000000010000100000000000000000000000000000000000000000000000000000000000000000000000000000
000000000000011000000000101000100000000000000000000000011100000000011100100000000000000000000000000000000000000000001000000000000000000000000000000000
000000000000000000000001100000000000000000000000000100100010000000001001000000000110000000000000000000000000000000010100000000000000000000000000000000
000000000000000000110000110000000000000000100000000011010010000000010000000000000110000000000000000000000000000000100100000000000000000000000000000000
000000000000000011010010000000000000000000110000000010000010000000000010000110000000000000000000000000000000000000011000000000000000001100000000000000
000000000000001101010010000011000000000000100000000001000100000000010000000111000000110000000000000000000000000000000000000000000000010100000000000000
000010000000000001000001001000000000000100101000000000001000000000001000100010000000110000000000000000000000000000000000000000000000001000000000000000
001101000000000000000000111000000000001110111000000000110000000000000100000010100000000000000000000000000000000000000000000000000000000000000000000000
001101000000010000000000000000000000001000100100000000000000000000000000100001000010000000000000000000000000000000000000000000000000000000000000000000
000110000000010000001100000000100000000000001100000000001000000000000000000001000001000000000000000000000000000000000000000000000000000000000000000000
000000000000001001111100000000100000000001100000000000010110000000000000001000000001100000000000000000000000000000000000000000000000000000000000000000
000000000000000110000000000000100000000001100000000000010100100000000000011001001101110000000000000000000000000000000000000000000000000111000000001100
000000000000000000000000000000000000000001110000000000001110100000000000100101100100100000000000000000000000000000000000000000000000000000000000001100
000000000000000000000000000000000000000001100000000000000000000000000000111101100011000000000000000000000000000000000000000000000000000000000000000000
000000000000000000000000000000000000000000000000000000000000000000000000101000100000000000000000000000000000000000000000000000000000000000000000000000
000000000000000000000000000000000000000000000000000000000000000000000001000000000000000000000000000000000000000000000000000000000000000000000000001100
000000000000000000000000000000000000000000000000000000000000000000000001000100000000000000000000000000000000000000000000000000000000000000000000001100
000000000000000000000000000000000000010000000000000000000000000000000001010000000101000000000000000000000000000000000000000000000000000000000000000000
000000000000000000000000000000000000110000000000000000000000000000000001100000011101100000000000000000000000000000000000000000000000000000000000000000
000000000000000000000000000000000000010000011000000000000000000000000000100001001100111000000000000000000000000000000000000000000000000000000000000000
000000000000000000000000000000000000000000011000000000000000000000000000110110111000111000000000000000000000000000000000000000000000000110000000000000
000000000011000001100000000000000000000010000000000000000000000000000000001000000001011000000000000000000000000000000000000000000000000110000000000000
000000000011000001100000000000000000000010000000000000000000000000000000000000000001100000000000000000000000000000000000000000000000000000000000000000
000000000000000000000000000000000000000010000000000000000000000000000000010000000001000000000000000000000000000000000000000000000000000000000000000000
000000000000000000000000000000000000000000000000000000000000000000000001100000000000000000000000000000000000010000000000000000000000000000000000000000
000000000000000000000000000000000000000000000000000000000000000111000000110000000000000000000000000000000000101000000000000000000000000000000000000000
000000000000000000000000000000000001100000000000000000000000000000000000000000000000000000000000000000000001001000000000000000000000000000001100000000
000000000000000000000000000000000001100000000000000000000000000000000000000000000000000000000000000000000000110000000000011000000000000000010010000000
000000000000000000000000000000000000000000000000000000000000000000000000000000000000000000000000000000000000000000000000011000000000000000010100000000
000000000000000000000000000000000000000000000000000000001000000000000000000000000000000000000000000000000000000000000000000000000000000000001000000000
000000000000000000000000000000000011000000000000000000010100000000000000000000000000000000000000000000000000000000000000000000000000000000000000000000
000000000000000000000000000000000011000000000000000000010100000000000000000000000000000000000000000000000000000000000000000000000000000000000000000000
000000000000000000000000000000000000000000000000000000001000000000000000100000000000000000000000000000000000000000000000000000000000000000000000000000
000000000000000000000000000000000000000000000000000000000000000000000001010000000000000000000000000000000000000000000000000000000000000000000000000000
000000000000000000001100000000000000000000000000000000000000000000000001010000000000000000000000000000000000000000000000000000000000000000000000000000
000000000000000000001100000000000000000000000000000000000000000000000000100000000000000000000000000000000000000000000000000000011000000011000000000000
000000000000000000000000000000000000000000000000000000000000000000000000000000000000000000000000000000000000000000000000000000100100000100100000000000
000000000000000000000000000000110000000000000000000000000000000000000000000000000000000000000000000000000000000000000000000000011000000011000000000000
000000000000000000000000000001100000000000000000000000000000000000000000000011000000000000000000000000000000000000000000000000000000000000000000000000
000000000000000000000000000000010000000000000000000000000000000000000000000100100000000000000000000000000000000000000000000000000000100000000000000000
000000000000000000000000000000000000000000000000000000000000000000000000001101100000000000000000110000000000000000000000000000000001010000000000000000
000000000000000000000000000000000000000000000000000000000000000000000000011001000000000000000000110000000000000000000000000000000001010000000000000000
000000000000000000000000000000000000000000000000000000000000000000000010001100000000000000000000000000000000000000000000000000000000100000000000000000
000000000000000000001100011000000000000000000000000000000000000000000010010000000000000000000000000000000000000000000000000000000000000000000000000000
000000000000000000010010011000000000000000000000000000000000000000000110100000000000000000000000000000000000000000000000000000000000000000000000000000
000000000000000000010100000000000000000000000000100000000000000000000011000000000000000000000000000000000000000000000000000000000000000000000000000000
000000000000000000001000000000000000000000000001010000000000000000000001111100000000000000000000000000000000000000000000000000000000000000010000000000
000000000000000000000000000000000000000000000001010000000000000000000000111000000000000000000000000000000000000000000000000000000000000000101000000000
000000000000000000000000000000000000000000000000100000000000000000000000010000000000000000000000000000000000000000000000000000000000000000101000000000
