00000000010010000000000000010111100000000000000000
00000000100000000000000000101100000000000000000000
00000000100010000000000000000000000000000000000000
00000000000100000000000000000100000000000000000000
00000110110000110000000000100000000100000000000000
00000000010000110000000000011100001010000000001100
00000000011100000000000000011111111110000000001100
00000000011110000000000000000111111100000000000000
00000110000110000000000000000011110000000000000000
00000010001101110000000000000000000000000000000000
00000010001000110000000000000000000000000000100011
00000001001000000000000000000000000000000001000001
10000000100000000000000000000001110000000010100000
10000000000000000000000000000110010000000100100000
00000000000000000000000000000011100000000010110000
00000000000000000000000000000001000000000011011011
00000000000000000000000000000000000000000000101000
00000000000000000000000001000000000000000000101000
00000000000000000011100010100000000000000000111000
00000000000000000011110010100000000000000000000000
00000000000000000110011001000000000000000000000000
00000000000000000011010000000000000000000000000000
00000000000000000011100000000000000000000000010000
00000000000000000001000000000000000000000000101000
00000000000000000000000000000000000000000000011000
00000000000000000000000000000000000000000000000000
00000000000000000000011000000000000000000000000000
00000000000000000000100100000000000000000000000000
00000000000000000000100100000000000000000000000000
00000000000000000000011000000000000000000000000000
00000000000000000000000000000000000000000000000000
00000000000000000000000000000000000000000000000000
00000000000000000000000000000000000000000000000000
00000000000000000000000000000000000000000000000000
00000000000000000000000000000000000000000000000000
00000000000000000000000000000000000000000000000000
00000000000000000000000000000000000000000000000000
00000000000000000000000000000000000000000000000000
00000000000000000000000000000000000000000000000000
00000000000000000000000000000000000000000000000000
00000000000000000000100000000000000000000000000000
00000000000000000000100000000000000010000000000011
10000000000000000000100000000010000010000000000100
00000000000000000000000000000101000010000000000011
00000000000000000000000000000101000000000000000000
00000000000000000000000000000010000000000000000000
00000000000000000000000000000000000000000000000000
00000000000000000000000000000000000000000011100000
00000000000000000000000000000011000000000010000000
00000000000000000000000000010100000000000001000000
