010010000000000000001100000000
001100000000000000001001110000
000000000000001100000011110000
000000000000010010000010000000
000000000000001000000000000000
000000000000001000000000000000
010100000000000100100000000000
000100000000000001000000000000
100100001110000000000000000000
011000001110000000000000000001
100000001100000000010000000000
000000000000000000011100000000
000000011000000000000010000000
100000000000000000111010000011
100000000000000000101100000011
100011000000000000110000001101
000111000000000001011000001110
111000000000000011000000001110
110000000000000010010000000011
100000000000000011000000000011
000000000000000000000000000001
000000000000000000000000000000
000000000000000000000000000000
000000000000000000001000000000
010000000000000000011100000000
101100000000000000011100000001
101100000000000011000000000001
111000000000000001110000101000
001000000000000000111000001000
010100000000000000110010101000
