000000000000000000000000000000000001110000000000000000000000000000000000000000000000000000000000000000000000000000000000000000000000000000010000000000
000000000000000000000000000000000010011000000000000000000000000000000000000000000000000000000000000000000000000000000000000000000000011100000000000000
000000000000000000000000000000000100011000001000000000000000000000000000000000000000000000000000011100000000000000000000000000000000000000000000000000
000000000000000000000000000000000010110100011000000000000000000000000000000000000000000000000000000000000000000000000011000000000000000000000000000000
000000000000000000000000000000000001000100000000000000000000000000000000000000000000000000000000000000000000000000000100100000111000000000000000000000
000000000000000000000000000000000000000000000000001000000000000000000000000000000000000000000000000000000000000000000010100000000000000000000000000000
000000000110000000000000000000000000000000000000011100000000000001100000000000000000000000000000000000000000000000000001000000000000000000000000000000
000000001001000000000000000000000000000000000000110110000000000001100000000000000000000000000000000000000000000000000000000000000000000000000000000000
000000001001000000000000000000000000000000011000011100000000000000000000000000000000000000000000000000000000000000000000000000000000000000000000000000
000000000110000000000000000000000000000010000000001000000000000000000000000000000000000000000000000000000000000000000000000000000000000000000000000000
000000000000000000000000000000000000000100000110000000000000000000000000000000000000000000000000000000000000000000000000000000000000000000000000000000
000000000000000000000000000000000000000100000000000000000000000000000000000000000000000000000000000000000000000000000000000000000000000000000000000000
000000000000000000000000000000000000000111001001000000000000000000000000000000000000000000000000000000000000000000000000000001110000000000000000000000
000000000000000000000000000000000000000000000000000000000000000000000000000000000000000000000001000000000000000000000000000000000000000000000000000000
000000000000000000000000000000000000000000001010000000000000000000000000000000000000000000000010100000000000000001100000000000000000000000000000000000
000000000110000000000000000000000001100000001100000000000000000000000000000000000000000000000010100000000000000001100000000000000000000000000000000000
000000000110000000000000000000000001100000000000000000000000000000000000000000000000000000000001000000000000000000000000000000000000000000000000000000
000000000000000000000000000000000000000000000000000000000000000000000000000000000000000000000000000000000000000000000000000000000000000000000000000000
000000000000000000000000000000000000000000000000000000000000000000000000000000000000000000110000000000000000000000000000000010000000000000000000000000
000000000000000000000000000000000000000000000000000000000000000000001000000000000000000001001000000000000000000000000000000010000000000000000000000000
000000000010000000000000000000000000000000000000000000000000000000010100000000000000000000110000000000000000000110000000000010000000000000000000000000
000000000101000011000000000000000000000000000000000000000000000000001000000000000000000000000000000000000000000110000000000000000000000000000000000000
000000000101000011000000000000000000000000000000000000000000000000000000000000000000000000000001000000000000000000000000000000000000000000000000000000
000000000010000000000000000000011100000000000000000000000000000000000000000001000000000000000010100000000000000000000000000000000001100000000000000000
000000000000000000000000000000000000000000000000000000000000000000000000000010100000000000000010100000000000000001000000000000000001100000000000000000
000000000000000000000000000000000000000000000000000000000000000000000000000010010000000000000001000000000000000001000000000000000000000000000000000000
000000000000000000000000000000000000000000000000000000000000000000000000000001100000000000000000000000000000000001000000000000000000001110000000000000
000000000000000000000000000000000000000000000000000000000000000000000000000000000000000000000000000000000000000000000000010001000000000000000000000000
000000000000000000000000000000000000000000000000000000000000000011000000000000000000000000000000000000000000000000000000001111000001100000000000000000
000000000000000000000000000000000000000000000000000000000000000011000000000000000000000000000000000000000000000000000110010111000010010000000000000000
000000000000000000000000000000000000000000000000000000000000000000000000000000000000000000000000000000000000000000000000001011000001010000000000000000
000000110000000000000000000000000010000000000000000000000000000000000000000000000000000000000000000000000000000000000000100010100000100000000000000000
000000110000000000000000000000000010000000000000001110000000000000000000000000000000000000000000000000000000000001100011100010000000000000000000000000
000000000000000000000000000000000010000000000000000000000000000000000000000000000000000011000000000000000000000001100011100001000000000000000000000000
000000000000000000000000000000000000000000000000000000011000000000000000000000000000000011000000000000000000000000000010100000000001100000000000000011
000000000000000000000000000000000000000000000000000000100100000000000000000000000000000000000000000000000000000000000000001100000001100000000000000011
000000000000000000000000000000000000011000000000000000011000000000000000000000000000000000000000000000000000000000000100001100000110000000000000000000
000000000000000000000000000000000000011000000000000000000000000000000000000000000000000000000000000000000000000000011000001100000110000000000000000000
000000000000000000000000000000000000000000000000000000000000000000000000000000000000000000000000000000000000000000011111111100000000000000000000000000
000000000000000000000000000000000000000000000000000000000000000000000000000000011100000000000000000000000000000000000000001100000000000000000000000000
000000001100000000000000000000000000000000000000000000000000000000000000000000001110000000000000000000000000000000000000001100000000000000000000000000
000000011100000000000000000000000000000000000000000000000000000000000000000000000000000000000000000000000000000000000000000000000000000000000000000000
000000011000000000000000000000000000000000000000000110000000000000000000000000000000000000000000000000000000000000000000000000000000000000000000000000
000000010000000000000000000000000000000000000000001001000000000000000000000000000000000010000000000000000000000000000000000000000000000000000000000000
000000010100000000000000000000000000000000000000001010000000000000000000000000000000000101000000000000000000000000000000100000000000000000000000000000
000000010100000000000001100000000000000000000000000100000000000000000000000000000000000011000000000000000000000000000000100000000000000000000000000000
000000001100000000000010010000000000000000000000000000000000000000000000000000000000000000000000000001000000000000000000010000000000000000000000000000
000010000110000000000001100000000000000001100000000000000000000000000000000000000000000000000110000010100000000000000000000000000000000000000100000000
000000001000100000000000000000000000000001100000000000000000000000000000000011100000000000000110000010100000000000000000000000000000000000001010000000
000000011010000001100000000000000000000000000000000000000000000000000000000000000000000000000000000001000000000000000000000000000000000000010001000000
000000011010110001100000000000000000000000000000000000000000000000000000000000000000000000000000000000000000000000000000001101100000000000100011000000
010010011000100100000000000000000000000000000000000000000000000000000000000000000000000000000000110000000000000000000000000000000000000000100001110000
001100000100000010000000000000000000000000000000000000000000000001100000000000000000000000000001001000000000000000000000000000100000000100100100101000
000000100000010000001100000000000000000000000000000000000000000001100110000000000000000000000000110000000000000000000000001000000000001110010110001000
000010010000000001000000000000000000000000000000000000000000011000000110000000000000000000000000000000000000000000000000000000000000001001001000000000
000000000000001100000001000000000000000000000000000000000000011000000000000000000000000000000000000001000000000000000001011000100000000111000011001000
011000011000001110000001000000000000000000000000000000000000000000000000000000000000000000000000000010100000000000000011001000110000000010000000100000
011011100000000100011000100000000000000000000000000000000000000000000000000001100000000000000000000010100000000000000110000011100000000000000000001000
001001000000010110011000100000000000000000000000000000000000000000000000000010010000000000000000000001000000000000000011100001000000000000000000001000
110010100000011000000100000000000000000000000000000000000000000000000000000001010000000000000000000000000000000000000000100000000000000000000000000000
000100000000000000000001000110000000000000000000000000000000000000000000000000100000000000000000000000000000000000000000000000000000000000000000001000
110010100000000000000000000111000000000000000100000000000000011000000000000000000000000000000000000000000110000000000000000000000000000000000000011001
010000000110000000000000010000000000000000001000000000000000011000000000000000000000000000000000000000000110000110000100011000000000000000000000001111
101000001101000000000000000001110000000000001100000000000000000000000010100000000000000000000000000000000000000110001010011000000000000000000000000000
110100000010000000000000000000000000110000000001010000000000000000000111000000000000000000000000000000000000000000000100000000000000000000000000000000
110100000000000000000000000000000001100000000000100000000000000000001001000000000000000000000000000000000000000000000000011000000000000000000000000000
100010000000000000000000000000000000100000000000000000000000000000000111000000000000000100000000000000000000000000000000011000000000000000000000011001
000100000000000000000000000000000001000100000000000000000000000000000111000000000000001010000000001000000000000000000000000000000000000000000000001101
000000000000000000000000000000001110111100000000000000000000110000001110000000000000000100000000010100000000000000000000000000000000000000000000000110
000000000000000000000000000000000101000010000000000000111001001000001000000000000000000000000000010010000000000000000000000000000000000000000000000000
000000000000000000000000000000000010000111000000000000000000110000000000000000000000000000000000001100000000000000000000000000001110000000000000000000
000000000000000000000000000000000000011011000000000000000000000000000000001100000000000000000000000000000000000000000000000000000000000000000000000000
000000000000000000000000000000000000000100000000000000000000000000000000001010000000000000000000000000000111000011100000000000000000000000000000000000
000000000000000000000000000000000000000000000000000000000000000000000000000110000000000000000000000000000000000100010000000000000000000000000000000000
000000000000000000000000000010000000000000000000000000000000000000000000000000000000000000000000000000000000000100010000000011100000000000000000000000
000000000000000000000000000010000000000000000000000000000000000000000000000000000000000000000000000000000000011011101100000000000000000000000000000000
000000000000000000000000000010000000000000000000000000000000000000000000000000000000000000000000000000000000101000001010000000000000000000001000000000
000000000000000000000000000000000000000000111000000000000000000000000000000000000000000000000000000000000000100000000010000000000000000000010010000000
000000000001100000000000000000000000000000001000000000110000000000000000000000000000000000000000000000000000101000010110000000000000000000011011100000
000000000011100000000000000000000010000000000000000000110000000000000000111000000000000000000000000000000000011000011000000000000000000000010011100000
000000000101010000000000000000000001011000110000000000110000000000000000100100000000000000000000000000000000001100000000000000000000000000000010110000
000000000000010000000000000000000001001110100000110000101000000000000000000010000000000000000000000000000000001100000000000000000000000000110000110000
000000001001100000000000000000000011000100000000110000101000000000000000100100000000000000000000000000000000010010000000000000000000000001100000110000
000000000001100000000000000000000000011000000000000000111000001100000000111000000000000000000000000000000000001100000000000000000000000000101110000000
000000110000000000000000000000000010110000000000000000000000001100011000000000000000000000000000000000000000000000000000000000000000001010000011000000
000000110100000000000000000000000010000000000000000000000000000000111000000000000000000000000000000000000000000000000000000000000000001000101110000000
010000001000000000000000000010000000000000000000000000000000000000000000000000000000000000000000000000000000000000000000000000000000001010000011000000
101000000000000000000000000011000000000000000000000000000000000001000000000000000000000000000000000000000000000000000000000000000000000000101110000000
101000000000000000000000000000010000000010100000000000000000000011000000000000111001000000000000000000000000000000000000000000000011100001100000110000
010000000000000011000000000001010000000010010110000000000000000000000000000001110001100000000000000000000000000000000000000000000000000000110000110000
000000000000000100100000000000000000000010000010000000000000000000000000000101111000000000000000000000000000000000000000000000000000000000000010110000
000000000000000011000000000000000000000001110001000000000000000000000000001000100000000000000000000000000000000000000000000000000000000000010011100000
000000000000000000000110001000001000000000110110000000000000000000000000000111100000000000000000000000000000000000000000000000000000000000011011100000
000000000000000000000110001000001000000000000110000000000000000000000000000011000000000000000000000001100000000000000000000000000000000000010010000000
000000000111000000000000001000001000000000001000000010000000000000000000000000000000000000000000000001100000000000000000000000000000110000001000000000
000000000000000000000000000000000000000000000000000101000000000000000000000000000000000000000000000000000000000000000000000000000000110000000000000000
000000000000000000000000000011100000000000000000000101000000000000000000000000000000000000000000000000000000000000000000000000000000000000000000000000
000000000000000000000000000000000000000000000000000010000000000000000000000000000000000000000000000000000000000000000000000000000000000000000000000000
000000000000000000000000000000000000000000000000000000000000000000000001000000000000000000000000000000000000000000000000000000000000000000000000000000
000000000000000000000000000000000000001100000000000000000000000000000011111100000000000000000000000000000000000000000000000000000000000000000000000000
000000000010000000000000000000000000001100000000000000000000000000000100111110000000000000000000000000000000000000000000000000000000000000000000000000
000000000101000000000000000000000000000000000000000000000000000000000011000001000000000000000000000000000000000000000000000000000000000000000000000000
000000000100100000000110000000000000000000000000000000000000000000000001111110000000000000000000000000000000000000001000000000000000000000000000000000
000000000011000000000110000110000000000000000000000000000000000000000000111100000011100000000000000000000000000000010100000000000000000000000000000000
000000000000000000000000000110000000000000000000000000000000000000000000000000000000000000000000000000000000000000100100000000000000000000000000000000
000000000000000000000000000000000000000000000000000000000000000000000000000000000001000000000000000000000000000000011000000000000000001100000000000000
000000000000000000000000000000000000000000000000000000000000000000000000000000001001000000000000000000000000000000000000000000000000010100000000000000
000000000000000000000000000000000000000000000000000000000000000000000000000000000010000000000000000000000000000000000000000000000000001000000000000000
000000000000000000000000000000000000000000000000000000000000000000000000000000000000000110000000000000000000000000000000000000000000000000000000000000
000000000100000000000000000000000000000000000000000000000000000110000000000000000000000000000000000000000000000000000000000000000000000000000000000000
000000001010000000000000000000000000000000000000000000000000000101000000000011000000000010000000000000000000000000000000000000000000000000000000000000
000000001010000000000000000000000000001100000000000000000000001100010000000000000110000100011000000000000000000000000000000000000000000010000000000000
000000000100000000000000001100000000001100000000000000000000001100001000000010000111101000100100000000000000000000000000000000000000000010000000000000
000000000000000000000000001100000000000000000000000000000000010000110000000001110110000000011000000000000000000000000000000000000000000010000000000000
000000000000000000000000000000000000000000000000000000000000001110000000000000000000000000000000000000000000000000000000000000000000000000000000000000
000000000000000000000000000000000001000000000000000000000000000100000000000000000000000000000000000000000000000000000000000000000000000000000000000000
000000000000000000000000000000000001000000000000000000000100000000000000000110000000000000000000000000000000000000000000000000000000000000000000001100
000000000011100000000000000000000001000000000000000000001110000000000000000110000000000000000000000000000000000000000000000000000000000000000000001100
000000000000000000000000000000000000000000000000000000010010000000000000000000000000000000000000000000000000000000000000000000000000000000000000000000
000000000000000000000000000000011000011100000000000000111001100000000000000000000000000000000000000000000000000000000000000000000000000000000000000000
000000000000000110000000000000011000000000000000000000011001100000000000000000000000000000000000000000000000000000000000000000000000000000000000000000
000000000000001001000000000000000001000000000000000000000001100000000000000000000000000000000000000000000000000000000000000000000000000110000000000000
000000000000000110000000000000000001000000110000000000000000000000000000000000000000000000000000000000000000000000000000000000000000000110000000000000
000000000000000000000001100110000001000000110000000000000000000100000000000000000000000000000000000000000000000000000000000000000000000000000000000000
000000000000000000000001100110011000000000000000000000000000001110000000000000000000000000000000000000000000000000000000000000000000000000000000000000
000000000011000000000000000000011000001100000000000000000000011011000000000000000000000000000000000000000000010000000000000000000000000000000000000000
000000000101000000000000000000000000010010000000000000000000001110000000000000000000000000000000000000000000101000000000000000000000000000000000000000
000110000010000000000000000000000000001100000000000000000000000100000011000000000000000000000000000000000001001000000000000000000000000000001100000000
000110000000000000000000000000000000000000000000000000000000000000000100100000000000000000000000000000000000110000000000011000000000000000010010000000
000000000000000000000000000000000000000000000000000000000000000000000011000000000000000000000000000000000000000000000000011000000000000000010100000000
000000000000000000000000000000000000000000000000000000000000000000000000000000000000000000000000000000000000000000000000000000000000000000001000000000
000000000000000000000000000000000000000000000000000000000000000000000000000000000000000000000000000000000000000000000000000000000000000000000000000000
000000000000000000000000001100000000000000000000000000000000000000000000000000000000000000000000000000000000000000000000000000000000000000000000000000
000000000000000000000010001100000000000000000000000000000000001000000000000000000000000000000000000000000000000000000000000000000000000000000000000000
000000000000000000000010000000000000000000000000000000000000010100000000000000000000000000000000000000000000000000000000000000000000000000000000000000
000000000000000000000010000000000000000000000000000000000000010100000000000000000000000000000000000000000000000000000000000000000000000000000000000000
000000000000000000000000000000000000000000000000000000000000001000000000000000000000000000000000000000000000000000000000000000011000000011000000000000
000000000000000000111000111000000000000000000000000000000000000000000000000000000000000000000000000000000000000000000000000000100100000100100000000000
000000000000000000000000000000000000000000000000000000000000000000000000000000000000000000000000000000000000000000000000000000011000000011000000000000
000000000000000000000000000000000000000000000000000000000000000000000000000000000000000000000000000000000000000000000000000000000000000000000000000000
000000000000000000000000000000000000000000000000000000000000000000000000000000000000000000000000000000000000000000000000000000000000100000000000000000
000000000000001000000000000000000000000000000000000000000000000000000000000000000000000000000000110000000000000000000000000000000001010000000000000000
000000000000001000000000000000000000000000011000000000000000000000000000000000000000000000000000110000000000000000000000000000000001010000000000000000
000000000000001000000000000000000000000000100100000000000000000000000000000000000000000000000000000000000000000000000000000000000000100000000000000000
000000000001000001000000000000000000000000011000000000000000000000000000000000000000000000000000000000000000000000000000000000000000000000000000000000
000000000010100010100000000000000000000000000000000000000000000000000000000000000000000000000000000000000000000000000000000000000000000000000000000000
000000000010100010100000000000000000000000000000000000000000000000000000000000001100000000000000000000000000000000000000000000000000000000000000000000
000000000001000001000000000000000000000000000000000000000000000000000000000000001100000000000000000000000000000000000000000000000000000000010000000000
000000000000000000000000000000000000000000000000000000000000000000000000000000000000000000000000000000000000000000000000000000000000000000101000000000
000000000000000000000000111000000000000000000000000000000000000000000000000000000000000000000000000000000000000000000000000000000000000000101000000000
