00000000000000000000000000000000000000000000000000
00000000000000000000000000000000000000000000000000
00000111000000000000000000000000000000100000000000
00000000000000000000000000000000000001010000000000
00000000000000000000000000000000000000110000000000
00000000000000000000000000000011000000000000000000
00000000000000000000000000000011000000000000000000
00000000000000000011000000000000000000000000000000
00000000000000000101000000000000000000000000000000
00000000000000000010000000010000000000000000000000
00000000000000000000000000100011000000000000000000
11100000000000000000000000000010100000000000000000
00000000000000000000001100000000100000000000000000
00001000000000000000010010010111010000000000000010
00001000000000000000011011100111001000000000000010
00001000000000000000001111000000000000000000000010
00000000000000000000000011000000000000000000000000
11100000000000000000000000000000000000000000000000
00000000000000000000000000000000000000000000000000
00000000000000000000000000000000000000000000000000
00001000000001100000000000000000000000000000000000
00010100000001100000000000000000000000000000000000
00100010000000000000110000000000000000000000000000
00010100000000000000110000000000000000000000000000
00011000000000000000000001100000000000000000000000
00110000000000000000000001100000001100000000000000
00110000000000000000000000000000001100000000000000
00001000000000000000000000000000000000000000011000
00000000000000000000000000000000000000000000010100
00000000000000000000000000000000000000000000001100
00001100000000000000000000000000000000000000000000
01101100000000000000000000000000000000001000000000
01001100000000000000000000000000000000010100000000
01010000000000000000001001000000000000001100000000
00100000000000000000000011110000000000000000000000
00000000000000000000010000000000000000000000000000
00000000000000000000001100110000000000000000000000
00001100000000000000000000000000000000000000000000
00000000100000000000000000110000000000000000000000
00000001000000000001000000001000000000000000000000
00001001100000000010100001010000001100000000000000
00000000000000000010100011000000001100000000000000
00000000000000000001000000000000000000000000000000
00000111100000000000000000000000000000000000000000
00000011100000000000000000000000000000000000000000
00010000000000000000000000000000000000000000000000
00101000000000000000110000000000000000000000000000
00101000000000000000110000001110000000000000000000
00010000000000000000000000000000000000000000000000
00000000000000000000000000000000000000000000000000
