000000000000000000000100000000000110000000000000000000000000000000000000000000000000010000000000000000000000000000000000000011001000010000000000000000
000000000000000000000100000000000000000000000000000000000000000000000000110000000100000000000000001000000000000000000000000010110000010000000000000000
000000000000000000000100000000000000000000000000000000000000000000000000110000000100000100000000001000000000000000000000000000000000100000000000000000
000000000000000000000000000000000000000000000000000000000000000000000000000000000001000010000000001000000000000000000000000000000001100011000000000000
000000000000000000000000000000000000000000000000000000000000000000000000000000000000110001000000000000000000000000000000000000000001110011000000000000
000000000000111000000000000000000000000000000011100000000000000000000000000000000000001110000000000000000000000000000000000000000001011000000000000000
000000000000000000000000000000000000000000000000000001110000000001100000000000000000000000000000000000000001100000000000000000000000110100000000000000
000000000000000000000000000000000000110000000000000000000000000001100000110000000000000000000000000000000001100000000000000000010000011100000000000000
000000000001000000000000000000000000110000000000000000000000000000000000110000000000000000000000000000000000000000000000000000000010000010000000000000
000000000000000010000000000000000000000000000000000000000000000000000000000000000000000000000000000000000000000000000000000000000100000110000000000011
000000000000100100000000000000000000000000000000000000000000000000000000000000000000000000000000000000000000000000000000000000000100000000000000000011
000000000000110100000000000000000000000000000000000000000000000000000000000000000000000000000000000000000000000000000000000000000000000000000000000000
000000000000001000000000000000000000000000000000000000000000000000000000110000000000000000000000110000000000000000000000000000000000000000000000000000
000000000000000000000000000000000000000000000000000000000000000000000000110000000000000000000000110000010000000000000000000000000000000000000000000000
000000000000000000000000000000000000000000000000000000000000000000000000000000000000000000000000000000111000000000000000000000000000000000000000000000
000000000000000000000000000000000000000000000000000000000000000000000000000000000000000000000000000000111100000000000000000000000000000000000000000000
110000000000000001000000000000000000000000000000000000000000000000000000000000000000000000000000000000000110000000000000000000000000000000000000000000
110000000000000010000000000000000000000000000000000000000000000000000001000000000000000000000000001000100011000000000000000000000000000000000000000000
000000000000000011100000000000000000000000000000000000000011000000000010100000000000000000000000001000100100100111000000000000000000000000000000000000
000000000100000000000000000000000000000000000000000000000011000000000001000000000000000000110000000100111000101001000000000000000000000011000000000000
000010000100000000000000000000000000000000000000000000000000000000000000000000000000000000000000000000000000010000100000000000000000000000000000000000
000010000100000000000000000000000000000000000000000000000000000000000000000000000000100000000000000000010000010000010000000000000000000011100000000000
000010000000000000000000000000000000000000001100000000000000000000000000000000000000100000000000000000010000111011100000000000000000000000100000000000
100000000000000000000000000000000000000000001100000000000000000000000000000000000000100000000000000000010000000001000000101000000100000011100000000000
110000000000000011100000000000000000000000000000000000000000000000000000000000000000000000000000000000000001000000000000000100010001000000000100000000
111000000000000000000000000000000000000000000000000000000000000000000000000000000000000011000000000000110000000000000001001000000001000000000101110000
000000000000000000000000000000000000000000000000000000000000000000000000000000000000110111000000000001000110000111100010000000100110100000010000001000
000000000000111000000000000000000000000000000000000000000000000000000000000000000000000000000000000001011000000111010100011000000111000011011000001000
000000000001101000000000000000000000000000000000000000000000000000000000000000000000000000000000000000110000000011000100000000100110010000101000011000
000011011010001000000000000000000000000000011000000000000000000000000011000000000000000000000000000000000000000000000010000000011100110000000101011000
011011011101100000000000000000011000000000011000000000000000000000000011000000000000000000000000000000000000000000000001101000000001100000000000100001
010100000101000000000000000000011000000000000000000000000000000000000000000000000000000000000000000010000000000000000000010000000000010111000000000001
010011000101010000000000000000000000000000000000000000000000000000000000000000000000000000001011000100010000000000000000000000000000000001000000000010
100110000000010000000000000000000000000000011110000000000000000000001100000000000000000000010011000000010000100000000000000010000000000101000000000001
100100000100110000000000000000000000000000100011100000000000000000010010010000000000000000000010000001001000100000000000000001100000000111000000000001
000011000111000000000000000000000000000011000010110000000000000000000010100000000000000000011100001000001100100000000000000000000000000100000000000000
000010000000000000000000000000000000000011010011100000000000000000000001001000000000000010000000001100101000000000000000000000011000010010000000110000
000100000000000000000000000000000000000011000001000110000000000000000000001010000000000101000000001000010000000000000000000000111100000010000001001000
001111000000000000000000000000000000000000111100000110000000000000000000010010000000000101000000001001100000000000000000000001000110110000101000110000
110001001110000000000000000000000000000000011000000000000000000000000001110110000000000010000000000000000000000000000000000000100011001001000100000000
000100011001000000000000000000000000000000000000000000000000000000000001000000000000000000000000000000000000000000000000000000001011000001000010000000
100010011010000000000000000000000000000000000000000000000000000000000000001010000000000000000010000000000000000000000011000100001001000000010100000000
011100011000000000000000000000000000000000000000000000000000000000000000111100000000000000000101000000000000000000000000101100010000000000000000000000
001000000000000000000000000000000000000000000000000000000000000000000000010010000000000000000011000000000000000000000000001000010010000000000000000000
111101110000000000000000000000000000000000000000000000000000000000000000000000000000000000000000000000000000000000000000000000100000000000000000000011
000001100000000000000000000000000000000000000000000000000000000000000000000110000000000000000000000000000000000011100000000000000000000000000000000011
101000100000000000000000000000000000000110000000000000000000000000000000000000000000000000000000000000000000000110110000000000000010000000000000000000
010000000000000000000000000000000000000110000000000000000000000000000000010100100000000000000110000000000000001010110000000000010001000000000000000000
000000000000001000000000000000000000000000000000000000000000000000000000111111110000000000000110000000000100001000100000000000000001000000000000000000
000000000000001000000000000000000000000000000000000000000000000000000001001001001000000000000000000000000110000100100000000000100001000000000000000000
000000000000001000000000000000000000000000000000000000000000000000100000010000100100000000000000000000000000000111000000000000100000000000000000000000
000000000000000000000000000000000000000000000000000000000000000001100000000000101100000000000000000000000010100000000000000001001000000000000000000000
000000000000000000000000000000000000000000000000000000000000000010010000000010101100000000000000000000001100100000000000000000110000000000000000000000
000000000000000000000000000000000000000000000000001100000000000001100000000011001000000000000000000000010100000000000000000000000000000000000000000000
000000000000000000000000000000000000000000000000001100000000000000100000001101110000000000000000000000010100000000000000000000000000000000000000000000
000000000001100000000000000000000000001000000000000000000000000000000000000000000000000000000000000001001000000000000000000000000000000000000000000000
000110000010010000000000000000000000011100000000000000000000000000000011000000000000000000000000000010000000000000000000000000000000000000000000000000
001001000001101000000000000000000000110110000000000000000000000110001101010000000000000000000000000010001000000000000000000000000000000000000000000000
000110000001101100000001100000000000010101000000000000000000000000000101011000110000000000000000000001000000000000000000000000000000000000000000000000
000000000000101000000001100000000000001010000000000000000000000000010100100001010000000000000000000000000000000000000000000000000000000000000000000000
000000000000010000000000000000000000000000000000000000000000000000010100000000100000000000000000000000000000000000000000000000000000000000000000000000
000000000000000001111100000000000000000000000000000000000000000000000101000000000000000001100000000000000000000000000000000000000000000000000000000000
000000000000000001100010000000000000000000000000000000000011000000000101110000000000000010010000000000000000000000000000000000110000000000000000000000
000000000000000000000010000000000000011100000000000000000011000010001100110000000000100001100000000000000000000000000000000000110000000000000000000000
000000000000000000010010000000000000001001000000000000000000000001101110000000000001010000000000000000000000000000000000000001000000000000000000000000
000000000000000000000000000000000000000110000000000000000000000000000110000000000000001000000000000000000000000000000000000000110000000000000000000000
000000000000000011010100100000000000000010000000000000000000000000001000000001000110010000110000000000000000000000000000000000110000000000000000000000
000000000000000000011000100000110000000000000000000000000000000000011000000110100100000000011000000000000000000000000000000000000000000000000000000000
000000000000000100000000000010100000000000000000000000000000000000011000000110010110000001110000000000000000000000000000000000000000000000000000000000
000000000000000100010000000010100000000000000000000011000000000000000000000010000001100001000000000000000000000000000000000000000000000000000000000000
000011000000000100010000000011000000000000000000000011000000001100000000000001000000000000000000000000000000000000000000000000000000000000000000000000
000010100000000010001000000000000000000000010000000000000000010010000000000001000000000000000000000000000000000000000000000000000000000000000000000000
000010100000000000101100000000000000000011100000000000011000001100000000000001011100011110001000000000000000011100000000000000000000000000000000000000
000000000010000000000000000000000000110100000000000000011000000000000000000000000000111110000100000000000000000000000000000000000000000000000000000000
000001000011000000010000000000000000100001000000000000000000000000000000000000000000000011110110000000000000000000000000000000000000000000000000000000
000000000000100000100000000000000000011100000000000000000000000000000000000000000000000000111111001000000000000000000000000000000000000000000000000000
000000100100110000100000000000000000000000000000000000000000000000000000000000000000001110101111100100000000000000000000000000000000000000000000001100
000000001001100000000000000000000000000000000000000000000000000000000000000000000010001111100110001000000000000000000000000000000000000000000000001100
000000000001000000000000000000000000000000000000000000000000000000000000000001110011000101100111100100000000000000000000000000000000000000000000000000
000000000000000000000000000000000000000000000000000000000000000000000000000000010111100000000000011000000000000000000000000000000000000000000000000000
000000011000000000000000000000000000000000000000000000000000000000000000000000011100010000000000000000000000000000000000000000000000000000000000000000
000001010000000000000000000000000000000000000000000000000000000000000000000000110001111110000000000000000000000000000000000000000000000000000000000000
000001100000000000000000000000000000000000000000000000000000000000000000000000111000010000000000000000000000000000010000000000000011000000000000000000
000000000000000000000000000000000000000000000000000000000000000000000000000000111001000001000000000000000000000000101000000000000011000000000110000000
000000000000000000000000000000000000000000000000000000000000000000000000000000000101110001001000000000000000000000110000000000000000000000001010000000
000000110000000000000000000000000000000000000000000000000000000000000000000000000000000000011100000000000000000000000000000000000000000000000100000000
000000110000000000000000000000000000000000000000000000000000000000000000000000000001010000010100000000000000000000000000000000000000000000000000000000
000000000011000000000000000000001100000000000000000000000000000111000000000000000010000110000101000000000000000000000000000000000001000000000000000000
000000000100100000000000000000010010000000000000000000000000000000000000000000000011100001000000000000000000000000000000000000000001000000000000000000
000000000010100000000000000000001100000000000000000000000000010000000000000000000101000000110001000000000000000000000000000000000001000000000000000000
000000000001000000000000000000000000010000000000000000000000010000000000000000001110000000110110000000000000000000000000000000000000000000001100000000
000000000000000000000000000000000000101000000000000000000000010000000000000000000010110000010000000000000000000100000000000000000000000000001100000000
000000000000000000000000110000000001000100000000000000000000000000000011000000000000100000001000000000000000000100000000000000000000000000000000000000
000000000000000000000000101000000000000100000000000000000000000111000011000000000000000000000010000000000000000100000000000000000000000000000000000000
000000000000000000000000010000000010000000000000000000000000000000000000000000000000000000000010000100000000000000000000000000000000110000000000000000
010000000000000000000000001000000100010000000000000000000000000000000000000000000000000011000010001010000000000000000000000000000000110000000000000000
101000000000000000000000001010000010100000000000000000000000000000110000000000000110110010001000001010000000000000000000000000000000000000000000000000
101000000000000000000000001010000001000000100000000000000000000000110000000000001000100000000000000100000000000000000000000000000000000000000000000000
010000000000000000000000001000000000000001000000000000000000000000000000000000000101000001100000000000000000000000000000000000000000000000000000000000
000000000000000000000000110000000000000010100000000000000110110000000000000000111000000101000000000000000000000000000000000000000000000000000000000000
000000010000000000000001001000011000000010000000000000000110110000000000000000000000000111000000000000000000000000000000000000000000000000000000000000
000000010000000000000010010000110100000011100000000000000000000000000000000001000000000101000000000000000000000000000000000000000000000000000000000000
000000010000000000000001000000010100000000000000000000000000000000011000000001001011000000000000000000000000000000001000000000000000000000000000000000
000000000000000000000000000000001000000000000000000000000000000000100100000000011101000000000000000000000000000000010100000000000000000000000000000000
000000000000000000000000000000000000000000000000000000000000000000011000000000000000000000000000000000000000000000100100000000000000000000000000000000
000000000000000000000000000000000000000000000000000000000000001100000000000001001110000000000000000000000000000000011000000000000000001100000000000000
000000000000000000000000000000000000000000000000000000000000000000000000000000111000000000000000000000000000000000000000000000000000010100000000000000
000000000000000000000000000000000000000000000000000000000000000000000000000000000000000000000000000000000000000000000000000000000000001000000000000000
000000000000000000000000000000000000000000000000000000001000000000111000000000000000000000000000000000000000000000000000000000000000000000000000000000
000000000000000000000000000000000000000000000000000000001000000011001000000000000010000000000000000000000000000000000000000000000000000000000000000000
000000000000000000000000000000000000000000000000000000011000001100001000000000000111000000000000000000000000000000000000000000000000000000000000000000
000000000000000000000000000000000000000000000000000000000000100000010000000000001100100000000000000000000000000000000000000000000000000000000000000000
000000000000000000000011011000000000000000110000000001100001001100010000000000000000110000000000000000000000000000000000000000000000000111000000001100
000000000000000000000110000000000000000001001000000000110001000000000000000000000001100000000000000000000000000000000000000000000000000000000000001100
000000000000000000011100000010000000000011101100000000110000100000000000000000000000000000000000000000000000000000000000000000000000000000000000000000
000000000000111000011001000010000000000001111100000000000000101000000010000000000000000000000000000000000000000000000000000000000000000000000000000000
000000000011000100000001100010000000000000111000000001101100011000000111000000000000000000000000000000000000000000000000000000000000000000000000001100
000000000000010110000001101010000000000000010000000000001100011000001011000000000000000000000000000000000000000000000000000000000000000000000000001100
000000000000001011000000011100000000000000000000011000000000000000000000010111000000000000000000000000000000000000000000000000000000000000000000000000
000000000000001000000000000000000000000000000000100100000000000000001100011000100000000000000000000000000000000000000000000000000000000000000000000000
000000000000010010000000000000000000000000000000011000000000000000000111000000000000100000000000000000000000000000000000000000000000000000000000000000
000000000000100000100100000000000000000000000000000000000000000000111010010000100001010000000000000000000000000000000000000000000000000110000000000000
000000000000100100100101100000000000000000000000000001000000000000100100001110000001010000000000000000000000000000000000000000000000000110000000000000
000000000000100001100100000000000000000000000000000010100000000000011110000000000000100000000000000000000000000000000000000000000000000000000000000000
000000000000000101101001100000000000000000000000000010100000000000010110000000000000000000000000000000000000000000000000000000000000000000000000000000
000000000001000001000001100000000000000000000000000001000000000000010110000000000000000000000000000000000000010000000000000000000000000000000000000000
000000000001001000110010000000000000000000000000000000000000000000100001100000000000000000000000000000000000101000000000000000000000000000000000000000
001110000000011000000000000000000000000000000000000000000000000000001100000000000000011000000000000000000001001000000000000000000000110000001100000000
000000000000111000000000000000000000000000000000000000000000000000000000000000000000100100000000000000000000110000000000011000000001001000010010000000
000000000000000000000000000000110000000000000000000000000000000000000000001010001000011000000000000000000000000000000000011000000000110000010100000000
000000000110110000000000000000011000000000000000000000000000000000000011000100111100000000000000000000000000000000000000000000000000110000001000000000
000011100101110000000000000000100000000000000000000000000000000000000011001000100010000000000000000000000000000000000000000000000000100000000000000000
000000001000010000000000000000000000000000000000000000000000000100000000000100111100000000000000000000000000000000000000000000000001010000000000000000
000000001011100000000000000000000000000000000000000000000000001010000000000100000000110000000000000000000000000000000000000000000001010000000000000000
000000011011000000000000000000000000001100000000011000000000001010000001110000000001110000000000000000000000000000000000000000000000100000000000000000
000000000000000000001100000000000000001100000000011000000000000100000001110000000001001000000000000000000000000000000000000000000000000000000000000001
000000000000000000001100000000000000000000000000000000011000000000000000100000000000001000000000000000000000000000000000000000011000000011000000011000
000000000000000000000000000000000000000000000000000000100100000000000000000000000001010000000000000000000000000000000000000000100100000100100000111000
000000000000000000000000000000000000000000000000000000011000000000000000000000000001000000000000000000000000000000000000000000011000000011000001001100
000000000000000000000000000000000000000000000000000000000000000000000000000000000000000000000000000000000000000000000000000000000000000000000000001000
000000000000000000000011000000000000000000000000000000000000000000000000000000000000000000000000000000000000000000000000000000000000100000000000011110
000000000000000000000010000000000000000000000000000000000000000000000000000011000000000000000000110000000000000000000000000000000001010000000000001001
100000000000000000000001100000000000000000000000000000000000000000000000000011000000000000000000110000000000000000000000000000000001010000000000000000
010000000000000000000000110000000000000000000000000000000000000000000000100000000000000000000000000000000000000000000000000000000000100000000000010000
010000000000000000000000011000000000000000000000000000000000000000000000100000000000000000000000000000000000000000000000000000111000000000000000000000
001000000000000000000011001100000000000000000000000000000000000000000000100000000000000000000000000000000000000000000000000001000000000000000000011000
010000000000000000000010001000000000000000000000100000000000000000000000000000000000000000000000000000000000000000000000000001001000000000000000000001
100000000000000000000001110000000000000000000001010000000000000000000000000000000000000000000000000000000000000000000000000001110000000000000000000000
000000000000000000000000100000000000000000000001010000000000000000000000000000000000000000000000000000000000000000000000000000000000000000000000000000
000000000000000000000000000000000110000000000000100000000000000000000000000000000000100000000000000000000000000000000000000001010000000000000000000000
