000000000000000000000000010000111000010000000000000000000000000000000000000000000000000000000000000000000000000000000000000000000000001000010000000000
000000000000000000000000000000000000001000000000000000000000000000000000000000000000000000000000001000000000000000000000000000000000001000000000000000
000000000000000000000000000000000001010000011000000000000000000000000000000000000000000000000000001000000000000000000000000000000000001000000000000000
000000000000000000000000000000000011000000011000000000000000000000000000000000000000000000000000001000000000000000000011000000010000000000000000000000
000000000000000000000000000000000001100000000000011100000000000000000000000000000000000000000000000000000000000000000100100000010000000000000000000000
000000000000000000000000000000000000000000000000000000000000000000000000000000000000000000000000000000000000000000000010100000010000000000000000000000
000000000110000000000000000000000000000000000001000001000000000001100000000000000000000000000000000000000000000000000001000000000000000000000000000000
000000001001000000000000000000000001000000000001000001000000000001100000000000000000000000000000000000000000000000000000000000000000000000000000000000
000000001001000000000000000000000110010100000001000001000000000000000000000000000000000000000000000000000000000000000000000000000000000000000000000000
000000000110000000000000000000000111000000000000000000000000000000000000000000000000000000000000000000000000000000000000000000000000000000000000000000
000000000000000000000000000000001010000100000000011100000000000000000000000000000000000000000000000000000000000000000000000000000000000000000000000000
000000000000000000000000000000000110100000000000000000000000000000000000000000000000000000000000000000000000000000000000000000100000000000000000000000
000000000000000000000000000000000001100000000000000000000000000000000000000000000000000000000000000000000000000000000000000000100000000000000000000000
000000000000000000000000000000000000000000000000000000000000000000000000000000000000000000000001000000000000000000000000000000100000000000000000000000
000000000000000000000000000000000000000000000000000000000000000000000000000000000000000000000010100000000000000001100000000000000000000000000000000000
000000000110000000000000000000000000000000000000000000000000000000000000000000000000000000000010100000000000000001100000000000000000000000000000000000
000000000110000000000000000000000000000000000000000000000000000000000000000000000000000000000001000000000000000000000000000000000000000000000000000000
000000000000000000000000000000000000000000000000000000000000000000000000000000000000000000000000000000000000000000000000000000000000000000000000000000
000000000000000000000000000000000000000000000000000000000000000000000000000000000000000000110000000000000000000000000000000000000000000000000000000000
000000000000000000000000000000000000000000000000000000000000000000001000000000000000000001001000000000000000000000000000000111000000000000000000000000
000000000010000000000000000000000000000000000000000000000000000000010100000000000000000000110000000000000000000110000000000000000000000000000000000000
000000000101000011000000000000000000000000000000000000000000000000001000000000000000000000000000000000000000000110000000000000000000000000000000000000
000000000101000011000000000000001000000000000000000000000000000000000000000000000000000000000001000000000000000000000000000000000000000000000000000000
000000000010000000000000000000001000000000000000000000000000000000000000000001000000000000000010100000000000000000000000000000000001100000000000000000
000000000000000000000000000000001000000000000000000000000000000000000000000010100000000000000010100000000000000000000000000000000001100000000000000000
000000000000000000000000000000000000000000000000000000000000000000000000000010010000000000000001000000000000000011100000000000000000000100000000000000
000000000000000000000000000000000000000000000000000000000000000000000000000001100000000000000000000000000000000000000000000000000000000100000000000000
000000000000000000000000000000000000000000000000000000000000000000000000000000000000000000000000000000000000000000000000000000000000000100000000000000
000000000000000000000000000000000000000000000000000000000000000011000000000000000000000000000000000000000000000000000000000000000001100000000000000000
000000000000000000000000000000000000000000000000000000000000000011000000000000000000000000000000000000000000000000000000000000000010010000000000000000
000000000000000000000000000000000000000000000000000000000000000000000000000000000000000000000000000000000000000000000000000000000001010000000000000000
000000110000000000000000000000000000000000000000000100000000000000000000000000000000000000000000000000000000000000000000000000000000100000000000000000
000000110000000000000000000000000111000000000000000100000000000000000000000000000000000000000000000000000000000001000000000000000000000000000000000000
000000000000000000000000000000000000000000000000000100000000000000000000000000000000000011000000000000000000000110110111000000000000000000000000000000
000000000000000000000000000000000000000000000000000000011000000000000000000000000000000011000000000000000000000000000001010110000001100000000000000011
000000000000000000000000000000000000000000000000000000100100000000000000000000000000000000000000000000000000011010001001110000000000100000000000000011
000000000000000000000000000000000000011000000000000000011000000000000000000000000000000000000000000000000000010011011000100001000100000000000000000000
000000000000000000000000000000000000011000000000000000000000000000000000000000000000000000000000000000000000010110100000001010000110000000000000000000
000000000001110000000000000000000000000000000000000000000000000000000000000000001000000000000000000000000000001100000000000000000000000000000000000000
000000000001110000000000000000000000000000000000000000000000000000000000000000010010000000000000000000000000000000000000000000000000000000000000000000
000000000000000000000000000000000000000000000000000000000000000000000000000000010010000000000000000000000000000000001000010000000000000000000000000000
000000000000000000000000000000000000000000000000000000000000000000000000000000000100000000000000000000000000000000001100111000000000000000000000000000
000000000000000000000000000000000000000000000000000110000000000000000000000000000000000000000000000000000000000000000111010100000000000000000000000000
000000000000000000000000000000000000000000000000001001000000000000000000000000000000000010000000000000000000000000000001010110000000000000000000000000
000000001100000000000000000000000000000000000000001010000000000000000000000000000000000101000000000000000000000000000001000100000000000000000000001000
000000001110000000000001100000000000000000000000000100000000000000000000000000000000000011000000000000000000000000000000101000000000000000000000010000
000000000001010100000010010000000000000000000000000000000000000000000000000000000000000000000000000001000000000000000000010000000000000000000000000000
000000000000101110000001100000000000000001100000000000000000000000000000000001000000000000000110000010100000000000000000000000000000000000100000000000
000000000000000001000000000000000000000001100000000000000000000000000000000001000000000000000110000010100000000000000000000000001110000000000000001000
000010001000010110000000000000000000000000000000000000000000000000000000000001000000000000000000000001000000000000000000000000010001000011100100011000
000101000011011000000000000000000000000000000000000000000000000000000000000000000000000000000000000000000000000000000000000000010000001000000111001100
000000100000100001000000000000000000000000000000000000000000000000000000000000000000000000000000110000000000000000000000000000000001110001101000001000
000101000000000011000000001000000000000000000000000000000000000001100000000000000000000000000001001000000000000000000010000000000100110000010110001011
000100000000000111000000010100000000000000000000000000000000000001100110000000000000000000000000110000000000000000000111000000000000010000100100000000
011000000000000000000000010100000000000000000000000000000000011000000110000000000000000000000000000000000000000000010101000000000000010000000000000000
010000000000000000000000001000000000000000000000000000000000011000000000000000000000000000000000000001000000000000000001100000000000000000100000100000
100000000110001110000000000000000000000000000000000000000000000000000000000000000000000000000000000010100000000000000000000000000000100001000000100011
000000011010110110001010000000110000000000000000000000000000000000000000000001100000000000000000000010100000000000000000000000000011000000000000101100
000000011010000000001001000001001000000000000000000000000000000000000000000010010000000000000000000001000000000000000000000000000001100000000000000000
000000000001100100001010000000110000000000000000000000000000000000000000000001010000000000000000000000000000000000000000000000000000000000000000000000
000000000001101000000000000000000000000000000000000000000000000000000000000000100000000000000000000000000000000000000000000000000000000000000000000000
000001000000000000000000001000000000000000000000000000000000011000000000000000000000000000000000000000000110000000000000000000000000000000000000000000
000010110000001000000000010100000000000000001100000000000000011000000000000000000000000000000000000000000110000110000100000000000000000000000000000000
000100001000110100000000010100000000000000001100000000000000000000000000000000000000000000000000000000000000000110001010000000000000000000000000000000
000100010101000100000000001000011000000000000000000000000000000000000000000000000000000000000000000000000001000000000100000000000000000000000000000000
000110001111110000000000000000100111000100000000000000000000000000000010000000000000000000000000000000000011000000000000011000000000000000000000000000
000000000111000000000000000000000011000100000000000000000000000000001100001000000000000100000000000000000010100000000000011000000000000000000000000000
000000000000000000000000000100100001000000000000000000000000000000000000000100000000001010000000001000000000000000000000000000000000000000000000000000
000000000000000000000000000111100010000000000000000000010000110000000000000110000000000100000000010100000000000000000000000000000000000000000000000000
000000000000000000000000001011000010000000000000000000010001001000000001111011100000000000000000010010000000000000000000000000000100000000000001000000
000000000000000000000000000111000010011000000000000000010000110000000000001111010000000000000000001100000000000000000010000000000100000000000100100000
000000000000000000000000000111010010000000000000000000000000000000000001000101010000000000000000000000000011000000000101000000000100000000000100100000
000000000000000000000000000011100000000000000000000000000000000000000001001000100000000000000000000000000100100000000101100000000000000000000100100000
000000000000000000000000000000100010000000000000000000000000000000000000101100000000000000000000000000000011000000000000100001000000000000000010110000
000000000000000000000000000001100001000110010000000000000000000000000000011011000000000000000000000000000000000000111000111001000000000001100000100000
000000000000000000000000000001101000101100001000000000000000000000000000001010000000000000000000000000000000000000000100100001000000000001100000000000
000000000000000000000000000001000000000001010000000000000000000000000000111000000000000000000000000000000000000000110110000000000000000000000000000000
000000000000000000000000000001100000010101000000000000000000000000000001010000000000000000000000000000000000000000001101100000000000000000000000000000
000000000000000000000000000000110101001110000000000000000000000000000011100000000000000000000000000000000000000000000000100100000000000000000001000000
000000000000000000000000000000000101001110000000000000000000000000000001000000000000000000000000000000000000000000000011000011000000000000000001100000
000000000000000000000000000000011111110000000000000100000000001100000000100010000000000000000000000000000000000000000000100100000000000000000010010000
000000000000000000000000000001101101000110000001101011000000001100000010110000000000000000000000000000000000000000001101100000000000000000100000111000
000000000000000000000000000000110000110110000010001011000000001100000000000110000000000000000000000000000000000000110110000000000000000011010111111000
000000000000001000000000000010000001011010000001110100001100001110000000001110000000000000000000000000000000000000000100100000000000000010000110010000
000000000000010100000000000101000001100000000000100000001110001000000011001110000000000000000000000000000000000000111000111000000111001111110000010000
000000000000100100000000000100000000000110000100001000001100000000110001101000100000000000000000000000000000000000000000100000000100111110000000100000
000000000000011000000000000010000000000110001100001000001000000011010001110001010000000000000000000000000000000000000101100000000110100000000011000000
000000000000000000000000000000000000000110000100000000000000000000001000000010000000000000000000000000000000000000000101000000000001100000000000000000
110000000000000000000000000000000000000000000000000000000000000100100000000010010001100000000000000000000000000000000010000000000000000010000000000000
110000000000000011000000000000000000000000000000000000000000000100000000000001111001100000000000000000000000000000000000000000000000001000000000000000
000000000000000100100000000000000000000000000000000000000000000010000000000100001000000000000000000000000000000000000000000000000110000000000000000000
000000000000000011000000000000000000000000000000000000000000000000000000000101010000000000000000000000000000000000000000000000000110000000000000000000
000000000000000000000110000000000000000000000000000000000000000000000000000110100000000000000000000000000000000000000000000000000000000000000100000000
000000000010000000000110011100011100000000000000000000000000000000000000001001000000000000000000000001100000000000000000000000000000001010010000000000
000000000010000000000000000000000000000000000000000010000000000000000000001110000000000000000000000001100000000000000000000000000000001000100000000000
000000000010000000000000000001000000000000000000000101000000000000000000000000000000000000000000000000000000000000000000000000000000000000111100000000
000000000000000000000000000001000000000000000000000101000000000000000000000000000000000000000000000000000000000000000000000000000000000010001000000000
000000000000000000000000000001000000000000000000000010000000000000000000000000000000000000000000000000000000000000000000000000000000000011000000000000
000000000000000000000000000000000000000000000000000000000000000000000000000000001000000000000000000000000000000000000000000000000000000000100000000000
000000000000000000000000000000000000001100000000000000000000000000000000001000010100000000000000000000000000000000000000000000000000000000000000000000
000000000010000000000000000000000000001100000000000000000000000000000000010100001000000000000000000000000000000000000000000000000000000000000000000000
000000000101000000000000000000000000000000000000000000000000000000000000010100000000000000000000000000000000000000000000000000000000000000000000000000
000000000100100000000110000000000000000000000000000000000000000000000000000000000010000000000000000000000000000000001000000000000000000000000000000000
000000000011000000000110000110000000000000000000000000000000000000000000000000000010000000000000000000000000000000010100000000000000000000000000000000
000000000000000000000000000110000000000000000000000000000000000000000000000010000000000000000000000000000000000000100100000000000000000000000000000000
000000000000000000000000000000000000000000000000000000000000000000000000100101000010000000000000000000000000000000011000000000000000001100000000000000
000000000000000000000000000000000000000000000000000000000000000000000000011101000010000000000000000000000000000000000000000000000000010100000000000000
000000000000000000000000000000000000000000000000000000000000000000000000000000100000000000000000000000000000000000000000000000000000001000000000000000
000000000000000000000000000000000000000000000000000000000000000000000000000001100000000000000000000000000000000000000000000000000000000000000000000000
000000000100000000000000000000000000000000000000000000000000000000000000000001100000000000000000000000000000000000000000000000000000000000000000000000
000000001010000000000000000000000000000000000000000000000000000000000000000000000000000000000000000000000000000000000000000000000000000000000000000000
000000001010000000000000000000000000001100000000000000000000000000000000100000000000000000011000000000000000000000000000000000000000000000000000000000
000000000100000000000000001100000000001100000000000000000000000000000000111000000000000000100100000000000000000000000000000000000000000111000000000000
000000000000000000000000001100000000000000000000000000000000000000000011000100000000000000011000000000000000000000000000000000000000000000000000000000
000000000000000000000000000000000000000000000000000000011000000000001110101011000000000000000000000000000000000000000000000000000000000000000000000000
000000000000000000000000000000000000000000000000000000111000001100000100101000100000000000000000000000000000000000000000000000000000000000000000000000
000000000001000000000000000000000011100000000000000001001000001100000011000101000000000000000000000000000000000000000000000000000000000000000000001100
000000000001000000000000000000000000000000000000000001110000000000000000000010000000000000000000000000000000000000000000000000000000000000000000001100
000000000001000000000000000000000000001000000000000000111101100000000000101100000000000000000000000000000000000000000000000000000000000000000000000000
000000000000000000000000000000011000001000000000000000000101000000000000011000000000000000000000000000000000000000000000000000000000000000000000000000
000000000000000110000000000000011000001000000000000000000101000000000000000000000000000000000000000000000000000000000000000000000000000000000000000000
000000000000001001000000000000000000000000000000000000000000000000000000000000000000000000000000000000000000000000000000000000000000000110000000000000
000000000000000110000000000000000011100000110000000000000000000000000000000000000000000000000000000000000000000000000000000000000000000110000000000000
000000000000000000000001100110000000000000110000000000000011100000000000000000000000000000000000000000000000000000000000000000000000000000000000000000
000000000000000000000001100110011000000000000000000000000010000000000000000000000000000000000000000000000000000000000000000000000000000000000000000000
000000000011000000000000000000011000001100000000000000000011010010000000000000000000000000000000000000000000010000000000000000000000000000000000000000
000000000101000000000000000000000000010010000000000000000000010000000000000000000000000000000000000000000000101000000000000000000000000000000000000000
000110000010000000000000000000000000001100000000000000000000110001100011000000000000000000000000000000000001001000000000000000000000000000001100000000
000110000000000000000000000000000000000000000000000000000000010111000100100000000000000000000000000000000000110000000000011000000000000000010010000000
000000000000000000000000000000000000000000000000000000000000001110000011000000000000000000000000000000000000000000000000011000000000000000010100000000
000000000000000000000000000000000000000000000000000000000000000000000000000000000000000000000000000000000000000000000000000000000000000000001000000000
000000000000000000000000000000000000000000000000000000000000000000000000000000000000000000000000000000000000000000000000000000000000000000000000000000
000000000000000000000000001100000000000000000000000000000000000000000000000000000000000000000000000000000000000000000000000000000000000000000000000000
000000000000000000000000001100000000000000000000000000000000001000000000000000000000000000000000000000000000000000000000000000000000000000000000000000
000000000000000000000111000000000000000000000000000000000000010100000000000000000000000000000000000000000000000000000000000000000000000000000000000000
000000000000000000000000000000000000000000000000000000000000010100000000000000000000000000000000000000000000000000000000000000000000000000000000000000
000000000000000000010000010000000000000000000000000000000000001000000000000000000000000000000000000000000000000000000000000000011000000011000000000000
000000000000000000010000010000000000000000000000000000000000000000000000000000000000000000000000000000000000000000000000000000100100000100100000000000
000000000000000000010000010000000000000000000000000000000000000000000000000000000000000000000000000000000000000000000000000000011000000011000000000000
000000000000000000000000000000000000000000000000000000000000000000000000000000000000000000000000000000000000000000000000000000000000000000000000000000
000000000000000000000000000000000000000000000000000000000000000000000000000000000000000000000000000000000000000000000000000000000000100000000000000000
000000000000000000000000000000000000000000000000000000000000000000000000000000000000000000000000110000000000000000000000000000000001010000000000000000
000000000000011100000000000000000000000000011000000000000000000000000000000000000000000000000000110000000000000000000000000000000001010000000000000000
000000000000000000000000000000000000000000100100000000000000000000000000000000000000000000000000000000000000000000000000000000000000100000000000000000
000000000001000001000000000000000000000000011000000000000000000000000000000000000000000000000000000000000000000000000000000000000000000000000000000000
000000000010100010100000000000000000000000000000000000000000000000000000000000000000000000000000000000000000000000000000000000000000000000000000000000
000000000010100010100000000000000000000000000000000000000000000000000000000000001100000000000000000000000000000000000000000000000000000000000000000000
000000000001000001000000000000000000000000000000000000000000000000000000000000001100000000000000000000000000000000000000000000000000000000010000000000
000000000000000000000000010000010000000000000000000000000000000000000000000000000000000000000000000000000000000000000000000000000000000000101000000000
000000000000000000000000010000100000000000000000000000000000000000000000000000000000000000000000000000000000000000000000000000000000000000101000000000
