000000000000000000000110000000000000000000000000000000000000000000000000010000000000000000000000000000000000000000000000000000000000000000000000000100
000000000000000000001001000000000000000000000000000000000000000000000000000000000000000000000000000000000000000000000000000000000000000000000000001010
000000000000000000000110000000000000000000000000000000000000000000000000000000000000000000000000011100000000000000000000000000000000000000000000011011
000000000000000000000000000000000000000000000000000000000000000000000000000000000001100000000000000000000000000000000000000000000000000000000000011010
000000000000000000000000000000000000000000000001000000000000000000000000000000000001100000000000000000000000000000010000000000000000000000000000010010
000000000000000000000000000000000000000000000001000000100000000000000000000000000000000000000000000000000000000000111000000000000000000001110000000000
000000000110000000000000000000000000000000000001000000100000000001100000000000000000000000000000000000000000000001000100000000000000001111000000011100
000000001001000000000000000000000000110000000000000000100000000001100000110000000000000000000000000000000000000001000100000000000000010011110100000000
000000001001000000000000000000000000110000000000000000000000000000000000110000000000000000000000000000000000000010000100000000000000001001000000000000
000000000110000000000000000000000000000000000000000000000000000000000000000000000000000000000000000000000000000011010010000000000000001010010111100000
000000000000000000000000000000000000000000000000000000000000000000000000000000000000000000000000000000000000000011010110000000000000000110000000100000
000000000000000000000000000000000000000000000000000000000000000000000000000000000000000000000000000000000000000001000110000000000000000000000011100000
000000000000000000000000000000000000000000000000000000000000000000000000110000000000000000000000110000000000000001000000000000000000000000000000000000
000000000000000000000000000000000000001110000000000000000000000000000000110000011100000000000000110000000000000001000110000000000000000000000000000000
000000000000000000000000000000000000000010000000000000000000000000000000000000100100000000000000000000000000000111000110000000000000000000000000000000
000000000000000000000000000000000000001100000000000000000000000000000000000001001010000000000000000000000000000110100001100000000000000000000000000000
000000000000000000000000000000000000000110000000000000000000000000000000000000100000000000000000000000000110000000100111110000000000000000000000000000
000000000000000000000000000000000000000011000000110000000000000000000000000000010000000000000000000000001001000001100001010000000000000000000000000000
000000000000000000000000000000000000000001000001101000000000000000000000000000010100000000000000000000000110000010100101100000000000000000001000000000
000000000000000000000000000000000000000000000000001110000000000000001000000000010110000000000000000000000000000011000010000000011100000000011000000000
000000000000000000000000000000000000000000000000001100000000000000010100000000100001000000000000000000000000000000000000000000111100000000011000000000
000000000000000000000000000000000000000000000110001000000000000000010010000000100001000000000000000000000000000000000000000000000110000000010000000000
000000000000000000000000000000000000000000001100110000000000000000001100000000000010000000000000000000000000000001100000000000001000000000000000000000
000000000000000000000000000000000000000000110111100000000000110000000000000000000000000000000000000000000000001001100000000100001001100000000000000000
000000000000000000000000000000000000000000000101000000001100110000000000000000000000000000000000000000000000001101100000000101000101100000000000000000
000000000000000011000000000000000000000001000000000000001100000000000110000000000000000000000000000000000000010010000000000010000001000001111111100010
000000000000000110000000000000000000000011000100000000000000000000001010000011100000000000000000000000000000001100000000000000001001001110001110100001
100000000000000010010000000000000000001110000000000000000000000000011011000000100001000000000000000000000000001000000000000000000010001100000110100101
000000000000000001100000000000000000011000001000000000000000000000001000000001000010100000000000000000000000000000000000000000000000001010000000001101
000000000000000000100000000000011000011011110000000000000000000000011100000000000001100000000000000000000000000000000000000000000000011000110000001001
000010000010000000000000000000111110000110000000000000000000000000110000000000000000000000000000000000000000000000000000000000000000001100000000001000
000010000101000000000000000001010111100000101000000000000000000000010100000000000000000000000000000000000000000000000010000000000001001110111000000111
000010000110000000000000000001101001100001100100000000000000000000000100000000000000000000000000000000000000000000000101000000000001000001001000000010
000000000000000000000000000000001100001110000010010000000000000000000000000000000000000011000000000000000000000000001001000000011000100000100101000000
000000000000000000000000000000001001000100000001010000000000000000000000111000000000000011000000000000001100000000000110000000101001101100010110100000
000000000000000000000000000000000100011010000000010000000000000001000000000000000000000000000000000000001100000000000000000001100000010110000110110000
000000000000000000011000000000000100110001100000000000000000000000001001000000000000000000000000000000000000000000000000000000110001100010000010110000
000000000000000000100100000000000000000100010010000000000000000001010010000010000000000000000000000000000000000000000000000000000011000000000001100000
000000000000000000100100000000000100000000011100000000000000000000100000000001000000000000000000000000000000000000000000000000000010000100000001000000
000000000000000000011000000000000100000101110000000000000000000000000001000001100000000000000000000000000000000000000000000000000001110000000000000000
000000111000000000000000000000000010010010100000000000000000000000000000100000100000000000000000000000000000000000000000000011000000000000000000001100
000000000000000000000000000000000001001110000000000000000000000000000000010001000000000000000000000000000000000000000000000101000000000000000000001100
000000000000000000000000000000000000111000000000000000000000000000000111111110000000000000000000000000000000000000000000000010000000000000000000000000
000000000000000000000000000000000000000000000000000000000000000000001001001000000000000010000000000000000000000000000000000000000000000000000000000000
000000000000000000000000000000000000000000000000000000000000000000000110000000000000000101000000000000000000000000000000000000000000000000000000000000
000000000000000000000000000111000000000000000000000000000000000000000000000000000000000011000000000000000000000000000000000000000000000000000000000000
000000000000000000000000001001000000000110000000000000000000000001000000000000000000000000000000000001000000000000000000010010000000000000000000000000
000000000000000000000000001000010000000110000000000000000000000001100000000000000000000000000110000010100000000000000000100010000000000000000000000000
000000000000000000000000001000000000000000000000000000000000000010100000000000000000000000000110000010100000000000000000100001000000000000000000000000
000000000000011100000000000000001000000000000000000000000000000000000000000000000000000000000000000001000000000000000000100010000111000000000000000000
000000000000000000000000000100000000000000000000000000000000000000000000000000000000000000000000000000000000000000000001101010001000100000000000000000
000000000000000000000000110000010000000000000000000000000000000000000000000000000000000000000000110000000000000000000001000000000000100000000000000000
000000000000000000000001101101100000000000000000000000000000000000000000000000000000000000000001001000000000000000000000000000000000100000000000000000
000000000000000000000000100001000000000000000000001100000000000000000000000000000000000000000000110000000000000000000000000000000001000000000000000000
010000000000000000000000010010000000000000000000001100000000000000000000000000000000000000000000000000000000000000000000000010000100000000000000000010
010000010000000000000000011000000000000000000000000000000000000000000000000000000000000000000000000001000000000000000000000010000000000000000000000100
100000101000000000000000000000000000000000000000000000000000000000001000000000000000000000000000000010100000000000000000000000110000000000000000000000
000000011000000000000000000010000000000000000000000000000000000000001000000000000000000000000000000010100000000000001100000000011000000000000000001001
000000000000000000000000000010000000000001100000000000000000000000001000000000000000000000000000000001000000000000001100000000011000000000000000001000
000000000000000000000000000101000000000010010000000000000000000000000000000000000000000000000000000000000000000000000000011000011000000000000000000101
000000001100000000000000000010000000000001100000000000000000000000000000000000000000000001000010000000000000000000000000000011101000000000000000000010
000000001010000000000000000010000000000000000000000000000000000000000011000000000000000011000111000000000000000000000000110011110000000000000000000000
000000000100000000000000000000000000000000000000000000000011000000000011000000001000000001011100100000000000000010000000000001100000000000000000000000
000000000000000000000000011100000000000000000000000000000011000000000000000000010100000101100000100000000000000100100000000000000000000000000000000000
000000000000000000000000011100000000000000000000000000000000000000000000000000010100001111010000100011000000001000100000000000000000000000000000000000
000000000000000000000000010101000000001000000000000000000000000000000000000000001000001110000000100011100000001000100000000000000001000000000000000000
000000000000000000000000000100000000010100000000000000000000000000000000000000001000000000011001001001100000001010000000000000000010010000000000000000
000000000000000000000000000100000000010100000000000000000000000000000000000000010100000000000001001011100000010010000000000010000010000000000000000000
000000000010000000000000000100000000001000000000000000000000000000000000000000010100000000000000001011000000011000000110000101000100000000000000000000
000000000110000000000000000000000000000000000000000011000000000000000000001100001000000011000001110000000000010111000100000101000011100000000000000000
000000001100000000000000000000000000000000000000000011000000001100000000010010000000000011100011100000000000000000000010000010000000000000000000000000
000000001100100000000000000000000000000000000000000000000000010010000000001100000000000000011001100000000000000000001000000000000000000000000000000000
000000011100011000000000000000000000000000000000000000011000001100000000000000000000000000011010000000000000000000001000000000000000000000000000000000
000000000010100000000000000001110000000000000000000000011000000000000000000000010000000000000100000000000000000000000001000000000000000000000000000000
000000011000000000000000000001100000000000000000000000000000000000000000000000101000000000000000000000000000000000000011100000000000000000000000001100
000000001010000000000000000001000100000000000000000000000000000000000000000000101000000000000000000111000000000000000001100000000000000000000000010010
000000000000011000000000001011000010000000000000000000000000000000000000000000010000000000000000000100111000000000000011100000000000000000000000001100
000000000000000000000000001011000000000110000000000000000000000000000000011000000000000000000000000110000100000000100011000000000000000000000000000000
000000000000000000000100100101000100000110000000000000000000000000000000011000000000000000011000000000111000000000100001100000000000000000000000000000
000000000000000000001000110011011000000000000000000000000000000000000000000000000000000100110100000000010000000000000000000000000000000000000000000000
000000000000000000010000000011100000000000000000000000000000000000000000000000000000011000101110000000000000000000000000000000000000000000000000000000
000000000000000000011000000110000000000000000000000000000000000000000000000000000000001100101110000000000000011000000000000000000000000000000000000000
000010000000000000000000010110010000000000000000000000000000000000000000000000000000000100010100000111000000011000000000000000000011000000000000000000
000010000000000000000000000010011000000000000000000000000000000000000000000000000000000010111000000110110000000000001100000000000011000000000000000000
000010000000000000000011100111001100000000000000000000000000000000000000000000000000000000000000000110000000000000001100000000000000000000000000000000
000000000000000000000000000000010000000000000000000000000000000000000000000000000000000000000000000001010000000001100000000000000000000000000000000000
111000000000001000000111100000000000000000000000000000000000000010000000000000000000000000000000000100000000000001100000000000000000000000000000000000
000000000000010100000100100011000000000000000000000000000000000010000000000001100000110000000000000010100000000000000000000000000000000000000000000000
000000000000010100000001000110000000000000000000000000000000000010000000000001100001001000000000000010010000000000000000000000000011100000000000000000
000000000000001000010000111100000000000000000000000000000000000000000000000000000000110000000000000001100000000000000000000000000000000000000000000000
000000000000000000010001110000000000000000000000000000000000111000000000000000000000000000000000000000000000000000000000000000000000000000001100000000
000000000000000000010011000000000000000000000000000000000000000000000000000000000000000000000000000000000000000000000000000000000000000000001100000000
000000000000000000001001000000000000000001000000000000000000000010000011000000000000000000000000000000000000011000000000000000000000000000000000000000
000000000000000000000000010100000000000010100000011000000000000010000011000000000000000000000000000000000000011100000000000000000000000000000000000000
011000000000000000000000000000000000000100000001111000000000000010000000000000000000000000000000000001010011001100000000000000000000110000000000000000
001100000000000000000100000000000001000000010010000100000000000000000000000000000000000000000000000001100111011100000000000000000000110000000000000000
010000000000000000000010001000000010000000100011001110000000000000110000000000000000000000000000000000100011111000000000000000000000000000000000000000
000001100001000000000001110000000010010000000001000100000000000000110000000000000000000000000000000000000000111000000000000000000000000000000000000000
000001100001000000000000000000000001111000000000000001100000000000000000000000000000000000000000000000110000000000000000000000000000000000000000000000
000000000001000000000000010000000000011000011000000000100000110000000000000000000000000000000000000000110000000000000000000000000000000000000000000000
100000000000000000000000111000000000000000011000001000100000110000000000000000000000000000000000000000000000000000000000000000000000000000000000000001
100000011100011100000001000000000000000000000000000111000000000000000000000000000000000000000000000000000000000000000000000000000000000000000000000001
000000000000000000000001011000000000000000000000000000000000000000011000000000000000000000000000000000000000000000001000000000000000000000000000000000
000000000001000000000010001110000000000000000000000000000000000000100100000000000000000000000000000000000000000000010100000000000000000000000000000000
000000000001000000000001100101000000110000000000000000000000000000011000000000000000000000000000000000000000000000100100000000000000000000000000000000
000111000001000000000000000101100001001000000000000000000000000000000000000000000000000000000000000000000000000000011000000000000000001100000000000000
000101000000000000000000000011000001010000000000000000000000000000000000000000000000000000000000000000000000000000000000000000000000010100000000000000
000111000000000000000000000010000000100000000000000000100000000000000000000000000000000000000000000000000000000000000000000000000000001000000000000000
000000000000000000000000000000000000000000000000000000100000000000000000000000000000000000000000000000000000000000000000000000000000000000000000000000
000000000000000010000000000000000000000000000000000000100000000000000000000000000000000000000000000000000000000000000000000000000000000000000000000000
000000000000000101000000000000000000000000000000000000000000000000000000000000000000000000000000000000000000000000000000000000000000000000000000000000
000000000000001001000000000000000000000000000000110000000000000000000000000000000000100000000000000000000000000000000000000000000000000010000000000000
000000000000000110000000000000000000000000000001111000000000000000000000000000000001010000000000000000000000000000000000000000000000000010000000001100
000000000000000000000000000000000000000001100001001000000000000000000000000000000010010000000000000000000000000000000000000000000000000010000000001100
000000000000000000000000000000000000000010100010000000000000000000000000000000000001100000000000000000000000000000000000000000000000000000000000000000
000000000000000000000000000000000000000100100000000100000000000000000000000000000000000000000000000000000000000000000000000000000000000000000000000000
000000000000000000000000000000000000000101110100000100000000000000000000000000000000000000000000000000000000000000000000000000000000000000000000001100
000000000000000000000000000000000000000100010101100000000000000000000000000000000000000000000000000000000000000000000000000000000000000000000000001100
000000000000000000000000000000000000000000100000001000000000000000000000000000000000000000000000000000000000000000000000000000000000000000000000000000
000000000000000000000000000000000000000000011100010010000000000000000000000000000000000000000000000000000000000000000000000000000000000000000000000000
000000000000000000000000000000000000000000001101001100000111000000000000000000000000100000000000000000000000000000000000000000000000000000000000000000
000000000000000000000000000000000000000000000010000000001000000000000000000000000001010000000000000000000000000000000000000000000000000110000000000000
000000000011000001100000000000000000000000000000000000000000010000000000000000000001010000000000000000000000000000000000000000000000000110000000000000
000000000011000001100000000000000000000000000000000000000000001000000000000000000000100000000000000000000000000000000000000000000000000000000000000000
000000000000000000000000000000000000000000000000000000010001001000000000000000000000000000000000000000000000000000000000000000000000000000000000000000
000000000000000000000000000000000000000000000000000111100001011000000000000000000000000000000000000000000000010000000000000000000000000000000000000000
000000000000000000000000000000000000000000000000000111111100010000000000000000000000000000000000000000000000101000000000000000000000000000000000000000
000000000000000000000000000000000000000000000000000010000100010000000000000000000000000000000000000000000001001000000000000000000000000000001100000000
000000000000000000000000000000000000000000000000000001100001100000000000000000000000000000000000000000000000110000000000011000000000000000010010000000
000000000000000000000000000000000000000000000000000011100111000000000000000000000000000000000000000000000000000000000000011000000000000000010100000000
000000000000000000000000000000000000000000000000000000001110000000000000000000000000000000000000000000000000000000000000000000000000000000001000000000
000000000000000000000000000000000000000000000000000000110110000000000000000000000000000000000000000000000000000000000000000000000000000000000000000000
000000000000000000000000000000000000000000000000000000101000000000000000000000000000000000000000000000000000000000000000000000000000000000000000000000
000000000000000000000000000000000000000000000000000000001000000000000000000000000000000000000000000000000000000000000000000000000000000000000000000000
000000000000000000000000000000000000001100000000011000001100000000000000100100000000000000000000000000000000000000000000000000000000000000000000000000
000000000000000000001100000000000000001100000000011000010010000000000011100111000000000000000000000000000000000000000000000000000000000000000000000000
000000000000000000001100000000000000000000000000000000001100000000000000101010000000000000000000000000000000000000000000000000011000000011000000000000
000000000000000000000000000000000000000000000000000000000000000000000000001100000000000000000000000000000000000000000000000000100100000100100000000000
000000000000000000000000000000000000000000000000000000000000000000000000001000000000000000000000000000000000000000000000000000011000000011000000000000
000000000000000000000000000000000000000000000000000000000000000000000000000000000000000000000000000000000000000000000000000000000000000000000000000000
000000000000000000000000000000000000000000000000000000000000000000000000000000000000000000000000000000000000000000000000000000000000100000000000000000
000000000000000000000000000000000000000000000000000000000000000000000010000000000000000000000000110000000000000000000000000000000001010000000000000000
000000000000000000000000000000000000000000000000000000000000000000001000000000000011100000000000110000000000000000000000000000000001010000000000000000
000000000000000000000000000000000000000000000000000000000000000000001100000000000000000000000000000000000000000000000000000000000000100000000000000000
000000000000000000001100011000000000000000000000000000000000000000000000000000000000000000000000000000000000000000000000000000000000000000000000000000
000000000000000000010010011000000000000000000000000000000000000000000000000000001000000000000000000000000000000000000000000000000000000000000000000000
000000000000000000010100000000000000000000000000100000000000000000000000000000010100000000000000000000000000000000000000000000000000000000000000000000
000000000000000000001000000000000000000000000001010000000000000000000100010000010100000000000000000000000000000000000000000000000000000000000000000000
000000000000000000000000000000000000000000000001010000000000000000001000001000001000000000000000000000000000000000000000000000000000000000000000000000
000000000000000000000000000000000000000000000000100000000000000000000000101000000000000000000000000000000000000000000000000000000000000000000000000000
