000000000000000000000000000000000000000000000000000000000000000000000000000000000000000000000011000000000000000000000000000000000000100000010000000000
000000000000000000000000000000000000000000000110000000000000000000000000000000000000000000000011000000000000000000000000000000000000000000000000000000
000000000000000000000000000000000000000000000110000000000000000000000000000000000000000000000000000000000000000000000000000000000000000000000000000000
000000000000000000000000000000000000000000000000000000000000000000000000000000000000000000000000000000000000000000000000000000000000000000000000000000
000000000000000000000000000000000000000000000000000000000000000000000000000000000000000000000000000000000000000000000110000000000000000000000000000000
000000000000000000000000000000000000000000000000000000000000000000000000000000000000000000000000000000000000000000000110000000000000000000000000000000
000000000110000000000000000000000000000000000000000000000000000001100000000000000000000000000000000000000000000000000000000000000000000000000000000000
000000001001000000000000000000110000000000000000000000000000000001100000000000000000000000000000000000000000000000000000000000000000000000000000000000
000000001001000000000000000000110000000000000000000000000000000000000000000000000000000000000000000000000000000000000000000000000000000000000000000000
000000000110000000000000000000000000110000000000000000000000000000000000000000000000000000000000000000000000000000000000000000000000000000000000000000
000000000000000000000000000000000000110000000000011000000000000000000000000000000000000000000000000000000000000000000000000000000000000000000000000000
000000000000000000000000000000000000000000000000011000000000000000000000000000000000000000000000000000000000000000000000000000000000000000000000000000
000100000000000000000000000000000000000000000000000000000000000000000000000000000000000001110000000000000000000000000000000001110000000000000000000000
001100000000000000000000000000000000000000000000000000000000000000000000000000000000000001000000000000000000000000000000000000000000000000000000000000
001010000000000000000000000000000000000100000000000000000000000000000000000000000000000000001000000000000000000000000000000000000000000000000000000000
000000000000000000000000000000000000001010000000000000000000000000000000000000000000000000101000000000000000001010000000000000000000000000000000000000
000000000000000000000000000000000000001010000000000000000000000000000000000000000000000000100010100000000000010010000000000000000000000000000000000000
000000000000000000000000000000000000000100000000000000000000000000000000000000000000000010110111110000000000010001000000000000000000000000000000000000
000100000000000000000000000000000000000000000000000000000000000000000000000000000000111111000010010000000000010010000000000000000000000000000000000000
001101000000000000000000000000000011000000011000000000000000000000001000000000000001000000100100110000000000001010000000000000000000000000000000000000
001001010000000000000000000000000100100000100100000000000000000000010100000000000000110111101000000000000001000000000001000000000000000000000000000000
010011101000000000000000000000000011000000011000000000000000000000001000000000000000001110000000000000000001100000000001000000000000000000000000000000
001100000100000000000000000000000000000000000000000000000000000000000000000000000000000011000000000000001001100000000001000000000000000000000000000000
000000001000000000000000000000000000000100000000000000000000000000000000000001000000000001100000000000001001000000000000000000000000000000000000000000
000000000000000000000000000000000000001010000000000000000000000000000000000010100000000001100000000000001011000000000000000000000000000000000000000000
000000000000000000000000000000000000001010000000000000000000000000000000000010010000000000000000000000000000000000000000000000000000000000000000000000
000000000000000000000000000000000000000100000000000000000000000000000000000001100000000000000000000000000000000000000000000000000000000000000000000000
000000000000000000000000000000000000000000000000000000000000000000000000000000000000000000000000000000000000000000000000000000000000000000000000000000
000000000000000000000000000000000000000000000000000000000000000011000000000000000000000000000000000000000000000000000000000000000000000000000000000000
000000000000000000000000000000000000000000000000000000000000000011000000000000000000000000000000000000000001000000000000000000000000000000000000000000
000000000000000000000000011000000000000000000000000000000000000000000000000000000000000000000001100000000010100000000111000000000000000000000000000000
000000000010100000000000011000000010000000000000000000000000000000000000000000000000000000000001100000000010100000000000000000000000011011000000000000
000000000001100000000000000000000010000000000000001110000000000000000000000000000000000000000000000000000001000000010000010000000000100000000000000000
000000000000000000000000000000000010000000000000000000000000000000000000000000000000000000000000000000000000000000010000010000000000010011000000000000
000000000000000000000000000000000000000000000000000000011000000000000000000000000000000000000000000000000000000000010000010000000000000100000000100000
000000000000000000000000000000000000000000000000000000100100000000000000000000000110000000000000000000000000000000000000000000000000100000000001110000
000000000000000000000000000000000000011000000000000000011000000000000000000000001011000000000000000000000000000000000111000000000000100000000010010000
000000000000000000000000000000000000011000000000000000000000000000000000000000000011000000000000000000000000000000000000000000000000000000000010100000
000000000000000000000000000000000000000000000000000000000000000000000000000000000110100000000000000000000000110000000000000000000000000111000011100000
000000000000000000000000000000000000000000000000000000000000000000000000000000000010010000000000000000000000110000000000000000001100000001010000000010
100000000000000000000000000000000000000000000000000000000000000000000000000000000001110000000000000000000000000000000000000000001100000001111000010101
000000000000000000000000000000000000000000000000000000000000000000000000000000000000100000000000000000000000000000000000000000000000000000100100011100
000000000000000000000000000000000000000000000000000110000000000000000000000000000000000000000000000000000000000000000000000000000000000000010100001000
000000000000000000000000000000000000000000000000001001000000000000000000000000000000000000000000000000000000000000000000000000000000000000001000000000
000000000000000000000000000000000000000000000000001010000000000000000000000000000000000000000000000000000000000000000000000000000000000000000000000000
000000000000000000000000000000000000000000000000000100000000000000000000000000010100000000000000000000000000000100000000000000000000000000000000000000
000000000000000000000000000000000000000000000000000000000000000000000000000000011100110000000000000000000000000100000000000000000000000000000000000000
000000000000000000000000000000000000000001100000000000000000000000000000000000011100000000000000000000000000000100000000000000000000000000000000000000
000000000000000000000000000000000000000001100000000000000000000000000000000000000000000000000000000000000000000000000000000000000011000000000000000000
000000000000000000000000000000000000100000000000000000000000000000000000000000000001100000000000000000000000000000000000000000000100100000000011000000
000000000000000000000000000000000000100000000000000000000000000000000000000000000000010000000000000000000000000000000000000000000100100000000011100000
000000000000000000000000000000000000100000000000000000000000000000000000000000001000000000000110000000000001100000000000000000000011000000001101110000
000000000000000000000000000000000000000000000000000000000000000001100000000000001000100000000110000000000001100000000000000000000000000000000000110000
000000000000000000000000000000000000000000000000000000000000000001100110000000001001000000000000000000000000000000000000000000000000000000000001110000
000000000000000011000000000000000000000000000000000000000000011000000110000000000000000000000000000000000000000000000000000000000000000000000000110110
000000000000000000100000000000000000000000000000000000000000011000000000000000000000000000000000000000000000000000000000000000000000000000000010100110
000000000000000000100000000011000000000000000000000000000000000000000000000000000000000000000000000000000000000000000000000000000000000000000011000000
000000000000001000110000000100100000000000000000000000000000000000000000000000000000000000000000000000000000000000101000000000000000000000000000000000
000000000000000110000000000011000000000000000000000000000000000000000000000000000000000000000000000000000000000000000000000000000000100000000000000000
000000000000001000000000110000000000000000000000000000000000000000000000000000110000000000000000000000000000000001001000000000000001110000000000000000
000000000000101000000001010000000000000000000000000000000000000000000000000100001100000000000000000000000000000001100000000000000011001000000000000000
000000000000101000000000100000000000000000000000000000000000000000000000001001101100001010000000000110000000000110101100000000000010001000000000000000
000000000000100000000000000000000000000000000000000000000000000000000000001001111000010010000000001100100000000110111111010000000010110000000000000000
000000000000011000000000000000000000000000000000000000000000000000000000000000000000001010000000001101100000000000000000010000000011000000000000000000
001000000000100000000000000000000000000000000000000000000000000000000000000000000000000000000000000111000000000001101010110000000000000000000000000000
010100001100110010000000000000000000000000000000000000000000000000010000000000000000000000000000000000001100000000100000000000000010110000000000000000
010100001100010001000000000000000000000000000000000000000000000000010000000000000000000000000000000000111100011000010000000000000101101000000000000000
001000000000001000000101000000000000000000000000000000000000000000010000000000000111000000000000000001001111001000010001000000001101101000000000000000
000000000000000000000100100000000000000000000000000000000000100000000000000000000111000000000000000000001101110000000101000000000110010000000000000000
000000000000000000011000100000000000000000000000000000000001010000000011000011000000000000000000000001111111000000000010000000000000000000000000000000
000000000011000000011010100000000000000000000000000000000001100000000011000100100000000000000000000000011110000000000000000000000000000000000000000000
100000000011000000011011000000000000000000000000000000000000000001100010000011000000000000000000000000000000000000000000000000000000000000000000000000
010000000000000000000000000000000000000000000000000000000000000001100010000001000000000000000000000000000000000000000000000001100000000000000000000001
010000000000100000000000000000000000000000000000000000000000000000000100000000000000000000000000000000000000000000000000000001100000000000000000000001
100000000001110000000000000000000000000000000000000000000000000000000000000000000000000000000000000000110110000000000001000001000011000000000000000000
000000000010001000000000000000000000000000000000000000000000000000000000000000000000000000000111000000110110000000000001000000000001000000000000000000
000000000001101000000000000000000000000000000000000000000000000000000000000000000000000000000000000000000000000000000010100000001110000000000000000000
000000000000110000000000000000000000000000000000000000000000000000000000000000000000000000000000000000000000000000000001000000010100000000000000000000
000000000000000000000000000000000000000000000000000000000000000000000000000010000000000000110000000000000000000000000000100000100100000000000000000000
000000000000000000000000000000000000000000000000000000000000000000000000000010001100000000110000000001100000000000000000100000011000000000000000000000
000000000000000010000000000000000000000000000000000000000000000000000000000000010100000000000000010000010000000000001000000000000000000000000000000000
000000000000000101000000000000000000000000000000000000000000001000000000000000101100000000000000110001110000000000000001000000000000000000000000000000
000000000000000101001100000000000000000000000000000000000000001000000000000000110000000000000001100001100000000000001100000000000011000000000000000000
000000000000000010001100000000000000000000000011100000110000001000000000000000100000000000000001110011000000000000000000000000000011000100000000000000
000000000000000000000000000000000000000000000000000001001000000000000000010000000000000000000000111111000000000000000000000000000000001010000000000000
000000000000000000000000000000000000000000000000000000110000000011100000100000000000000000000000111111000000000000000000000000000000001001000000000000
000000000000000000000000000000000000000000000000000000000000000000000000111000000000000000000100000011000000000000000000000000000000000110000000000000
001100000000000000000000000000000000000000000000000000000000001000000000000001000000000000001111111011100000000000000000000000000001000000000000000000
001010000000000000000000000000000000000000000000000000000000001000000000000011100000000000010011101110000000000000000000000000000010100000000000000000
000101000000000000000000011000000000000000000000000000000000001000000000001110010000000000100010110000000000000000000000000000000000000011000000000000
000010000000000000001100011000000110000000000000000000000000000000000000011000000000000000000011001110000000000000000000000000001111000011000001100000
000000000000000000001100000000000110000000000000000000000000000000000000001000000000000000100000000101100100000001100000000000111110000000000010010000
000000000000000000000000000000000000000000011000000000000000000000000000011000000000000000100001000001111000000001100000000001101110000000000010100000
000000000000000000000000000000000000000000011000000000000000000000000000001100000000000000011001000010011000000000000000000000100000000000000001000000
000000000111000000000000000000000000000000000000000000000000000000000000100000010000000000010011100011000000000000000000000001100000000000000000000000
000000000000000000000000000000000000000000000000000000000000000000000001010111100000000000000011100011000000000000000000000000010000000000000000000010
000000000000000000000000000000000000000000000000000000000000000000000001000101100000000000001001100011000000000000000000000000110000000000000000000101
000000000000000000000000000000000100000000000000000000000000000000000010011000000000000000000100000101100000000000000000000000000000000000000000000101
000000000000000000000000000000000100000000000000000000000000000000000011010000000000000000000000000101000000000000000000000000000000000000000000000010
000000000000000000000000000000000100000000000000000000000000000000000001001001000000000000010100000010000000000000000000000000000000000000000000000000
001100000010000000000000000000000000000000000000000000000000000000000011010001000000000000010110000000000000000000000000000000000000000000000001100000
010010000101000000000000000000000001110000000000000000000000000001110100110000100000000000000011000000000000000000000000000000000000000001000010010000
001100000100100000000110000000000000000000000000000000000000000000000000011010100000000000001000100000000000000000000000000000000000000010100001100000
000000000011000000000110000110000000000000000000000000000000000000000000000111000000000000001000100000000000000000000000000000000000000001100000000000
000000000000000000000000000110000000000000000000000000000000000000000000000000000000000111000111000000000000000000000000000000000000000000000000000010
000000000000000000000000000000000000000000000000000000000000000000000000111000000000000000000000000000000000000000000000000000000000001100000000000101
000000000000000000000000000000000000000000000000000000000000000000000001001000000000000000000000000000000000000000000000000000000000010100000000000101
000000000000000000000000000000000000000000000000000000000000000000000010000000000000000000000000000000011000000000000000000000000000001000000000000010
000000000000000000000000000000000000000000000000000000000000000000000001001000000000000000000000000000011000000000000000000000000000000000000000000000
000000000100000000000000000000000000000000000000000000000000000000000000111000000000000000000001100000000000000000000000000000000000000000000000000000
000000001010000000000000000000000000000000000000000000000000000100000000001000000000000000000001100011000000000000000000000000000000000000000000000000
000000001010000000000000000000000000000000000000000000000000000100000000000000000000000000000000000011000000000000000000000000000000000010000000000000
000000000100000000000000001100000000000000000000000000000000000100000000000000000000000000000000000000000000000000000000000000000000000010000000000000
000000000000000000000000001100000000000000000000000000000000100000100000000000000000000000000000000000000000000000000000000000000000000010000000000000
000000000000000000000000000000000000000000000000000000000001010001010000000000000000000000000000000000000000000000000000000000000000000000000000000000
000000000000000000000000000000000001000000000000000000000001010001010000000000000000000000000000011000000000000000000000000000000000000000000000000000
000000000000000000000000000000000001000000000000000000000000100000100000000000000000000000000000011000000000000000000000000000000000000000000000001100
000000000011100000000000000000000001000000000000000000000000000000000000000000000000000000000000000000000000000000000000000000000000000000000000001100
000000000000000000000000000000000000000000000000000000000000000000000000000000000000000000000000000000000000000000000000000000000000000000000000000000
000000000000000000000000000000011000011100000000000000000000000000000000000000000000000000000000000000000000000000000000000000000000000000000000000000
000000000000000110000000000000011000000000000000000000000000000000000000000000000000000000000000000000000000000000000000000000000000000000000000000000
000000000000001001000000000000000001000000000000000000000000000000000000000000000000000000000000000000001110000000000000000000000000000110000000000000
000000000000000110000000000000000001000000110000000000000000000000000011000000000000000000010000000000000000000000000000000000000000000110000000000000
000000000000000000000001100110000001000000110000000000000000000000000011000000000000000000101000000000000000000000000000000000000000000000000000000000
000000000000000000000001100110011000000000000000000000000000000000000000000000000000000001010000000000000000000000000000000000000000000000000000000000
000000000011000000000000000000011000001100000000000000000000000000100000000000000000000001100000000000000000010000000000000000000000000000000000000000
000000000101000000000000000000000000010010000000000000000000000001010000000000000000000000000000000000000000101000000000000000000000000000000000000000
000110000010000000000000000000000000001100000000000000000000000001010000000000000000000000000000000000000001001000000000000000000000000000001100000000
000110000000000000000000000000000000000000000000000000000000000000100000000000000000000000000000011000000000110000000000011000000000000000010010000000
000000000000000000000000000000000000000000000000000000000000000000000000000000000000000000000000100100000000000000000000011000000000000000010100000000
000000000000000000000000000000000000000000000000000000000000000000000000000000000000000000000000011000000000000000000000000000000000000000001000000000
000000000000000000000000000000000000000000000000000000000000000000000000000000000000000000000000000000000000000000000000000000000000000000000000000000
000000000000000000000000001100000000000000000000000001000000000001100000000000000000000000000000000000000000000000000000000000000000000000000000000000
000000000000000000000010001100000000000000000000000010100000000001100000000000000000000000000000000000000000000000000000000000000000000000000000000000
000000000000000000000010000000000000000000000000000010100000000000000000000000000000000000000000000000000000000000000000000000000000000000000000000000
000000000000000000000010000000000000000000000000000001000000000000000000000000000000000000000000000000000000000000000000000000000000000000000000000000
000000000000000000000000000000000000000000000000000000000000000000000000000000000000000000000000000000000000000000000110000000011000000011000000000000
000000000000000000111000111000000000000000000000110000000110000000000000000000000000000000000000000000000000000000011001000000100100000100100000000000
000000000000000000000000000000000000000000000001001000001001000000000000000000000000000000000000000000000000000000000000100000011000000011000000000000
000000000000000000000000000000000000000000000000110000000110000000000000000000000000000000000000000000000000000000000010100000000000000000000000000000
000000000000000000000000000000000000000000000000000000000000000000000000000000000000000000000000000000000000000000101101110000000000100000000000000000
000000000000001000000000000000000000000000000000000001000000000000000000000000000000000000000000110000000000000000011101101000000001010000000000000000
000000000000001000000000000000000000000000000000000010100000000000000000000000000000000000000000110000000000000000000110000000000001010000000000000000
000000000000001000000000000000000000000000000000000010100000000000000000000000000000000000000000000000000000000000001000110000000000100000000000000000
000000000001000001000000000000000000000001000000000001000000000000000000000000000000000000000000000000000000000000000100110000000000000000000000000000
000000000010100010100000000000000000000010100000000000000000000000000000000000000000000000000000000000000000001000000011010000000000000000000000000000
000000000010100010100000000000000000000010100000000000000000000000000000000000001100000000000000000000000000010100000011010000000000000000000000000000
000000000001000001000000000000000000000001000000000000000000000000000000000000001100000000000000000000000000010100000100100000000000100000010000000000
000000000000000000000000000000000000000000000000000000000000000000000000000000000000000000000000000000000000001000000101000000000001010000101000000000
000000000000000000000000111000000000000000000000000000000000000000000000000000000000000000000000000000000000000000000111000000000001010000101000000000
