000000000000000000000100000000000110000000000000000000000000000000000000000000000000000010000000000000000000000000000000000010001100010000000000000000
000000000000000000000100000000000000000000000000000000000000000000000000110000000000110001000000001000000000000000000000000010000000000000000000000000
000000000000000000000100000000000000000000000000000000000000000000000000110000000001100010000000001000000000000000000000000010000000001000000000000000
000000000000000000000000000000000000000000000000000000000000000000000000000000000011001010000000001000000000000000000000000010000000010010000000000000
000000000000000000100000000000000000000000000000000000000000000000000000000000000001100100000000000000000000000000000000000010000010110010000000000000
000000000000000000100000000000000000000000000011100000000000000000000000000000000000111000000000000000000000000000000000000001001111110000000000000000
000000000000000000000000000000000000000000000000000001110000000001100000000000000000000000000000000000000001100000000000000000111101000110000000000000
000000000000000000000000000000000000110000000000000000000000000001100000110000000000000000000000000000000001100000000000000000000000111010000000000000
000000000000011000000000000000000000110000000000000000000000000000000000110000000000000000000000000000000000000000000000000000000000010000000000000000
000000000000110100000000000000000000000000000000000000000000000000000000000000000000000000000000000000000000000000000000000000000000000000000000000011
000000000000001000000000000000000000000000000000000000000000000000000000000000000000000000000000000000000000000000000000000000000000000000000000000011
000000000000000100000000000000000000000000000000000000000000000000000000000000000000000000000000000000000000000000000000000000000000000000000000000000
000000000000000100000000000000000000000000000000000000000000000000000000110000000000000000000000110000000000000000000000000000000000000000000000000000
000000000000000100000000000000000000000000000000000000000000000000000000110000000000000000000000110000000000000000000000000000000000000000000000000000
000000000000000000010000000000000000000000000000000000000000000000000000000000000000000000000000000000000000000000000000000000000000000000000000000000
000000000000000000100000000000000000000000000000000000000000000000000000000000000000000000000000000000111000000000000000000000000000000000000000000000
110000000000000000111000000000000000000000000000000000000000000000000000000000000000000000000000000000111000000000000000000000000000000100000000000000
110000000000000000000000000000000000000000000000000000000000000000000001000000000000000000000000000001001000000000000000000000000000010010001100000000
000000000000000000000000000000000000000000000000000000000011000000000010100000000000000000000000000011100010000000000000000000000000010001001100000000
000000000100000000000000000000000000000000000000000000000011000000000001000000000000000000010000000110100011100000000000000000000001000111000000000000
000010000100000000000000000000000000000000000000000000000000000000000000000000000000000000110000000000100000001110000000000000000000001110000000000000
000010000100000000000000000000000000000000000000000000000000000000000000000000000000000001100011000000111000000010000000000000001000000100000000000000
000010000000000000000000000000000000000000001100000000000000000000000000000000000000000011100000000111110110001110000000000000100000000010001100000000
000000000000000000000000000000000000000000001100000000000000000000000000000000000000011011000000000000000100011100000000000000100000000010000010000000
000000000000000011100000000000000000000000000000000000000000000000000000000000000000100100100000000000001110101000000000001000000101000100100000000111
100000000000000000000000000000000000000000000000000000000000000000000000000000000000011000000000000000011000011000000000010100100111000000100000111111
010000000000000000000000000000000000000000000000000000000000000000000000000000000000000000000000000000110000001000000000010001101000001001011000000000
100000000000000000000000000000000000000000000000000000000000000000000000000000000000000000000000000000000000010000110000010000000110001000000000000001
000000000001101000000000000000000000000000000000000000000000000000000000000000000000000000000000000000001100010000110000011000000001000000001101011000
000000001011000000000000000000000000000000011000000000000000000000000000000000000000000000000000000000001010000000000000101000000000000000000010100000
000000011101100000000000000000011000000000011000000000000000000000000000000000000000000000000000000000001010000000000000100001000000110000011000000000
110110100011001100000000000000011000000000000000000000000000000000000011000000000000000000000000000000000000000000000000000001100000111000010000000000
110110011111100100000000000000000000000000000000000000000000000000000100100000000000000000000000000000000000000000000000000000000000100000010000000000
001000001001000000000000000000000000000000000010000000000000000000011011000000000000000000000011100000000000100000000000001110000000000110000000000000
000000000011000000000000000000000000000000001010000000000000000000011010000010000000000000000010010011000000100000000000000111000000001000000000000000
000001100010000011000000000000000000000000010100000000000000000000001000000110000000000000000011011001100000100000000000000011100000000000000000000000
000001100000000000000000000000000000000000011000000000000000000000000000000100000000000010000000111011000000000000000000000010100000000000000000110000
000000000000000000000000000000000000000000001000000110000000000000000000010000000000000101000000000000000000000000000000000000100001110100000001001000
000000000000000000000000000000000000000000000000000110000000000000000000100100000000000101000000000000000000000000000000000000100001111010000000110000
000011000110000000000000000000000000000000000000000000000000000000000000100010000000000010000000000000000000000000000000000000100010010001000000000000
000101000101000000000000000000000000000000000000000000000000000000000000100010000000000000000000000000000000000000000000000000000011101110001110000000
000100000001000000000000000000000000000000000000000000000000000000000000000000000000000000000010000000000000000000000011100001000101100000000000000000
000100010000000000000000000000000000000000000000000000000000000000000000010001100000000000000101000000000000111010000000000010100010000000000000000000
000010000000000000000000000000000000000000000000000000000000000000000000000101100000000000000011000000000000011101100000000110101100000000000000000000
100001000000110001000000000000000000000000000000000000000000000000000000001101100000000000000000000000000000011000000000000110000101000000000000000001
010000110000001010100000000000000000000000000000000000000000000000000000001001000000000000000000000000000000001100000000011000000001000000000000000001
110000000110000001100000000000000000000110000000000000000000000000000000010001001000000000000000000000000000000101100000000100000110000000000000000000
000000000001010111000000000000000000000110000000000000000000000000000000000000010100000000000110000000000000000010000000000000000011000000000000000000
000000000000001110000000000000000000000000000000000000000000000000000000010001000100000000000110000000000000000000000000000000000000000000000000000000
000000000000000011000000000000000000000000000000000000000000000000000000001111000000000000000000000000000100000000000000000000000000000000000000000000
000000000000000101000000000000000000000000000000000000000000000000000000010011000000000000000000000000011100000000000000000000110000000000000000000000
000000000001110111000000110000000000000000000000000000000000000001000000000000011000000000000000000000101000000000000000000001001000000000000000000000
000000000000100111000001000000000000000000000000000000000000000001000000000101011000000000000000000000100000010000000000000000110000000000000000000000
000000000000110000000001110000000000000000000000001100000000000010101000000110010000000000000000000000000010100000000000000000000000000000000000000000
000000000000110000000000000000000000000000000000001100000000000001000010000010100000000000000000000000110101000000000000000000000000000000000000000000
000000000000000011000000000000000000000000000000000000000000000101100000000001000000000000000000000001100110000000000000000000000000000000000000000000
000110000000011000000000100000000000000000000000000000000000000111111110000000000000000000010000000000110110000000000000000000000000000000000000000000
001001000000011100000001010000000000000100100000000000000000000110000000000000000000000001101100000000011100000000000000000000000000000000000000000000
000110000000100000000001000000000000001100001000000000000000000000000001000000110000000000101000000000001000000000000000000000000000000000000000000000
000000000000000000000111100000000000001000000000000000000000000011100000111001010000000000010000000000000000000000000000000000000000000000000000000000
000000000000000000000110000000000000001101100000000000000000000010010000010000100000000000100000000000000000000000000000000000000000000000000000000000
000000000000000000000001000000000000001101100000000000000000000001100000000000000000000000100011000000000000000000000000000000000000000000000000000000
000000000000000000111110000000000000000010000000000000000011000011001010000000000000000000110011100000000000000000000000000000010000100000000000000000
000000000000000000100100000000000000000000000000000000000011000110000111000000000000010000000000000000000000000000000000000000001101010000000000000000
000000000000000000111000000000000000000000000000000000000000000011111000100000000001010000000000000000000000000000000000000000011001010000000000000000
000000000000000000000000000000000000000000000000000000000000000001011011000000000010000010100000000000000000000000000000000000000000100000000000000000
000000000000000000000000011100000000000000000000000000000000000000110100000001100010010011100000000000000000000000000000000000000000000000000000000000
000000000000000000110001000001000000000000000000000000000000000000010100000001110100000001000000000000000000000000000000000000000000000000000000000000
000000000000000001110001000001000000000001000000000000000000000000001000000000011100110000000000000000000000000000000000000000000000000000000000000000
000000000000000001001010000001000000011111100000000011000000000000000000000000101001110000000000000000000000000000000000000000000000000000000000000000
000000000000000001101001001000000000110110010000000011000000001100000000000001100101100000000000000000000000000000000000000000000000000000000000000000
000000000000000000010101010000000000110001011000000000000000010010000000000010000001000000000110110000000000000000000000000000000000000000000000000000
000000100000000000001110000000000000001111010000000000011000001100000000000001110010000000000110110000000000011100000000000000000000000000000000000000
000000110000000000010100000000000000000110000000000000011000000000000000000000001100000000000100001000000000000000000000000000000000000000000000000000
000000101000000000001000000000000000000000000000000000000000000000000000000000000001000000000010011000000000000000000000000000000000000000000000000000
000000010100000000001000000000000000000000000000000000000000000000000000000000000001111110001101001000000000000000000000000000000000000000000000000000
000010010100000011110000000000000000000000000000000000000000000000000000000000000000010010000111111000000000000000000000000000000000000000000000001100
001110011100000010010000000000000000000000000000000000000000000000000000000100000001100000000011000100000000000000000000000000000000000000000000001100
000010110000000000000000000000000000000000000000000000000000000000000000000011100001000010000010000001000000000000000000000000000000000000000000000000
000000100000000000110000000000000000000000000000000000000000000000000000000011100000010100000001010110000000000000000000000000000000000000000000000000
000001010000000000000000000000000000000000000000000000000000000000000000000001010000000100000011010100000000000000000000000000000000000000000000000000
000000100000000000110000000000000000000000000000000000000000000000000000000000110001100000000000000000000000000000000000000000000000000000000000000000
000000100000000011100000000000000000000000000000000000000000000000000000000000000010001000000000000000000000000000010000000000000011000000000000000000
000000000000000011100000000000000000000000000000000000000000000000000000000000000110010000000000000000000000000000101000000000000011000000000110000000
000000000000000000000000000000000000000000000000000000000000000000000000000000000110110000000000000000000000000000110000000000000000000000001010000000
000000110000000000000000000000000000000000000000000000000000000000000000000000000000000000000000000000000000000000000000000000000000000000000100000000
000000110000000000000000000000000000000000000000000000000000000000000000000000000000000000000000000000000000000000000000000000000000000000000000000000
000000000011000000000000000000001100000000000000000000000000000111000000000000000000110000000000000000000000000000000000000000000001000000000000000000
000000000100100000000000000000010010000000000000000000000000000000000000000000000110110000001000000000000000000000000000000000000001000000000000000000
000000000010100000000000000000001100000000000000000000000000010000000000000000000000001000011100000000000000000000000000000000000001000000000000000000
000000000001000000000000000000000000000000000000000000000000010000000000000000000000000000100110000000000000000000000000000000000000000000001100000000
000000000000000000000000000000000000000000000000000000000000010000000000000000000000010000011010000000000000000100000000000000000000000000001100000000
000000000000000000000000000000000000001000000000000000000000000000000011000000000011100001101010000000000000000100000000000000000000000000000000000000
000000000000000000000000000000000000010110000000000000000000000111000011000000000000000001101000000000000000000100000000000000000000000000000000000000
000000000000000000000000110000000000100110000000000000000000000000000000000000000000000001001000000100000000000000000000000000000000110000000000000000
010000000000000000000001010000000001000100000000000000000000000000000000000000000000011000110000001010000000000000000000000000000000110000000000000000
101000000000000000000011000000000110000000000000000000000000000000110000000000000011100000000000001010000000000000000000000000000000000000000000000000
101000000000000000000010000000000100000000000000000000000000000000110000000000000000101100000000000100000000000000000000000000000000000000000000000000
010000000000000000000010100000001100000000110000000000000000000000000000000000000000001100000000000000000000000000000000000000000000000000000000000000
000000000000000000000000010000001011000010100000000000000110110000000000000000000101001000000000000000000000000000000000000000000000000000000000000000
000000010000000000000100001000001000010111000000000000000110110000000000000000001110111011000000000000000000000000000000000000000000000000000000000000
000000010000000000001000001000000010110000000000000000000000000000000000000000001000111011000000000000000000000000000000000000000000000000000000000000
000000010000000000000000010000000100100000000000000000000000000000011000000000000101010000000000000000000000000000001000000000000000000000000000000000
000000000000000000000000100000000100100000000000000000000000000000100100000000010011000000000000000000000000000000010100000000000000000000000000000000
000000000000000000000110100000000101000000000000000000000000000000011000000000011011000000000000000000000000000000100100000000000000000000000000000000
000000000000000000000000011000000010000000000000000000000000000100000000000000000100000000000000000000000000000000011000000000000000001100000000000000
000000000000000000000001000110000000000000000000000000000000001010000000000000000000000000000000000000000000000000000000000000000000010100000000000000
000000000000000000000001000010000000000000000000000000000000001100000000010010000000000000000000000000000000000000000000000000000000001000000000000000
000000000000000000000000000100000000000000000000000000000000000100100000000001000000000000000000000000000000000000000000000000000000000000000000000000
000000000000000000000000001000000000000000000000000000000000000100010000100001000000000000000000000000000000000000000000000000000000000000000000000000
000000000000000000000011110000000000000000000000000000011000100010100000000000100000000000000000000000000000000000000000000000000000000000000000000000
000000000000000000000010000000000000001000000000000000100111100011100000000001000000000000000000000000000000000000000000000000000000000000000000000000
000000000000000000000001100000000000000110000000000000011000100000000000001000101011000000000000000000000000000000000000000000000000000111000000001100
000000000000000000000001110000000000001100000000000000000000000000000000001000101011000000000000000000000000000000000000000000000000000000000000001100
000000000000000000001001110001000000010000000001100000000000000000000000000011101000100000000000000000000000000000000000000000000000000000000000000000
000000000000000000110001110010100000011110111000000000011101000000000000000000001011000000000000000000000000000000000000000000000000000000000000000000
000000000001100000001000010000000000011111011001000100011000110000000010000011110010000000000000000000000000000000000000000000000000000000000000001100
000000000010010000000001101000001000110101011000000100011101000000000011000111011010000000000000000000000000000000000000000000000000000000000000001100
000000000001010001100001001011011000011110000000100000000000000000000000011100001100000000000000000000000000000000000000000000000000000000000000000000
000000000000101100000001010100100000011100000000011000000000000000000010000010001000000000000000000000000000000000000000000000000000000000000000000000
000000001000001100001100000000010000000000000000001000000000000000000000000110000000100000000000000000000000000000000000000000000000000000000000000000
000000001010000000010010000001001000000000000000000000000000000000001100111100000001010000000000000000000000000000000000000000000000000110000000000000
000000000011100000000001000001010000000000000000000001000000000000000011110000000001010000000000000000000000000000000000000000000000000110000000000000
000000000000010001000011000000100000000000000000000010100000000000110100001000000000100000000000000000000000000000000000000000000000000000000000000000
000000000000010001000011000000000000000000000000000010100000000000001100101101100000000000000000000000000000000000000000000000000000000000000000000000
000000001100010010010001100000000001000000000000000001000000000000000000101101100000000000000000000000000000010000000000000000000000000000000000000000
000000001000010110110010000000000000100000000000000000000000000000001000011101110000000000000000000000000000101000000000000000000000000000000000000000
001110000100010100100010010000000001000000000000000000000000000000000101011000100000100000000000000000000001001000000000000000000000110000001100000000
000000000100100111000011000000000000000000000000000000000000000000000010000101000000010000000000000000000000110000000000011000000000110000010010000000
000000000011100000000001010000000000000000000000000000000000000000000000000100000000011000000000000000000000000000000000011000000000000000010100000000
000000000010100000000000010000000000000000000000000000000000000000000001010000000000110000000000000000000000000000000000000000000000000000001000000000
000011100001100000000000000011000000000000000000000000000000000000000001010000001000110000000000000000000000000000000000000000000000000000000000000000
000000000000000000000001100001100000000000000000000000000000000100000001110000010011100000000000000000000000000000000000000000000000100000000000000000
000000001000000000000000000010000000000000000000000000000000001010000000000000001000100000000000000000000000000000000000000000000001110000000000000000
000000001000000000000000000000000000001100000000011000000000001010000000000000000110110000000000000000000000000000000000000000000011111000000000000000
000000001000000000000000000000000000001100000000011000000000000100000000000000000100000000100000000000000000000000000000000000000100000100000000000000
000000000000000000000110000000000000000000000000000000011000000000000000000000000010000011110000000000000000000000000000000000001100100110000000000110
000000000000000000000100100000000000000000000000000000100100000000000000000000000001001000100000000000000000000000000000000000011101010111000000001001
100000000000000000001001110000000000000000000000000000011000000000000000000000000000100000000000000000000000000000000000000000001100100110000000001101
100000000000000000001100000000000000000000000000000000000000000000000000000000000000101100000000000000000000000000000000000000000100000100000000001100
010000000000000000000001110000000000000000000000000000000000000000000000000000000000011000000000000000000000000000000000000000000011111000000000001110
001000000000000000001000001000000000000000000000000000000000000000000000000011000000000000000000110000000000000000000000000000000001110000000000001100
010000000000000000000110011000000000000000000000000000000000000000000000000011000110000000000000110000000000000000000110000000000000100000000000001101
100000000000000000000001001000000000000000000000000000000000000000000000100000001001000000000000000000000000000000000000110000000000000000000000011000
000000000000000000000001110000000000000000000000000000000000000000000000100000001010000000000000000000000000000000000000110000000000000000000000010000
000000000000000000000000000000000000000000000000000000000000000000000000100000000000000000000000000000000000000000001101100000000000000000000000000001
100000000000000000000000000000000000000000000000100000000000000000000000000000000000000000000000000000000000000000001000000000000000000000000000010000
100000000000000000000000000000000000000000000001010000000000000000000000000000000000000000000000000000000000000000000000000000011000000000000000010000
000000000000000000000000000000000000000000000001010000000000000000000000000000000000000000000000000000000000000000000000000001101001000000000000001111
000000000000000000000000000000000110000000000000100000000000000000000000000000000000000100000000000000000000000000000000000000001001101000000000000100
