000000000000000000000000000000000000000000000000000000000000000000000000000000000000000000000011000000000000000000000001000001000000100000010000000000
000000000000000000000000000000000000000000000110000000000000000000000000000000000000000000000011000000000000000000000001100010100000000000000000000000
000000000000000000000000000000000000000000000110000000000000000000000000000000000000000000000000000000000000000000000110100010100000000000000000000000
000000000000000000000000000000000000000000000000000000000000000000000000000000000000000000000000000000000000000000001000100001000000000000000000000000
000000000000000000000000000000000000000000000000000000000000000000000000000000000000000000000000000000000000000000001001100000000000000000000000000000
000000000000000000000000000000000000000000000000000000000000000000000000000000000000000000000000000000000000000000000111000000000000000000000000000000
000000000110000000000000000000000000000000000000000000000000000001100000000000000000000000000000000000000000000000000010000000000000000000000000000000
000000001001000000000000000000110000000000000000000000000000000001100000000000000000000000000000000000000000000000000000000000000000000000000000000000
000000001001000000000000000000110000000000000000000000000000000000000000000000000000000000000000000000000000000000000000000000000000000000000000000000
000000000110000000000000000000000000110000000000000000000000000000000000000000000000000000000000000000000000000000000000000000000000000000000000000000
000000000000000000000000000000000000110000000000011000000000000000000000000000000000000000000000000000000000000000000000000000000000000000000000000000
000000000000000000000000000000000000000000000000011000000000000000000000000000000000000000000000000000000000000000000000000000000000000000000000000000
000000000000000000000000000000000000000000000000000000000000000000000000000000000000000000001110000110000000000000000000000001110000000000000000000000
000000000000000000000000000000000000000000000000000000000000000000000000000000000000000000010010011010000000000000000000000000000000000000000000000000
000000000000000000000000000000000000000100000000000000000000000000000000000000000000000000100010000100000000000001100000000000000000000000000000000000
000000000000000000000000000000000000001010000000000000000000000000000000000000000000000000101100100100000000000001100000000000000000000000000000000000
000000000000000000000000000000000000001010000000000000000000000000000000000000000000000000010000010000000000000000000000000000000000000000000000000000
000000000000000000000000000000000000000100000000000000000000000000000000000000000000000000000000001100000000000000000000000000000000000000000000000000
000000000000000000000000000000000000000000000000000000000000000000000000000000000000000000000000101110000000000000000000000000000000000000000000000000
000000000000000000000000000000000011000000011000000000000000000000001000000000000000000000100001011000000000000000000000000000000000000000000000000000
000000000000000000000000000000000100100000100100000000000000000000010100000000000000000001010000000100000000000000000001000000000000000000000000000000
000000000000000000000000000000000011000000011000000000000000000000001000000000000000000001010001101000000000000000000001000000000000000000000000000000
000000000000110010000000000000000000000000000000000000000000000000000000000000000000000000100000010000000000000000000001000000000000000000000000000000
000000000001100000000000000000000000000100000000000000000000000000000000000001000000000000000000000000000000000000000000000000000000000000000000000000
000000000000010000000000000000000000001010000000000000000000000000000000000010100000000000000000000000000000000000000000000000000000000000000000000000
000000000000000100000000000000000000001010000000000000000000000000000000000010010000000000000000000000011100000000000000000000000000000000000000000000
000000000000010100000000000000000000000100000000000000000000000000000000000001100000000000000000000000010000000000000000000000000000000000000000000000
000000000000001000000000000000000000000000000000000000000000000000000000000000000000000000000000000001110000000000000000000000000000000000000000000000
000000000100000000000000000000000000000000000000000000000000000011000000000000000000000000000000000001100000000000000000000000000000000000000000000000
000000011011001100000000000000000000000000000000000000000000000011000000000000000000000000000000000000000001000000000000000000000000000000000000000000
000000011011001100000000000000000000000000000000000000000000000000000000000000000000000000000001100000000010100000000111000000000000000000000000000000
000000000000001100000000000000000010000000000000000000000000000000000000000000000000000000000001100000000010100000000000000000000000000000000000000000
000000000000000000010000000000000010000000000000001110000000000000000000000000000000000000000000000000000001000000010000010000000000000000000000000000
000000000000010000111000000000000010000000000000000000000000000000000000000000000000000000000000000000000000000000010000010000000000000000100000000000
000000000000010001111100000000000000000000000000000000011000000000000000000000000000000000000000000000000000000000010000010000000000000001010000000000
000000000000000011000110000000000000000000000000000000100100000000000000000100000000000000000000000000000000000000000000000000000000000000100000000000
000000000000000001111100000000000000011000000000000000011000000000000000000010000000000000000000000000000000000000000111000000000000000000000000000000
000000011000000000111000000000000000011000000000000000000000000000000000001000000011000000000000000000000000000000000000000000000000000000000000000000
000000101000000000010000000000000000000000000000000000000000000000000000010000000010100000000000000000000000110000000000000000000000000000011100000000
000000010001000000000000000000000000000000000000000000000000000000000000010001000001000000000000000000000000110000000000000000001100000000010100000000
000000000010100000000000000000000000000000000000000000000000000000000000001000000000000000000000000000000000000000000000000000001100000000010100000000
000000000010010000000000000000000000000000000000000000000000000000000010100000000000000000000000000000000000000000000000000000000000000000000000000000
000000000001100000000000000000000000000000000000000110000000000000000001100000000000000000000000000000000000000000000000000000000000000000000000000010
000000000000000000000000000000000000000000000000001001000000000000000000000100000000000000000000000000000000000000000000000000000000000000000000000011
101000000000000000000000000000000000000000000000001010000000000000000000100000000000000000000000000000000000000000000000000000000000000000000000000101
110100000000000000000000000000000000000000000000000100000000000000000000110000000000000000000000000000000000000100000000000000000000000000000000010010
010100000000011100000000000000000000000000000000000000000000000000000000000000000000000000000000000000000000000100000000000000000000000000000000110000
001000000000000000000000000000000000000001100000000000000000000000000000000000000000000000000000000000000000000100000000000000000000000000000000000010
000000000000000000000000000000000000000001100000000000000000000000000000000000000000000000000000000000000000000000000000000000000011000000000000000110
000000000000000000000000000000000000100000000000000000000000000000000000000000000000000000000000000000000000000000000000000000000100100000000000101110
000000000000000000000000000000000000100000000000000000000000000000000000000000000000101000000000000000000000000000000000000000000100100000000000010000
000000000000000000000000000000000000100000000000000000000000000000000000000000000000101000000110000000000001100000000000000000000011000011000000000000
000000000000000010000000000000000000000000000000000000000000000001100000000000000000101000000110000000000001100000000000000000000000000011000000001100
000000000000000111000000000000000000000000000000000000000000000001100110000000000000100000000000000000000000000000000000000000000000000000000000011100
000000000000000101000000000000000000000000000000000000000000011000000110000000000000000000000000000000000000000000000000000000000000000000000000010100
000000000000011000000000000000000000000000000000000000000000011000000000000000000000000000000000000000000000000000000000000000000000000000000000011000
000000000000011000000000000011000000000000000000000000000000000000000000000000000000000000000000000000000000000000000000000000000000000000000000010000
101100000000000000100000000100100000000000000000000000000000000000000000000000000000000000000000000000000000000000000000000000000000000000000000010000
000000000000001011010000000011000000000000000000000000000000000000000000000000000000000000000000000000011000000000000000000000000000000000000000010000
000010000000000011101000000000000000000000000000000000000000000000000000000000000000000000000000000000011000000000000000000000011000001111000000001000
001101000000010010101000000000000000000000000000000000000000000000000000000000001100000000000000000000000000000000001000000000100100001111000000000100
101100010000111100000000000000000000000000000000000000000000000000000000000000100000000000000000000000000000000000110110000000100100001000000000000000
001100010001100010001000000000000000000000000000000000000000000000000000000001001000000000000000000000000000000000000000000000011000000011100000000100
100001000011000010010000000000000000000000000000000000000000000000000001000000000000000000000000000000000000100001000000000000000000000010100000000110
101000000000100011100000000000000000000000000000000000000000000000000010100000000000000000000000000000000000010000000001000000000000000000000011000001
101100000000001110000000000000000000000000000000000000000000000000000100010010110000000000000000000000000110001000110001000000000000000001110000100000
000000010000001011000000000000000000000000000000000000000000000000000010100001010000000000000000000000001000001010001100000000000000000001001011100000
000000101000010000100000000000000000000000000000000000000000000000011000000000011100000000000000000010001111111010000000000000000000000000110111000000
000000010000010000010110000000000000000000000000000000000000100000010000000000010000000000000000000010000100010000000000000001000000000000011100000000
000000000000010000000110000000000000000000000000000000000001010000011110011100000000000000000000000010000111000000000000000010100000000000000000000000
000000000000001000000000000000000000000000000000000000000001100000000010100100001110000000000000000000000010001000000000000010010000000000000000000000
100000000000010101100000000000000000000000000000000000000000000000001110111000000000000000000000000000000001110000000000000000010000000000000000000000
010000000000010001100000000000000000000000000000000000000000000000000000000000000000000000000000000000000000010000000000000010110000000000000000000001
010000000000011110000000000000000000000000000000000000000000000000000000000000000000000000000000000000000000111000000000000100100000000000000000000001
100000000000000100000000000000000000000000000000000000000000000000000000000000111000000000000000000000100001001000000000000111000000000000000000000000
000000000000000000000000000000000000000000000000000000000000000000000000000011001000000000000111000001110010000100000000000010000000000000000000000000
000000000000000000000000000000000000000000000000000000000000000000000000000001110000000000000000000000001000000010000000000000000000000000000000000000
000000000000000000000000000000000000000000000000000000000000000000000000000000100000000000000000000011110000000100000000100000000000000000000000000000
000000000000000000000000000000000000000000000000000000000000000000000000000000000000000000110000000000011110000000000000100000000000000000000000000000
000000000000000000000000000000000000000000000000000000000000000000000000000000000000000000110000000011000000100000000000100000000000000000000000000000
000000000000000010000000000000000000000000000000000000000000000000000000000000000000000000000000000100011000000000000000000000000000000000000000000000
000000000000000101000000000000000000000000000000000000000000001000000000000000000000000000000000000000000000000000001110000000000000000000000000000000
000000000000000101001100000000000000000000000000000000000000001000000000000000000000000000000000000000000000000000000000000000000000001100000000000000
000000000000000010001100000000000000000000000011100000110000001000000000000000000000000000000000000000000001000000000000000000000000001100000000000000
000000000000000000000000000000000000000000000000000001001000000000000000000000000000000000000000000000001100001100000000000000000000000000000000000000
000000000000000000000000000000000000000000000000000000110000000011100000000000000000000000000000000000011111000011000000001100011000000000000000000000
000000000000000000000000000000000000000000000000000000000000000000000000000000000000000000000000000000100110000011110000001100011100000011000000000000
001100000000000000000000000000000000000000000000000000000000001000000000000000000000000000000000000000000000000011010000000000000001110011000000000000
001010000000000000000000000000000000000000000000000000000000001000000000000000000000000000000000000000001100000010111000001000001000001000000000000000
000101000000000000000000011000000000000000000000000000000000001000000000000000000000000000000000000000111010000011000000011000011000010000000000000000
000010000000000000001100011000000110000000000000000000000000000000000001110000000000000000000000000100000010000000010000100000010000000000000001100000
000000000000000000001100000000000110000000000000000000000000000000000010011000000000000000000000000100000010000011100000011000001100000000000010010000
000000000000000000000000000000000000000000011000000000000000000000000101111100000000000000000000010000010110000010000000001000001100000000000010100000
000000000000000000000000000000000000000000011000000000000000000000000111011100000000000000000000001000000000000000000000000000000000000000000001000000
000000000111000000000000000000000000000000000000000000000000000000011000000100000000000000000000011001000000000000000000000000000000000000000000000000
000000000000000000000000000000000000000000000000000000000000000110000001000001100000000000000000000000000000000000000001110000000000000000000000000010
000000000000000000000000000000000000000000000000000000000000000110010001100000110000000000000000001001000000000000000011001000000000000000000000000101
000000000000000000000000000000000100000000000000000000000000000000000111100010001000000000000000000101000000000000000011001000000000000000000000000101
000000000000000000000000000000000100000000000000000000000000000000001001000111111000000000000000000101000000000000000000110000000000000000000000000010
000000000000000000000000000000000100000000000000000000000000000000100110000100001000000000000000000000000000000000000000000000000000000000000000000000
001100000010000000000000000000000000000000000000000000000000000000110000110001010000000000000000000000000000000000000000000000000000000000000001100000
010010000101000000000000000000000001110000000000000000000000000000100000010001110000000000000000000000000000000000000000000000000000000001000010010000
001100000100100000000110000000000000000000000000000000000000000000011000100000100000000000000000000000000000000000000000000000000000000010100001100000
000000000011000000000110000110000000000000000000000000000000000000010011000000000000000000000001100000000000000000000000000000000000000001100000000000
000000000000000000000000000110000000000000000000000000000000000000001100001100000000000111000001100000000000000000000000000000000000000000000000000010
000000000000000000000000000000000000000000000000000000000000000000000000001100000000000000000000000000000000000000000000000000000000001100000000000101
000000000000000000000000000000000000000000000000000000000000000000000000000000000000000000000000000000000000000000000000000000000000010100000000000101
000000000000000000000000000000000000000000000000000000000000000000000000000000000000000000000000000000011000000000000000000000000000001000000000000010
000000000000000000000000000000000000000000000000000000000000000000000000000000000000000000000000000000011000000000000000000000000000000000000000000000
000000000100000000000000000000000000000000000000000000000000000000000000000000000000000000000001100000000000000000000000000000000000000000000000000000
000000001010000000000000000000000000000000000000000000000000000100000000000000000000000000000001100011000000000000000000000000000000000000000000000000
000000001010000000000000000000000000000000000000000000000000000100000000000000000000000000000000000011000000000000000000000000000000000010000000000000
000000000100000000000000001100000000000000000000000000000000000100000000000000000000000000000000000000000000000000000000000000000000000010000000000000
000000000000000000000000001100000000000000000000000000000000100000100000000000000000000000000000000000000000000000000000000000000000000010000000000000
000000000000000000000000000000000000000000000000000000000001010001010000000000000000000000000000000000000000000000000000000000000000000000000000000000
000000000000000000000000000000000001000000000000000000000001010001010000000000000000000000000000011000000000000000000000000000000000000000000000000000
000000000000000000000000000000000001000000000000000000000000100000100000000000000000000000000000011000000000000000000000000000000000000000000000001100
000000000011100000000000000000000001000000000000000000000000000000000000000000000000000000000000000000000000000000000000000000000000000000000000001100
000000000000000000000000000000000000000000000000000000000000000000000000000000000000000000000000000000000000000000000000000000000000000000000000000000
000000000000000000000000000000011000011100000000000000000000000000000000000000000000000000000000000000000000000000000000000000000000000000000000000000
000000000000000110000000000000011000000000000000000000000000000000000000000000000000000000000000000000000000000000000000000000000000000000000000000000
000000000000001001000000000000000001000000000000000000000000000000000000000000000000000000000000000000001110000000000000000000000000000110000000000000
000000000000000110000000000000000001000000110000000000000000000000000011000000000000000000010000000000000000000000000000000000000000000110000000000000
000000000000000000000001100110000001000000110000000000000000000000000011000000000000000000101000000000000000000000000000000000000000000000000000000000
000000000000000000000001100110011000000000000000000000000000000000000000000000000000000001010000000000000000000000000000000000000000000000000000000000
000000000011000000000000000000011000001100000000000000000000000000100000000000000000000001100000000000000000010000000000000000000000000000000000000000
000000000101000000000000000000000000010010000000000000000000000001010000000000000000000000000000000000000000101000000000000000000000000000000000000000
000110000010000000000000000000000000001100000000000000000000000001010000000000000000000000000000000000000001001000000000000000000000000000001100000000
000110000000000000000000000000000000000000000000000000000000000000100000000000000000000000000000011000000000110000000000011000000000000000010010000000
000000000000000000000000000000000000000000000000000000000000000000000000000000000000000000000000100100000000000000000000011000000000000000010100000000
000000000000000000000000000000000000000000000000000000000000000000000000000000000000000000000000011000000000000000000000000000000000000000001000000000
000000000000000000000000000000000000000000000000000000000000000000000000000000000000000000000000000000000000000000000000000000000000000000000000000000
000000000000000000000000001100000000000000000000000001000000000001100000000000000000000000000000000000000000000000000000000000000000000000000000000000
000000000000000000000010001100000000000000000000000010100000000001100000000000000000000000000000000000000000000000000000000000000000000000000000000000
000000000000000000000010000000000000000000000000000010100000000000000000000000000000000000000000000000000000000000000000000000000000000000000000000000
000000000000000000000010000000000000000000000000000001000000000000000000000000000000000000000000000000000000000000000000000000000000000000000000000000
000000000000000000000000000000000000000000000000000000000000000000000000000000000000000000000000000000000000000000000000000000011000000011000000000000
000000000000000000111000111000000000000000000000110000000110000000000000000000000000000000000000000000000000000000000000000000100100000100100000000000
000000000000000000000000000000000000000000000001001000001001000000000000000000000000000000000000000000000000000000000000000000011000000011000000000000
000000000000000000000000000000000000000000000000110000000110000000000000000000000000000000000000000000000000000000000000000000000000000000000000000000
000000000000000000000000000000000000000000000000000000000000000000000000000000000000000000000000000000000000000000000000000000000000100000000000000000
000000000000001000000000000000000000000000000000000001000000000000000000000000000000000000000000110000000000000000000000000000000001010000000000000000
000000000000001000000000000000000000000000000000000010100000000000000000000000000000000000000000110000000000000000000000000000000001010000000000000000
000000000000001000000000000000000000000000000000000010100000000000000000000000000000000000000000000000000000000000000001000000000000100000000000000000
000000000001000001000000000000000000000001000000000001000000000000000000000000000000000000000000000000000000000000000011100000000000000000000000000000
000000000010100010100000000000000000000010100000000000000000000000000000000000000000000000000000000000000000000000000110010000000000000000000000000000
000000000010100010100000000000000000000010100000000000000000000000000000000000001100000000000000000000000000011100000100010000000000000000000000000000
000000000001000001000000000000000000000001000000000000000000000000000000000000001100000000000000000000000000011100000101000000000000100000010000000000
000000000000000000000000000000000000000000000000000000000000000000000000000000000000000000000000000000000000000000000000000000000001010000101000000000
000000000000000000000000111000000000000000000000000000000000000000000000000000000000000000000000000000000000000000000011011000000001010000101000000000
