000000000000000000000110000000000000000000000000000000000000000000000000001000000000000000000000000000000000000000000000000000000000000000001000000000
000000000000000000001001000000000000000000000000000000000000000000000000000000000000000000000000001000000000000000000000000000000000000000001000000000
100000000000000000000110000000000000000000000000000000000000000000000000000000000000000000000000001000000000000000000000000000000000000000000000000000
100000000000000000000000000000000000000000000000000000000000000000000000000000000001100000000000001000000000000000000000000000000000000001000011001000
100000000000000000000000000000000000000000000000000000000000000000000000000000000001100000000000000000000000000000000000000000000000000010010110000000
000000000000000000000000000000000000000000000011100000000000000000000000000000000000000000000000000000000000000000000000000000000000000001111110111000
000000000110000000000000000000000000000000000000000001110000000001100000000000000000000000000000000000000000000000000000000000000000110000110000100010
000000001001000000000000000000000000110000000000000000000000000001100000110000000000000000000000000000000000000000000000000000000001001000001101011010
000000001001000000000000000000000000110000000000000000000000000000000000110000000000000000000000000000000000000000000000000000000000110000000011001100
000000000110000000000000000000000000000000000000000000000000000000000000000000000000000000000000000000000000000000100000000000000000000000000010111000
000000000000000000000000000000000000000000000000000000000000000000000000000000000000000000000000000000000000000000100000000000000000000000000001100000
000000000000000000000000000000000000000000000000000000000000000000000000000000000000000000000000000000000000000000110000000000000000000000000000100000
000000000000000000000000000000000000000000011000000000000000000000000000110000000000000000000000110000000000000000001000000000000000000000000000000000
000000000000000000000000000000000000000000000000000000000000000000000000110000000000000000000000110000000000000000011000000000000000000000000000000000
000000000000000000000000000000000000000000100011000000000000000000000000000000000000000000000000000000000000000011110110000000000000000000000000000000
000000000000000000000000000000000000000001110001000000000000000000000000000000000000000000000000000000000000000011101100000000000000000000000000000000
000000000000000000000000000000000000000000001100000000000000000000000000000000000000000000000000000000000110000011001110110000000000000000000000000000
000000000000000000000000000000000000000111001100000000000000000000000000000000000000000000000000000000001001000000101100000000000000000000000000000000
000000000000000000000000000000000000000001011001000000000000000000000000000000000000000000000000000000000110000000001110000000000000000000000000000000
000000000000000000000000000000000000000000100000000000000000000000000000000000000000000000000000000000000000000000011000000000000000000011000000000000
000000000000000000000000000000000000000000101011000000000000000000000000000000111000000000000000000000000000000111011000000000000000000011000000000000
000000000000000000000000000000000000000000011100000000000000001000001111000001000100000000000000000000000000000000000000000000000011100001100000000000
000000000000000000000000000000000000000000001000000000000000010001111100100001000010000000000000000000000000000000000000000000000011011000110000000000
000000000000000000000000000000000000000000000000000000000000100000100000010000000010000000000000000000000000000000000000000000000100011000011000000000
000000000000000000000000000000000000000000000000000000001100101000000000010000000110000000000000000000000000001000000000000000000100101100000000000000
000000000000000000000000000000000000000100010000000000001100010011110000101000111000000000000000000000000000001000000000000000000010100000000001000000
000000000000000000000000000000000000000100001000000000000000000000100000101000000000000000000000000000000000001000000000000000000001100010000010100000
000000000000000001000000000000000000000000001100000000000000000000000110000000000001000000000000000000000000000000000000000000000000100110011000100000
000000000000000011000000000000000000000000000110000000000000000000001000100000000010100000000000000000000000000000000000000000000000000000101010000000
000000000000000110010000000000000000110000001000000000000000000000001000110000000001100000000000000000000000000000000000000000000000011000101000000000
000000000010000001010000000000000001001100000000000000000000000001000100001100000000000000000000000000000000000000000000000000000000000000000000000000
000111000101000001100100000001100010001100000000000000000000000010100000100000000000000000000000000000000000000000000000000000000000000000000000000000
000000000110000000110100000001100010000001001000000000000000000110011000001100000000000000000000000000000000000000000000001000000000000000000000000100
000000000000000000010110000000000000001110010110000000000000000011011000000000000000000011000000000000000000000101000000011000000000000000000000001110
000000000000000001000110000000000000010010000110000000000000000011011000000000000000000011000000000000001100000101000000111000000000000000010000011001
000000000000000001001000000000000000000100000100000000000000000000100000000000000000000000000000000000001100000010000001000000000000100001101000011011
100000000000000000110000000000000000011010001000000000000000000000000111000000000000000000000000000000000000000000000001010000010001100001101000000011
000000000000000000000000000000000000000111110000000000000000000000000101101000000000000000000000000000000000000000000001110000100011100000110000001011
000000000000000000000000000000000000000000000000000000000000000000001011111000000000000000000000000000000000000000000000000011000010000000000000010010
000000010000000000000000000000000000000000000000000000000000000000001100000000000000000000000000000000000000000000000000000010000000110000000000000010
000000010000000000000000000000000000000000000000000000000000000000000011011000000000000000000000000000000000000000000000000011111101110000000000010100
000000010000000000000000000000000000000000000000000000000000000000000001010000000000000000000000000000000000000000000000000000101101110000000000001000
000000000000000000000000000000000000000000000000000000000000000000000000100000000000000000000000000000000000000000000000000000000000000000000000000000
000000000000000000000000000000000000000000000000000000000000000000000001000000000000000010000000000000000000000000000000000000000000000000000000000000
000000000000000000000000000000000000000000000000000000000000000000000001000000000000000101000000000000000000000000000000000000000000000000000000000000
000000000000000000000000000000000000000000000000000000000000000000000001000000000000000011000000000000000000000000000000000000000000000000000000000000
000000000000000000000000000000000000000110000000000000000000000000000000000000000000000000000000000001000000000000000000000000000000000000000000000000
000000000000000000000000000000000000000110000000000000000000000000000000000000000000000000000110000010100000000000000000000000000000000000000000000000
000000000000001000000000000000000000000000000000000000000000000000000000000000000000000000000110000010100000000000000000000000000000000000000000000000
000000000000001000000000000000000000000000000000000000000000000000000000000000000000000000000000000001000000000000000001000000000000000000000000000000
000010000000001000000000000000000000000000000000000000000000000000000000000000000000000000000000000000000000000000000011100000100000000000000000000000
000000100000000000000000000000110000000000000000000000000000000000000000000000000000000000000000110000000000000000000101100001100000000000000000000000
100000010000000000000000000000111100000000000000000000000001110000000000000000000000000000000001001000000000000000001110000110010000000000000000000000
100001110000000000000000000011001001000000000000001100000000010000000000000000000000000000000000110000000000000000000110000110100000000000000000000000
011000010000000000000000000110000010100000000000001100000000100000000000000000000000000000000000000000000000000000000000010000100000000000000000000000
000001000000000000000000000010000010110000000000000000000000000000000000000000000000000000000000000001000000000000000000011100000000000000000000000000
000100010000000000000000000001000101100000000000000000000000000000000000000000000000000000000000000010100000000000000100101000100000000000000000000000
000011110000000000000000000001000001100000000000000000000000000000011100000000000000000000000000000010100000000000000111110100100000000000000000000000
000010000100000000000000001100011110000001100000000000000000000000000000000000000000000000000000000001000000000000000010010000100100000000000000000000
000010010000000000000000001100000100000010010000000000000000000000000000000000000000000000000000000000000000000000000000100011010000000000000000000000
000010010110000000011000000000000000000001100000000000000000000000000000000000000000000000000000000000000000000000000000110000100110110000000000000000
000000001110000000101000000000100000000000000000000000000000000000000011000000000100000000000111000000000000000000000000010001100001001000000000000000
000000101110000000001100000001100000000000000000000000000011000000000011000000001100000000100000000000000000000000000000000001100010000000000000000000
000001100110000000000001000000100000000000000000000000000011000000000000000000001100010001110000010000000000000000001000010001000011110000000000000000
000000001110000000000001000001101100000000000000000000000000000000000000000000000000000110001000010000000000000000001000110100000000000000000000000000
000000001100000000000000000000011100001000000000000000000000000000000000000000000000000110011000010001000000000000001000000000000011110000000000000000
000001100000000000010100000001001100010100000000000000000000000000000000000000000000000001010000000010100000000100000000000000100010000000000000000000
000001100000000000110100000000111000010100000000000000000000000000000000000000000000000000000111000010110000000100000000001100100001001000000000000000
000000000000000000100000010000110000001000000000000000000000000000000000000000110000000001110000001110100000000100000000001000000110110000000000000000
000000000000010000101101100000000000000000000000000011000000000000000000000001001000000110110000011011100000000000000000000010110000000000000000000000
000000000000101100010111100000000000000000000000000011000000001100000000000001101100000011100000000001100000000000000000110000000100000000000000000000
000000000000010010011011000000000000000000000000000000000000010010000000000000101000000001000000000100100000010000000011011000000000000000000000000000
000000000000010000000010000000000000000000000000000000011000001100000000000000010000000000000000000011110000010001110010000100000000000000000000000000
000000000000001010000010000000000000000000000000000000011000000000000000000000000000000000000000000101000000011000100000000111000000000000000000000000
000000000000000000000000000000000000000000000000000000000000000000000000000000000000000000000000000000000111110000010000001101100000000000000000000000
000000000000000011000000000000110000000000000000000000000000000000000000000000000000000000000000000000000111110000000000000001100000000000000000000000
000000000000000001010000000001001000000000000000000000000000000000000000000000000000000000000000000101011100100001100001000100010000000000000000000000
000000000000000000010000000001010000000110000000000000000000000000000000011000000000000000000000011011011100000001010000110101100000000000000000000010
000000000000001000000000000000100000000110000000000000000000000000000000011000000000000000000110001000101000000001001000000011100000000000000000000110
001000000000001000000000000000000000000000000000000000000000000000000000000000000000000001101001000010110000000000000000000000000000000000000000001010
001100001000001000000000000000000000000000000000000000000000000000000000000000000000000001101010000011100000000000000000000000000000000000000000000000
001011010000000000000000000000000000000000000000000000000000000000000000000000000000000000000100000001000000000000110000000000000000000000000000000100
010011001000000000000001110000000000000000000000000000000000000000000000000000000000000000000000000000000000000000111000000000000011000000000000000000
010110000000000000000001001000000000000000000000000000000000000000000000000000000000000000000000000000000000000000101000000000000011000000000000000000
001000000000000000000000000100000000000000000000000000000000000000000000000000000000000000111000000000000000000000110000000000000000000000000000000000
010000000000000000000001001000000000000000000000000000000000000000000000000000000000000000111000000000000000000000000000000000000000000000000000000000
010000000000000000000001110000000000000000000000000000000000000000000000000000000000000000000000000000000000000000000000000000000000000000000000000000
010000000000011000000000000000000000000000000000000000000000000111000000000001100000110000000000000000000000000000000000000000000001000000000000000000
000000000000001000000000000000000000001111000000000000000000000000000000000001100001001000000000000000000000000000000000000000000001000000000000000000
000000000000001000000000000000000000000001000000000000000000010000000000000000000000110000000000000000000000000000000000000000000001000000000000000000
000000000000000000000000000000000000001000000000000000000000010000000000000000000000000000000000000000000000000000000000000000000000000000001100000000
000000000000000000000000000000011000000111000000000000000000010000000000000000000000000000000000000011000000000000000000000000000000000000001100000000
000000000000000000000000000000111100000001000000000000000000000000000011000000000000000000000000011010000000001110000000000000000000000000000000000000
000000000000000000000000100100100100000000000000000000000000000111000011000000000000000000000000010110000000101110000000000000000000000000000000000000
000000000000000000000000100000000101111000000000000000000000000000000000000000000000000000000000010000001011000000000000000000000000110000000000000000
010000000000000000000000100000011101110000000000000100000000000000000000000000000000000000000000010010001000100000000000000000000000110000000000000000
101000000001100000000000000000011111000110000000000110000000000000110000000000000000000000000000001010000000100000000000000000000000000000000000000000
101000000001110000000000000011000010001100000000000011000000000000110000000000000000000000000000000100010001100000000000000000000000000000000000000000
010000011101101000000000000000000000001000000000000010000000000000000000000000000000000000000000000000100010000000000000000000000000000000000000000000
000000011000010000000000000000000000000000000001110100000110110000000000000000000000000000000000000000010010000000000000000000000000000000000000000000
000000100100000000000000100000000000000000000001110000000110110000000000000000000000000000000000000000001000000000000000000000000000000000000000000000
000001110010000000000000100000000000000000110000000000000000000000000000000000000000000000000000000000000000000000000000000000000000000000000000000000
000000100100000000000000100110000000000001001000000000000000000000011000000000000000000000000000000000000000000000001000000000000000000000000000000000
000000011000010000000000000110000000000000110000000000000000000000100100000000000000000000000000000000000000000000010100000000000000000000000000000000
000000011101101000000000000110000000110000000000001100000000000000011000000000000000000000000000000000000000000000100100000000000000000000000000000000
000000000001110000000000000000000001001000000000001100000000000000000000000000000000000000000000000000000000000000011000000000000000001100000000000000
000000000001100000000000000000000001010000000000000000000000000000000000000000000000000000000000000000000000000000000000000000000000010100000000000000
000000000000000000000000000000000000100000000000000000000000000000000000000000000000000000000000000000000000000000000000000000000000001000000000000000
000000000000000000000000000000000000000000000000000000000000000000000000000000000000000000000000000000000000000000000000000000000000000000000000000000
000000000000000010000000000000000000000000000000000001100000000000000000000000000000000000000000000000000000000000000000000000000000000000000000000000
000000000000000101000000000000000000000000000000000001101100000000000000000000000000000000000000000000000000000000000000000000000000000000000000000000
000000000000001001000000000000000000000000000011000000010010000000000000000000000000100000000000000000000000000000000000000000000000000000000000000000
000000000000000110000000000000000000000010000001000000000010000000000000000000000001010000000000000000000000000000000000000000000000000111000000001100
000000000000000000000000000000000000000101000001000001011010000000000000000000000010010000000000000000000000000000000000000000000000000000000000001100
000000000000000000000000000000000000000100000000000010111000000000000000000000000001100000000000000000000000000000000000000000000000000000000000000000
000000000000000000000000000000000000000011100100000000110000000000000000000000000000000000000000000000000000000000000000000000000000000000000000000000
000000000000000000000000000000000000000000111001110001000000000000000000000000000000000000000000000000000000000000000000000000000000000000000000001100
000000000000000000000000000000000000000000000000000000000000000000000000000000000000000000000000000000000000000000000000000000000000000000000000001100
000000000000000000000000000000000000000000000000000000000000000000000000000000000000000000000000000000000000000000000000000000000000000000000000000000
000000000000000000000000000000000000000000000000000000000000000000110000000000000000000000000000000000000000000000000000000000000000000000000000000000
000000000000000000000000000000000000000000000000000000000000000001001000000000000000100000000000000000000000000000000000000000000000000000000000000000
000000000000000000000000000000000000000000000000000000000000000000010000000000000001010000000000000000000000000000000000000000000000000110000000000000
000000000011000001100000000000000000000000000000000000000000000000000000000000000001010000000000000000000000000000000000000000000000000110000000000000
000000000011000001100000000000000000000000000000000000000000000000000000000000000000100000000000000000000000000000000000000000000000000000000000000000
000000000000000000000000000000000000000000000000000000000000000000000000000000000000000000000000000000000000000000000000000000000000000000000000000000
000000000000000000000000000000000000000000000000000000000011000000000000000000000000000000000000000000000000010000000000000000000000000000000000000000
000000000000000000000000000000000000000000000000000000000011000000000011000000000000000000000000000000000000101000000000000000000000000000000000000000
000000000000000000000000000000000000000000000000000000011011000000000111000000000000000000000000000000000001001000000000000000000000000000001100000000
000000000000000000000000000000000000000000000000000000110001000001110000000000000000000000000000000000000000110000000000011000000000000000010010000000
000000000000000000000000000000000000000000000000000000010110000000010111000000000000000000000000000000000000000000000000011000000000000000010100000000
000000000000000000000000000000000000000000000000000000110000000000000111000000000000000000000000000000000000000000000000000000000000000000001000000000
000000000000000000000000000000000000000000000000000000111000000000000000000000000000000000000000000000000000000000000000000000000000000000000000000000
000000000000000000000000000000000000000000000000000000011000000010000000000000000000000000000000000000000000000000000000000000000000000000000000000000
000000000000000000000000000000000000000000000000000000001001000111000000000000000000000000000000000000000000000000000000000000000000000000000000000000
000000000000000000000000000000000000001100000000011000000100101101000000111000000000000000000000000000000000000000000000000000000000000000000000000000
000000000000000000001100000000000000001100000000011000000011100111000000000100000000000000000000000000000000000000000000000000000000000000000000000000
000000000000000000001100000000000000000000000000000000000000000000000000000010000000000000000000000000000000000000000000000000011000000011000000000000
000000000000000000000000000000000000000000000000000000000000000000000000010100000000000000000000000000000000000000000000000000100100000100100000000000
000000000000000000000000000000000000000000000000000000000000100000000000100010000000000000000000000000000000000000000000000000011000000011000000000000
000000000000000000000000000000000000000000000000000000000011100000000001100010000000000000000000000000000000000000000000000000000000000000000000000000
000000000000000000000000000000000000000000000000000000000011100000000010000010000000000000000000000000000000000000000000000000000000100000000000000000
000000000000000000000000000000000000000000000000000000000000000000000111100000000001000000000000110000000000000000000000000000000001010000000000000000
000000000000000000000000000000000000000000000000000000000000000000000110010000000001000000000000110000000000000000000000000000000001010000000000000000
000000000000000000000000000000000000000000000000000000000000000000000011100000000001000000000000000000000000000000000000000000000000100000000000000000
000000000000000000001100011000000000000000000000000000000000000000000001000000000000000000000000000000000000000000000000000000000000000000000000000000
000000000000000000010010011000000000000000000000000000000000000000000000000000001000000000000000000000000000000000000000000000000000000000000000000000
000000000000000000010100000000000000000000000000100000000000000000000000000000010100000000000000000000000000000000000000000000000000000000000000000000
000000000000000000001000000000000000000000000001010000000000000000000000000000010100000000000000000000000000000000000000000000000000000000000000000000
000000000000000000000000000000000000000000000001010000000000000000000000010000001000000000000000000000000000000000000000000000000000000000000000000000
000000000000000000000000000000000000000000000000100000000000000000000000001000000000000000000000000000000000000000000000000000000000000000001000000000
