000000000000000000000000000000000110000000000000000000000000000000000000000000000000000000000000000000000000000000000000000000000000000000000000000000
000000000000000000000000000000000000000000000000000000000000000000000000110000000000000000000000000000000000000000000000000000000000000000000000000000
000000000000001000000000000000000000000000000000000000000000000000000000110000000110000000000000011100000000000000000000000000000000000000000000000000
000000000000010100000000000000000000000000000000000000000000000000000000000000001000000000000000000000000000000000000000000000000000000000000000000000
000000000000100100000000000000000000000000000001000000000000000000000000000000000001000000000000000000000000000000000000000000000000000000000000000000
000000000000011000000000000000000000000000000001000000100000000000000000000000000110000000000000000000000000000000000000000000000000000000000000000000
000000000010000000000000000000000000000000000001000000100000000001100000000000000000000000000000000000000001100000000000000000000000000000000000000000
000000000001000000000000000000000000110000000000000000100000000001100000110000000000000000000000000000000001100000000000000000000000000000000000000000
000000000111000000000000000000000000110000000000000000000000000000000000110000000000000000000000000000000000000000000000000000000000000000000000001000
000000000000000000000000000000000000000000000000000000000000000000000000000000000000000000000000000000000000000000000000000000000000000000000000011000
000000000000001000000000011000000000000000000000000000000000000000000000000000000000000000000000000000000000000000000000000000000000000000000000100100
000000000000001000000000010100000000000000000000000000000000000000000000000000000000000000000000000000000000000000000000000000000000000000000000001000
000000000000001000000000001000000000000000000000000000000000000000000000110000000000000000000000110000000000000000000000000000001000000000000001101000
000000000000000000000000000000000000000000000000000000000000000000000000110000000000000000000000110000000000000000000000000000010001100000010001000010
000000000000000000000000000000000000000000000000000000000000000000000000000000000000000000000000000000000000000000000000000000011000010001101100000010
000000000000000000000000000000000000000000000000000000000000000000000000000000000000000000000000000000000000000000000000000000100010010000000000000010
000000000000000000000000000000000000000000000000000000000000000000000000000000000000000000000000000000000000000000000000000000010000110001000100110000
001000000000000000000000000000000000000000000000000000000000000000000001000000000000000000000000000000000000000000000000000000010000000000111000110000
110010000000000000000000000000000000000000000000000000000011000000000010100000000000000000000000000000000000000000000000000000000100000000000000010000
011100000001100000000000000000000000000000000000000000000011000000000001000000000000000000000000000000000000000000000000000000000000000000000000010000
001000010010010000000000000000000000000000000000000000000000000000000000000000000000000000000000000000000000000000000000000000000000000000000000010000
000001010001100000000000000000000000000000000000000000000000000000000000000000000000000000001100000000000000000000000000000000000000000000000000011000
000001100000000000000000000000000000000000001100000000000000000000000000000000000000000000010010000000000000000000000000000000000000000000000000011000
000010010000000000000000000000000000000000001100000000000000000000000000000000000000011000001010000000000000000000000000000000000000000000000000011000
001101100000000000000000000000000000000000000000000000000000000000000000000000000000100100000100000000000000000000000000000000000000000000000000000000
001001000000000000000000000000000000000000000000000000000000000000000000000000000000011000000000000000000000000000000000000000000000000000100000000000
000001000000000000000000000000000000000000000000000000000000000000000000000000000000000000000000000001100000000000000000000000010100000010010010000000
011111000011000000000000000000000000000000000000000000000000000000000000000000000000000000000000000010010000000000110000000000011000000100011101000000
000100100001100000000000000000000000000000000000000000000000000000000000000000000000000000000000000001100000000000110000000000011000000011101001000000
000000001101100000000000000000000000000000011000000000000000000000000000000000000000000000000000000000000000000000000000000000000000000000100111000000
000000001001000000000000000000011000000000011000000000000000000000000000000000000000000000000000000000000000000000000000000000000000000011110100000000
000110000110000000000000000000011000000000000000000000000000000000000000000000000000000000000000000000000000000000000000000000000000000011010100000000
000000000000000000000000000000000000000000000000000000000000000000000000000000000000000000000000000000000000000000000000000000000000000001100000000000
000000000000000000000000000000000000000000000000000000000000000000000000010000000000000000000000000000000000000000000000000000000000000011000000000000
000000000000000000000000000000000000000000000000000000000000000000000000101000000000000000000000000000000000000000000000100000000000001101100000000000
000000000011000000000000000000000000000000000000000000000000000000000000100100000000000000000000000000000000000000000011000100000000000010000000000000
000000000000000000000000000000000000000000000011000000000000001100000000011000000000000010000000000000000000000000000100000000000000011000000000110000
000000000000000000000000000000000000000000000100100000000000001100000000000000000000000101000000000000000000000000000100000001000000010000000001001000
000000000000000000000000000000000000000000000011000000000000000000000000000000000000000101000000000000000000000000000100000111000000111011000000110000
000000000000000000000000000000000000000000000000000000000000000000000000000000000000000010000000000001110000000000000011011010000000011001000000000000
000000000000000000000000000000000000000000000000001100000000000000000000000000000110000000000000000001001000000000000011000000000000000000000000000000
000000000000000000000000000000000000000000000000010010000000000000000000000010000110000000000010000010001000000010001011000000000000010100000000000000
000000000000000000000000000000000000000000000000001100000000000000000000000010000000000000000101000010101100000010001010000000000000011100000000000000
000000000000000000000000000000000000000000000000000000000000010000000000000010000000000000000011000001101100000010000000000000000000100100000000000000
100000000000000000000000000000000000000000000000000000000000001000000000000000000000000000000000000000111000100000000000000000000000011000000000000001
010000000000000000000000000000000000000000000000000000000000100000000000000000111000000000000000000000000001110000000000000000000000000000000000000001
110000000000000000000000000000000000000110000000000000000000111000000000000000000000000000000000000000000001001000000000000000000000000000000000000000
000000000000000000000000000000000000000110000000000000000000010000000000000010000000000000000110000000000011111000000000110000000000001100000000000000
000000000000000000000000001110000100000000000000000000000000001100000000000010000000000000000110000000000001100000000000110000000000010010000000000000
000000000000000000000000010000000010000000000000000000000000011100000000000010000000000000000000000000000011000001101000001000000000001100000000000000
000000000011000000000000110000000100000000000000000000001100111000000000000000000000000000000000000000000010000010001000110000000000000000000000000000
000000000011000000000001001111011000011000000000000000000110111000111000000000000000000000000000000000000011011000001000110000000000000000000000000000
000000000000000000000000110100000000111100000000000000000011101100111000000000000000000000000000000000000100011000010000000000000000000000000000000000
000000000000000000000000100000000110111000000000001100000000001100000000000000000000000000000000000000000100001010010000000000000000000000000000000000
000000000000000000000000010100000000100000000000001100000000011100001000000000000000010000000000000000001000000001000000000000000000000000000000000000
000000000000000000000001101100000011000000000000000000000000000000011100000110000000101000000000000000000110000000001110000000000000000000000000000000
000110000000000100000000110100000000000000000000000000000000000000010110000110000000100100000000000000000001110000001100000000000000000000000000000000
001001000000001000000000010100000110000000000000000000000000000000000000000000000000011000000000000000000000000000100000100000000000000000000000000000
000110000000001001000000001000000000000000000000000000000000100000000101000000000000000000000000000000000000000001101000010000000000000000000000000000
000000000000001010111100000000000000000000000000000000000001010001111111100000000000000011000000000000000000000000100000010000000000000000000000000000
000000000000000111001011000000000000000000000000000000000001010000001001110000000000000011000000000000000000000000000110100000000000000000000000000000
000000000001000000110000000000011011110100000000000000000000100000001000000000000000000000000000000000000000000000000000000000000000000000000000000000
000000000111000000000000000000001001111000000000000000000000000000000000000000100000000000000000000000000000000000000000000000000000100000000000000000
000000000000000000010001000000100001001000000000000000000000000011000000000011010000000000000000000000000000000000000000000000000001010000000000000000
000000000000000001100110000001111001000000000000000001000000000100000001001101010000000000000000000000000000000000000000000000000001010000000000000000
000000000000000000000000000010011111000000000000000001000000000000000000011100000000000000000000000000000000000000000000000000000000100000000000000000
000000000000000000110000000110100100100000000000000001000000000010101100000000000000000000000000000000000000000000000000000000000000000000000000000000
000000000000000100000000000010111001000000000000000000000000110010101100000000000000000000000000000000000000000000000000000000000000000000000000000000
000000000000000111100000000000111001000000000000011100011100111010100000000000000000000000000000000000000000000000000000000000000000000000000000000000
000000000000000000110000000000010010000000000000000000000000110000000000000000000000000000000000000000000000000000000000000000000000000000000000000000
000000000000000110100000000000000100000000000000000000000000001010000000000000000000000000000000000000000000000000000000000000000000000000000000000000
000000000000000111000000000000000000000000000000000000000000001110000000000000000000000000000000000000000000001000000000000000000000000000000000000000
000000000000000000000000000000000000000000000000000000000000000000000000000000000000011100000000000000000000001000000000000000000000000000000000000000
000000000000000000000000000000000000000000000000000000000000000000000000000000000000100010000000000000000000001000000001100000000000000000000000000000
000001110000000000000000111011110000110000000000000000000000000000000000000000000000111110000000000000000000000000000010000100000000000000000000000000
000000000000000000000000000011010000110000000000000000000000000000000000000000000001010000000000000000000000000000000010000100000000000000000000000000
000100000100000000000000000001110000000000000000000000000000000000000000000000000001100000000000000000011000000000000011110010000000000000000000001100
000100000100001101100000000000000000000000000000000000000000000000000000000000000001100000000000000000011000000001000101101000000000000000000000001100
000100000100010101100000000000000000000000000000000000000000000000000000000000000000000100000000000000000000000011000010101000000000000000000000000000
000000000000011011100000000000000000000000000000000000000000000000000000000000000000000000000000000000000000000010100100000000000000000000000000000000
000001110000101000000000000000000000000000000000000000000000000000000000000000000011100000000000000000000000000001100000000000000000000000000000000000
000000000000010000000000000000000000000000000000000000000000000000000000000000000000000000000000000000000000000000100000000000000000000000000000000000
000000000000000000000000000000000000000000000000000000000000000000000000000000000000000000000000000000000000000000000000000000000011000000000000000000
000000000000000000000000000000000000000000000000000000000000000000000000000000000000000000000000000000000000000000000000000000000011000000000110000000
000000000000000000000000000000000000000000000000000000000000000000000011100000000000000000000000000000000000000000000000000000000000000000001010000000
000000110000000000000000000000000000000000000000000000000000000000000000000000000000000000000000000000000000000000000000000000000000000000000100000000
000000110000000000000000000000000000000000000000000000000000000010000000000000000000000000000000000000000000000000000000000000000000000000000000000000
000000000011000000000000000000000000000000000000000000000000000010000000000000000000000000000000000000000000000000000000000000000000000000000000000000
000000000100100000000000000000000000000000000000000000000000000010000000000000000000000000000000000000000000000000000000000000000011100000000000000000
000000000010100000000000000000000000000000000000000000000000000000000000000000000000000000000000000000000000000000000000000000000000000000000000000000
000000000001000000000000000000000000000000000000000000000000111000000000000000000000000000000000010000000000000000000000000000000000000000001100000000
000000000000000000000000000000000000000011000000000000000000000000000000000000000000011000000000111000000000000000000000000000000000000000001100000000
000000000000000000000000000001100000000011000000000000000000000010000011000000000000100100000000101100000000000000000000000000000000000000000000000000
000000000000000000000000000001100011100000000000000000000000000010000010100000000000011000000000001110000000000000000000000000000000000000000000000000
000000000000000000000000000000000010000000000000000000000000000010000001100000000000000000000000001100000000000000000000000000000000110000000000000000
010000000000000000000000000000000001000000000000000000000000000000000000011000000000000000000000001000000000000000000000000000000000110000000000000000
101000000000000000000000000000000000000000000000000000000000000000110000010100011000000000000000000000011100000000000000000000000000000000000000000000
101000000000000000000000000000000000000000000000000000000000000000101000001100100111000000000000000000000010000000000000000000000000000000000000000000
010000000000000000000000000011000000000000000000000000000000000000011000000000111001100000000000000000100011000000000000000000000000000000000000000000
000000000000000000000000000100100000000000000000000000000110110000000110000000100110100000000000000001001010000000000000000000000000000000000000000000
000000000000000000000000001100110000000000000000000000000110110000000101000000100000000000000000000000101000000000000000000000000000000000000000000000
000000111000000000000000001000000000000000000000000000000000000000000011000000010100000000000000000000110000000000000000000000000000000000000000000000
000000000000000000000000001110110000000000000000000000000000000000000000000000001000000000000111000000000000000000001000000000000000000000000000000000
000000000000000000000000010000110000000000000000000000000000000000000000000001000000110000001001000000000000000000010100000000000000000000000000000111
000000000000000000000000010011000000000000000000000000000000000000000000111010100000110000010100000000000000000000100100000000000000000000000000000000
000000000000000000000000110001000000000000000000000000000000000000000000100000100000010100001001000000000000000000011000000000000000000000000000000000
000000000000000000000000110000000000000000000000000000000000000000000000110011000000000000001000000000000000000000000000000000000000000000000000000000
000000000000000000000001110000000000000000000000000000000000000000000000001100000000000000100101000000000000000000000000000000000000000000000000000000
000000000000000000000000101000000000000000000000000000000000000000000000000000011101100001001011000000000000000000000000000000000000000111000000000000
000000000000000000000000011000000000000000000000000000000000000000000000000000100000110010001010000000000000000000000000000000000000000000000000000000
000000000000000000000000000000000000000000000001001100000010000000000000000000000000000001100010000000000000000000000000000000000000000000000000000000
000000000000000000000000000000000000000000000011000000000111000000000000000000110001010100001110000000000000000000000000000000000000000000001010010100
000000000000000000000000000000000000000000000000000000001111100000000000000000000000010000000000000000000000000000000000000000000000000000011010010100
000000000000000000000000000000000000000000000000000000010000010000000000000000000000000000000000000000000000000000000000000000000000000000011010101010
000000000000000000000000000000000000000000000000001000110010011000000000100000000000000000000000000000000000000000000000000000000000000000000101111110
000000000000000000000000000000000000000000001100000001110101011100000001101110000000000000000000000000000000000000000000000000000000000000000000100010
000000000010000000000000001000000000000000000110000000110010011000000010000100000000000000000000000000000000000000000000000000000000000000000000011110
000000000111000000000000010100000000000000000011000000010000010000000001110011100000000000000000000000000000000000000000000000000000000000000000000100
000000001111000100000000110110000000000000000011000000001111100000000000101111100000000000000000000000000000000000000000000000000000000000000000000000
000000010000000100000000100000000000000000000000000000000111000000000000000111000000000000000000000000000000000000000000000000000000000000000000000000
000000110010000000000000110000000000000000000000000000000010000000000000000000000000000000000000000000000000000000000000000000000000000000000000000000
000001110101000000000001010000000000000000000000000000000000000000000000000000000000000000000000000000000000000000000000000000000000000110000000000000
000000110010000000000001110000000000000000000000000001000000000000000000000000000000000000000000000000000000000000000000000000000000000110000000000000
000000010000010000000110010000000001000000000000000010100000000000000000000000000000000000000000000000000000000000000000000000000000000000000000000000
000000001111100000001000000000000010100000000000000010100000000000000000000000000000000000000000000000000000000000000000000000000000000000000011101010
000000000111000000001100001000000010100000000000000001000000000000000000000000000000000000000000000000000000000000000000000000000000000000000101101010
000000000010000000000001000100000001000000000000000000000000000000000000000000000000000000000000000000000000000000010000110000000000000000001110000000
000000000000000000000000100000000000000000000000000000000000000000000000000000000100000000000000000000000000000000111110110000000000110000000110000000
000000000000000000000000011100000000000000000000000010000000000000000000000000000100000000000000000000000000011001000010000100000000110000000110000110
000000000000000000000000000000000000000000000000000001000000000000000000000000000100000000000000000000000000011011000000110100000000000000000111000110
000000000000000000110000000000000000000000000000000010000000010000000000000000000000000000000000000000000000000001100001110110000000000000000110000110
000000000000000000110000000000000000000000000000000000000001111000110000000000000000000000000000000000000000000000000110101100000000000000000010110000
000000000000000000000000000000000000000000000000000000000010010111001000000000000000000000000000000000000000000000010011111000000000000000000001110000
000000000000000000000000000000000000000000000000000000000100000110110000000000000000000000000000110000000000000000000000110000000000000000000000110000
000000000000000000000000000000000000001100000000011000000000011000000000000000000000000000000000110000000000000000000000000000000000000000000000110000
000000000000000000000000000000000000001100000000011000000110000000000000000000000000000000000000000000000000000000000000000000000000000000000000110000
000000000000000000000000000000000000000000000000000000001011011101110000000000000000000000000110000000000000000000000000000000000000000000000000100000
000000000000000000000000000000000000000000000000000000000100011011111000000000000101000000001001000000000000000000000000000000000000000000000000110000
000000000000000000000000000000000000000000000000000000000100000110001100000000010101000000000101000000000000000000000000000000000000000000000010111000
000000000000000000000000000000000000000000000000000000000000000001101000000000001000100000000010000000000000000000000000000000000000000000000110011000
000000000000000000000000000000000000000000000000000000000000000001110000000010001000000000000000000000000000000000000000000000000000000000001011111000
000000000000000000000000000000000000000000000000000000000000000000000000000010001000010000000000000000000000000000000000000000000000000000011011100110
000000000000000000000000000000000000000000000000000000000000000000000000000010000000110000000000000000000000000000000000000000000000000000001110010110
000000000000000000000000000000000000000000000000000000000000000000000000000001100000000000000000000000000000000000000000000000000000000000000100000011
000000000000000000000000000000000000000000000000000000000000000000000000000000010000000000000000000000000000000000000000000000000000000000000000010010
000000000000000000000000000000000000000000000000000000000000000000000000000000010000000000000000000000000000000000000000000000000000000000000000011100
000000000000000000000000000000000000000000000000100000000000000000000000000000001110000000000000000000000000000000000000000000000100000000000000000000
000000001100000000000000000000000000000000000001010000000000000000000000000000000000000000000000000000000000000000000000000000001001000000000000000000
000000001100000000000000000000000000000000000001010000000000000000000000000000000000000000000000000000000000000000000000000000001001000000000000000000
000000000000000000000000000000000110000000000000100000000000000000000000000000000000000000000000000000000000000000000000000000000010000000000000000000
