000000000000110000000000000000
000000000100001000000000000000
000000000101101000000000000000
001100000010110000000000000000
011100001100000000000000000001
001100010100000000000000000110
001100010000000000000000001000
001100001000000000000000000110
001100000000000000000000000010
000000000000000000000000000000
000000000000000000000000000000
000000000000000000000000000000
000000000000000000000000000000
000000000000000000000000000000
000000000000000000000000000000
000000000000000000000000000000
000000000000000000000000000000
000000000000000000100000000101
110000000000000000010000001100
100000000000000110110000001101
000000000000001010110000000111
000000000000001001000000000111
110000000000001001100000000011
101000000000000010000000000001
101000000000000010100000000000
000000000000000000000000000000
000000000001101000000000000000
000000000001001000000000000000
000000000000110000000000000000
000000000000000000000000000000
