000000000000111000000000000000000000001101100000000000000000000000000000000000001001000000000000000000000000000000000000000000000000000011000000000000
000000000000001000000000000000000000000000000000000000000000000000000000000000000001000000000000000000000000000000000100000000000000001011110000000000
000000000000001110000000000000000000000000000000000000000000000000000000000000010000100000000000000000000000000000000011100000000000010001011000000000
000000000000000001000000000000000000110000000000000000000000000000000000000000011001100000000000000000000000000000000000000000000000100010011000000000
000000000000110000000000001100000001011000000010100001100000000000000000000110000000000000000000000000000000000000000000000000000000100000000000000000
000000000000000110000000010010011111010000000000101101000000000000000000001001000000000000000000000000000011000000000000000000000011000011011100000000
000000000000110000000000001100001000000000000001001101001000000001100000001000010110000000000000000000000100100000000000110000001100001110111100000000
000000000000000000001000000000000100100000000000110010001000000001100000001000111101000000000000000000000100100000000000110000000000010011100000000110
000000000000000000110101000000000111000000000000010001001000000000000000000100000101100000000000000000000011000000000000000000001000010000000000000110
000000001100000000011110000000000000000000000000010001000000000000000000000001010111000110000000000000000000000000000000000000000111100000000000000111
000000010001000000110000001100000000000000000000000101100000000000000000000000011011000110000000000000000000000000000000000000000001100000001000000000
000000000101000000000000010010000000000000000000000000000000000000000000000000000110000000000000000000000000000000000000000000000000000000001000010000
000000000000000000000000001100000000000000000000000000000000000000000000000000000000000000000100000000000000000000000000000000000000000000001000010001
000000000101000000000000000000000000000000000000000000000000000000000000000000000000000000001010001000000000000000000000001000100000000000000000100000
000000000111000000000000000000000000000000000000000000000000000000000000000000000000000000001010001000000110000000000000011111100000000000000000000110
000000000000000000000000000000000000000000000000000000000000000000000000000000000000000000001110010100001010000000000000000001110000000000000000101110
000000000000000000000000000000000000000000000000000000000000000000000000000001100000000000000110011000000100000000000000001000000000110000000011100000
010000000000000000000000000000000000000000000000000000000000000000000000000001100000000000000111110000000010110000000000000000011001001000000100010000
111000000000000000000000000000000000000000000000000000000011000000000000000000000000000000000010100000000010100000000011000000101001111100001000001000
111100000000000000000000000000000000000000000000000000000011000000000000000000000000000000000000000000000100110000000000000000000100001110000001011001
000110000000000000000000000000000000000000000000000000000000000000000000000000000000000000000000000000001101110100000000100000101000010100001100000110
011100000000000000000000000000000000000000000000000000000000000000000000000000000000000000000000000000001100110110000000000000010000010100000000000100
011000000000000000000000000000000000000000001100000000000000000000000000000000000000000000000000001100000000010011000000000000000000011000000000000100
010000000000000000000000000000000000000000001100000000000000000000000000000000000000000000000000001110000000000001000001110000000000011000000001001000
000000000000000000000000000000000000000000000000000000000000000000000000000000000000000000000011000000000011100110000000100100001100000000000000000100
000000000000000000000000000000000000000000000000000000000000000000001000000000000110000011000011000000111001001010110000011100010010110011100001000000
000000000000000000000000000000000000000000000000000000000000000000010100000000000000000011000000000000010001001001010000001000010000100011100000011110
000000000000000000000000000000000000000000000000000000000000000000010100001011000000000000000000000000010001000000001000000000000000100001000000000100
000000000000000000000000000011110000000000000000000000000000000000001000011101100111000000000000000000000000001000101100000000100000100000000000000000
000000000000000001110000000000001000000000011001100000000000000000000000000110001011000000000000000000000000011001110100000001001100110000000000000000
100000000000000001001000010000001000000000110111000000000000000000000001101000000011000000000000000000000000110000000000000001100101001000000000000010
100000000000000110001000010101001000000000100110000000000000000000000000001000000000000000000000000000000000100110100010000000110111001000000000000010
000000000001000111011000000000111000000000111100000000000000000000000011000000000000000000000000000000000000100010100100000000010101100000000000000010
000000111110100000100000000000000000000000010000000000000000000000000000000000000000000000000000000000000000111110101100011000010110010000000000000000
000000111000100100100000000000000000000000000000100000000000000000000000000000000000000000000000000000000011101111000000001000100000010000000000000000
000000011011000000010000000000000000000000000011000000000000000000000000000000000000000000000000000000000000110101000011011001100000010000000000000000
000001110000000010010000000000000000000000000001010000000000000000000000000000000000000000000001100000000100010110000001100001101000000000000000000000
000001100000000001100000000000000000000000000000110000000000000000000000000000000000000000000010100000000100000110010000000000100000100000000000000000
000111110000000000000000001100000000000000000000000000000000000111000000000000000000000000000001000000000010010001100000000000001001000000000000000000
001100000000000000000000001100000000000000000000000000000000000000000000000000000000000000000000000000000001010000100000000000000110000000000000000000
010010000000000000000001000000000000000000000000000000000000010000010000000000000000000000000000000000000011011000000000000000000000000000000001110000
110000000000000000010101000000000000000000000000000110000000010000010000000000000000000001000000000000000011000000000000000000000000100000000000000000
011000000000000000010000000000000000000000000001100000000000010000010000000000000000000001000000000000000000000001010000000000000000100000000000000000
000000000010000000010100000000000000000000000000011110000000000000000000000000000000000111000000000000000001100000010000000000011000100000000000000000
000000000100100000000000000000000000000000001000000000000000000111000000000000000000001110100000000000000001000000000000000000011000000000000000000000
000000010011110000000000110000000000000000001000010000000000000000000000000000000000000010100000000000000000001000000000000000000000000000000000000000
000000100010001000000000110000000000000000000111000000000000000000000000000010000000000000010000000000000000001001000000000000000000000000000000000000
000000100100110000000000000000000000000000000100000000000000000000000011100101100000000000100000000000000011001110000000000000000000000000001110000000
100000001000100000000000000000000000000000000010011100000000000000000000001101100110000011000000000000000110000000000000000000000000111000000000000011
001000000000000000000000000000000011100000000000001100000000000000000000000101100011000010000000000000000100100000000000000000000001000100100000000010
001000111110000000000000000000000011100000000001101000000000000000000000000010000001000000000000000100000010100000000000000000000001000100100000000010
010101001100000000000000000000000000000111000000110000000000000000000000000000000001000000000000011011000011001100000000000000000001000100100000000011
100100000000000000000000000000000000000000000000000000000000001100011000000000000100000000000000000011000000001100000011100000000000111000000101000011
101100000000000000000000000000000000000100100000001010000000010100010100000000000000000000000000011001100001010000000100010000001100000000001001100000
001100010000000000000000000001100000000101000000000101000000110000000110000000001000100000000000010000010000000000000100010000111110000000000001000000
000011010000000000000000000000010000000010000000000110000000011000001100001100000110000000000000100011100000000000000100010000000111000000000000000000
000010010000000000000000000001100000000000000000000000000000001000001000001100010111000000000000010000100000000100000011100000100110000000010001000000
000011100000000000000000000011000000000000000000000000000000000111110000000000001010000000000000001100000000001010000000000000011100000000110101000000
000100100000000000000000000001110000000000000000000000000000000011100010000000000101000000000000000010000000001010000000000000000000000000100010000000
010011000000000000000000001010000000000000000000000000000000000010100101000000000010000000000000000011100000000100000000000000000000000000001110000000
011101000000000000000000000110010000000000000000000000000000000000000100100000000000000000000000000000010000000000000000000000000000000000001001100000
000001000000000000100000000011100000000000000000000000000000000001000011000000000001000000000000000001010000000000000001111000000000000000001100100001
001110000000000001010001100000000000000000000001100000000000000100100000000000000010100000000000000001000000000000000001001111000000000000001000110011
111100000000000001100001100000000000000000000110110000000000000000000000000000000010010000011000000000110000000000000001101010000001110000000110011111
001100000000000000000001010000001000000000000110000000000000010000000000010000000001100000011000000000110000000000000000001010100000111000000110110110
000000000000000000000011010000010110000000000010000000000000000010000000101000000000000000000000000000000000000110000000000000001100011000000001100000
100000000000000000001001000000010001000000000000000110000000000100000001000110000000000000000000000000000000000110000000011100000010001100000000000000
100000000000000000010000000000011001000000000001000110000000001000001101000010000000000000000000000000000000000000000000001000100010000000000000000000
100000000000000000011100000000011011000000000000000100000000000100010011000100000000000000000000000000000000000000000000000000011000000000000000000000
000000000000000000000000000000001100000000000000110010000001111010010010111000000000000000000000000000000000000000000000000000011011100000000000000000
000000000000000000000000000000000000000000000000001110000001111110010010000000000000000000000000000000000000000000000000000000001111000000000000000000
000000000000000000000000000000010000000000000010000100000000100000001101000000000000000000000000000000000000000000000000000000000110000000000000000000
000011011000000000000000000100001000000000000101000000000000000000000011100000000000000000000000000000000000000000000000000000000000000001000000000000
000011111000000000000000000111000100000000000011000000000000000000000010100000000001110000011000000000000000000000000000000000000000000001000000000000
000000001000000000000011100101100100000000000000000000000000000000000011100000000001100000100100000000000000000000000000000000000000000001000000000000
000000010000000000000000000000001100000000000000000000000000000000001111100000000001100001100100000000000000000000000000000100000000000000000000000000
000000101001100000000000000000000000000000000000000000000000000000000000000001101001010110001100000000000000000000000000001010000000000000000000000000
000000011111100000000000000000000000000000001110000000000000000000001101000111100011000010000000000000000000010000011000001001000000000000000000000000
000000000000000000000000000000000000000000000000000000000000000000000000001100000010000100110000000000000001101100110100000110000000001100000000000010
000000011000000000000000000000000001000000000000000000000000000000000011001111000100000001000000000000000001101100010110000000000000001100000001100101
100000000101100000000000000000000010100000000000000000000000000000000001100000000000000000000000000000000001001100001100000000000000000000010001010000
100000000000000000000000000000000011000000000000000000000000000000000000000000001000000000000000000000000000110000000000000000000000000000101000000101
100000000000000000000000000000000000000000000000000000000000000000001110000000011000000000000000000000000000000000000000000000000000000000101000010001
000000000000000000000000000000000000000000000000000000000000000000001110000000100000000000000000000000000000000000000000000000000000000000010000001111
000000000000000000000000000000000000000000000000000000000000000000010001000000011000000000000000000000000000000000000000000000000001100000000000000010
000000000000000000000000000010000000000000000000000000000000000000001000100000001000000000000000000000000000000000000000000000000001100000000000000000
000000000000000000100000000010000000000000000000000000000000000000001001000000000000011000000000000000000000010000000000000000000000000000000000000000
100000000000000000100000000010000000000000000000000000000000000000001110000000000000100000000000011000000000010000000000000111000000000000000000000000
100000000000000000100000000000000000000000000000000000000000000000011000000000000000010100000000100100000000010000000000011111000000000000000000000000
100000000000000000000000000000000000000000000000000000000000001000100100000000000000011000000000011000000000000000000000110001000000000000000000000000
000000000000000001000000000000000000000000000000000000000000001000010010000000000000000000000000000000000000000000000000100100001100000000000000000000
000000000000000001100000000000000000000011000000000000000000001000011101000000000000000000000000000000000000000000000000010110010000000000000001100000
000000000000110000100111000000000000000011000000000000000000000000010001000000000000000000000000000000000000000000000000001111101001000000000001100000
000000000001000000010100000000100000000000000000000000000000000000001001000000000000000000000000000000000000000000000110000000011000100000000000000000
000000000000110000000110000001011000000000000000000000000000000000001010000000000000000000000000000000000000000000001000000010000101000000000000000000
000110000000000000000110000100000000000000000000000000000000001100000000000000000000000000000000000000000000000000000000000000010000000000000000000010
001010000000000011101100000100000100000000000000000000000000001100000000000000000000000000000000000000101000000000000000010000100000000000000000000011
100010000000000001111000000000000111000000000000000000000000000000000000000000000000000000000000000000100100000000000000010001000000000000000100000100
000000000000000000111000000001110011000000000000000000000000000000000000000000000000000000000000000000100100000000010000001100000000011000000100110011
000000000000000000000000000100100000000000000000001000000000000000000000000000000000000000000000000000011000000000111001110000000111000000001000001010
000000000000000000000000000000000000000000000000010110000000000000000000000000000000000110100000000010000000000001010011100000000110000000000100101100
000000000000000000000000000000000000000000000000100001000000000000000000000000101000011110100000000101000000000001100011000000000001000000000000001100
000000000000000000000000000000000000000000000000100000100000000000000000000001101100110000100011111000100000000000100000000000000000000000000001100000
000000000000000000000000000000000000010000000000110001000000000000000000000000100000011110000010001000100000000000000000000000000000000000000000111000
000101000000000000000000000000000001101100000000110100000000000000000000000000001000100001000000000000100000000000000000000000011100000000000000000000
000101000000000000000000000000000001000100000000010100000000000000000000000000000001111100011110001001000000000000000000000000010111000000001000000000
000101000011100000000000000011000000111000000000001000000000000000000000000000011000010001011011110000000110000000000000000000111100100000110100000000
000010000111110000000000000100100000000000000000000000000000000000000000000000000000001110000000000000000110000000000000000000000000000000011011000000
000010001010001000000000000101000000000000000001100000000000000000000000000000000001111100000000000000000000000000000000000001110011100000000011000000
000000001100010000000000000010000000001110000001100000000000000000000000000000000000001000000000000000000000000000000000111011000000000000000110000000
100000000000000000000000000000000000000100000000000000000000000000000000000000000000100000000000000000000000000000000001110010000000000000001010000001
100000000000000000000000000000000000000101100000000000000000000000000000000000000010101100000000000000011000000000000010000000000000000000001100011000
000000000000000000000000000000000000001101100000000000000000000000000000000000000010001000000000010000100100000000000110000100000000000000000000011000
000000000000000000000000000000000000000000100000000000000001000000000000000000000001100000000000010000011000000000000110001001001000000000000001100000
000000000000000000000000000000000000010010000000000000000000000000001010000000000000100000000000010000000000000000000010000000010000000000100010000000
000111000001000000000000000000000000100010000000000000000000000000001011000000000000000000000000000000000000000000000000000110010000000001010011000000
001000100001000000000000011000000000010000000000000000000000000000110000100000000000000000000000000000000000110000000000000111000000000000110000000000
001000000001000000000000011000000000100100000111000000000000000000100000110000000000000000000000000000000001001000000000000000000000000000000000000000
001101100000000000000000000000000000011000000000000000011001000010100000011000000000011000000000000000000001010000001000000000000000000000000000000000
000010000000000000000000000100000000000000000000000000101000000010101000011000000000110100000000000000000000100000001100000000000000000010000000000000
000000000000000000000000001110000000000000000000000000011001001110101000110000011000001000000000000000000000000000010010000000000000010001000000000000
000000000000000000000000000001000000000000000000000000000000011001001000000000100100000000000000100000000000000000000011000000000001101001000000000000
000000000000000000000000101101100000000011010110000000000000011011000000000000011000000111000001010000000000000000000001000000000011100011000000000000
000000000000000000000001000011000000000110000011000000000000011011000000000000000000000111000001010011000000000000000101000000000010000000000000000000
000000000000000000000001001000000000000000000000000000000000011000000000000000000000000010000000100011000000000000000010000000000000100000000000000000
000000000000000000000000001000000000000000000000000000000000010000000000000000000000000000000000000000000000000000000000000000000000000000000000000000
001100000000000000000000000100000000000000111000000100000000111001100000000000000000000000111000000000000000000000000000000000000000000000010000000000
001100000000000000000000100100000000000000000000000010000000100001000000000000000000000000101111000000000000000000000000000001100000000000011000000000
000000000000000000000000011100000000000000000000000100000000100000000000000000000000000000011011000000000000010000000000000100110000000000001100000000
000000010000000000000000000000000000000000000000000000000000000010000000000000001110000000000100100000000000101000000000000100000000000000001000000000
000000111000000000000000000000000000001100000000000000000000011100000000000000010001000000000011000000000000101000000000001000001000011100010000011100
000001010100000000110000000000000000001110100000000000000000000000000000000000000000000000000000100000000000010000000000000110001000001000000000101100
000011101110000001010000000000000000001000100011100000001100000000000000000000011011000000000001000010000000000000000000000110010000000000000000100010
000001010100000001100000000000000110000011000010100000010010000000000000000000000100000000000101000111000000000000111000000010000000001000000000011100
000000011000000000000000000000011000000110000011100000001100000000000000000000000000000000000101001001100000000000111000000001000000011000000000011100
000010000000000000000000000000000001000100000000000000000000000000000000000000000000000000000111001100010000000000000000000001110000011000000000000000
001000010000000000000000000000000000000010000000000010000000000000000000000000000000000000000000000000011000001100000000010000000000000000000000000000
111000100000000000000000110000011000100000000000000101000000000000000000000000000100000000000000000000011100011000000000101000000001000000100000000000
110001000000000000000000110000001101100000000000000101000000000000000000000001001110000000000000000000011000011111000010000100000010100001110000000000
110000000000000000000000000000000100000100000000000010000000000000000000000001100001000000000000001100010000000100010100000100000010100011001100000000
110000000000000000000000000110000100000100000110000000000000000000000000000000101110000000000000001001100000000010010000100011100001000010100000000000
011000010000000000000000000110000010000000001011000000000000000000000000000000000100000000000000000111000000000001000000000001100000000001100100000100
111000011000000000000000000000000001111000001001000000000000000000000000000000000000000000000000000010000000000000110010000000000000000001111000011010
111000000000000000000000000000000000000000000101100000000000000000000000000110000000000000000011000000000000000000010000000000000000000000000000010000
000000000000000000000000000000000000000000000001000000000000000000000001000110000000000000000100100000000000000000000000000000000000000000000000010001
000000000000000000000000000000000000000000000000000000000000000000000010100000000000000000000011000000000000000000111111100000000000000000001110001110
000000000000000000000000000000000000001000000000000000000000000000000001000000000000000000000000000000000000000001111100100000000000000000000000000010
000000000000001110000000000000000000100100000000000000000000000000000000000000000000000000000000000000000000000011000001100000000000000000000000000000
000000000011100100000000000000000000000010000000110000000000000000000000000000000000000000000000000000000000000001100000000000000000000000110000000000
000000000000110100000000000000000000100111000000110000000000000000000000000000000000000000000000000000000000000000000001100000000000000001101000000000
