000000000000000000000000000000000000000000000000000000000000000000000000000000000000000000000000000000000000000000000000000000000000000000010000000000
000000000000000000000000000000000000000000000110000000000000000000000000000000000000000000000000000000000000000000000000000000000000011100000000000000
000000000000000000000000000000000000000000000110000000000000000000000000000000000000000000000000011100000000000000000000000000000000000000000000000000
000000000000000000000000000000000000000000000000000000000000000000000000000000000000000000000000000000000000000000000011000000000000000000000000000000
000000000000000000000000000000000000000000000000000000000000000000000000000000000000000000000000000000000000000000000100100000111000000000000000000000
000000000000000000000000000000000000000000000000000000000000000000000000000000000000000000000000000000000000000000000010100000000000000000000000000000
000000000110000000000000000000000000000000000000000000000000000001100000000000000000000000000000000000000000000000000001000000000000000000000000000000
000000001001000000000000000000110000000000000000000000000000000001100000000000000000000000000000000000000000000000000000000000000000000000000000000000
000000001001000000000000000000110000000000000000000000000000000000000000000000000000000000000000000000000000000000000000000000000000000000000000000000
000000000110000000000000000000000000110000000000000000000000000000000000000000000000000000000000000000000000000000000000000000000000000000000000000000
000000000000000000000000000000000000110000000000011000000000000000000000000000000000000000000000000000000000000000000000000000000000000000000000000000
000000000000000000000000000000000000000000000000011000000000000000000000000000000000000000000000000000000000000000000000000000000000000000000000000000
000000000000000000000000000000000000000000000000000000000000000000000000000000000000000000000000000000000000000000000000000001110000000000000000000000
000000000000000000000000000000000000000000000000000000000000000000000000000000000000000000000001000000000111000000000000000000000000000000000000000000
000000000000000000000000000000000000000100000000000000000000000000000000000000000000000000000010100000001001000001100000000000000000000000000000000000
000000000000000000000000000000000000001010000000000000000000000000000000000000000000000000000010100000000000100001100000000000000000000000000000000000
000000000000000000000000000000000000001010000000000000000000000000000000000000000000000000000001000000001100000000000000000000000000000000000000000000
000000000000000000000000000000000000000100000000000000000000000000000000000000000000000000000000000000001100010000000000000000000000000000000000000000
000000000000000000000000000000000000000000000000000000000000000000000000000000000000000000110000000000000000010000000000000000000000000000000000000000
000000000000000000000000000000000011000000011000000000000000000000001000000000000000000001001000000000000001000000000000000000000000000000000000000000
000000000000000000000000000000000100100000100100000000000000000000010100000000000000000000110000000000000111000000000001000000000000000000000000000000
000000000000000011000000000000000011000000011000000000000000000000001000000000000000000000000000000000000110000000000001000000000000000000000000000000
000000000000000011000000000000000000000000000000000000000000000000000000000000000000000000000000000000000100000000000001000000000000000000000000000000
000000000000000000000000000000000000000100000000000000000000000000000000000001000000000000000000000000000000000000000000000000000110000000000000000000
000000000000000000000000000000000000001010000000000000000000000000000000000010100000000000000000000000000000000000000000000000001001000000000000000000
000000000000000000000000000000000000001010000000000000000000000000000000000010010000000000000000000000000000000000000000000000001010000000000000000000
000000000000000000000000000000000000000100000000000000000000000000000000000001100000000000000000000000000000000000000000000000000100000011100000000000
000000000000000000000000000000000000000000000000000000000000000000000000000000000000000000000000010000000000000000000000000000000000000000000000000000
000000000000000000000000000000000000000000000000000000000000000011000000000000000000000000000000010000000000000000000000000110000000011000001000000000
000010000000000000000000000000000000000000000000000000000000000011000000000000000000000000000000000000000000000000000000000110000000100100001000001110
000101000000000000000000000000000000000000000000000000000000000000000000000000000000000000000000000000000000000000100000000000000000101000001000010000
000100100000000000000000000000000010000000000000000000000000000000000000000000000000000000000000000000000000000011100000000000000000100000000000010001
000011000000000000000000000000000010000000000000001110000000000000000000000000000000000000000000000000000000000110011000000000000000000001100000000001
000000000000000000000000000000000010000000000000000000000000000000000000000000000000000000000000000000000000000101110110000000000000110001100000001001
000000000000000000000000000000000000000000000000000000011000000000000000000000000000000000000000000000000000101100010000000000000010010000000000100010
000000000000000000000000000000000000000000000000000000100100000000000000000000000000000000000000000000010010111100001011000000000011010000000001101100
000000000000000000000000000000000000011000000000000000011000000000000000000000000000000000000000000000001110001100000000100000000001001000000000100000
000000000000000000000000000000000000011000000000000000000000000000000000000000000000000000000000000000000000001000001000100000000000111000000000000000
000000000000000000000000000000000000000000000000000000000000000000000000000000000000000000000000000000000001110000011000100000000000111100000000000000
000000000110000000000000000000000000000000000000000000000000000000000000000000011100000000000000000000000001100000010000000000000000100000000001100000
000000001001000000000000000000000000000000000000000000000000000000000000000000001110000000000000000000001000000000001001000000000011000000000001100000
100000000110000000000000000000000000000000000000000000000000000000000000000000000000000110000000000000010100000000001110000000000001010000000000000000
110000000000000000000000000000000000000000000000000110000000000000000000000000000000001110000000000000100100000000110111000000000000110000000000000001
011000000000000000000000000000000000000000000000001001000000000000000000000000000000001100010000000000011000000000101000000000000000010000000000000010
100000000000000000000000000000000000000000000000001010000000000000000000000000000000011100011000000000000000000000011100000000000010001000000000000011
000000000000000000000000000000000000000000000000000100000000000000000000000000000000001100011100000000000000000100000010000111001111111000000000000000
100000000000000000000000000000000000000000000000000000000000000000000000000000000000000000101000000000000000000100000100000001001101100000000000000000
100100000000000000000000000000000000000001100000000000000000000000000000000000000000000000110000000000000000000100000111001100000000000001110000000000
000011000000000000000000000000000000000001100000000000000000000000000000000011100000000000100000000000000000000000000001110001000000000010001000000011
100100000000000000000000000000000000100000000000000000000000000000000000000000000000000000000000000000000000000000000000100000000000000010001000000000
100000000000000000000000000000000000100000000000000000000000000000000000000000000000000000000000000000000000000000000000101001100000001101110100001101
000000000000110000000000000000000000100000000000000000000000000000000000000000000000000000000110000000000001100000000000001000000000010100000101010110
100000000000110000000000000000000000000000000000000000000000000001100000000000000000000000000110000000000001100000000000110000000000010000000000000100
111000000100000000000000000000000000000000000000000000000000000001100110000000000000000000000000000000000000000000000001010000000000011010001010011000
100000000100000000000000000000000000000000000000000000000000011000000110000000000000000000000000000000000000000000000000000000100000000110001111100000
100000000100000000000000000000000000000000000000000000000000011000000000000000000000000000000000000000000000000000000000000001010000000000000000000101
000000000000000000000000000011000000000000000000000000000000000000000000000000000000000000000000000000000000000100000000000001100000000000000000000101
000000000000000000000000000100100000000000000000000000000000000000000000000001100000000000000000000000000100011011000110111000000000000000000000000010
000000000000000110000000000011000000000000000000000000000000000000000000000010010000000000110000000000001011100010001000111000000000000000000000000000
000000000000000110000000000000000000000000000000000000000000000000000000000001010000000001001000000000011010000000010001010000000000000000000000000000
000000000000000000000000000000000000000000000000000000000000000000000000000000100000000001001000000000011010000100010111100000000000000000000000000000
000000000000000000000000000000000000000000000000000000000000000000000000000000000000110001011001000000000101000010011011000000001000000000000000000000
000000000000000000000000000000000000000000000000000000000000000000000000000000000000000100010001100000000000010001000000000000110110001100000000000000
000000000000000000000000000000000000000000000000000000000000000000000000000000000010000001100011000000000000001010000000000000110110001100000000000000
000000000000001000000000000000000000000000000000000000000000000000000000000000000010000100100010001000000000000100000000000000001001000000000000000000
000000000000010100000000000000000000000000000000000000000000000000000000000000000010000011000000010100000000000000000000000000000110000000000000000000
000000000000010100000000000000000000000000000000000000000000000000000000000000000000000000000000000000000000000000000000000000000000000000000000011000
000000000000001000000000000000000000000000000000000000000000000000000000000000000000111000000000010100110100000000000000000000000000000000000000001000
000000000000000000000000000000000000000000000000000000000000100000000000000000000000000000000000011000000010000000000000000000000000000000000000000000
000000000000000000000000000000000000000000000000000000000001010000000000000000000000001000000000011000100000000000000000000001100000000000000000000001
100000000000000001100000000000000000000000000000000000000001100000000000000000000000001100000100000000000100000000000000000001100000000000000000000010
000000000110000010010000000000000000000000000000000000000000000000000000000000000000110011001110000000011100000000000000000000000000000000000000011000
000000000110000001100000000000000000000000000000000000000000000000011000000000000000100110100001000011100000000000000000000000000000000000000000001000
000000001000000000000000000000000000110000000000000000000000000000011000000000000000100000000110100010000100000000000000000000000000000100000000000000
100000010100000000000000000000001000110000000000000000000000000000000000000000000000011111010010110010011000000000000000000000000000001110000000000011
000000000100000000000000000000100100000000000000000000000000000000000000000000000000000111111000000000100000000000000000000000000000000001000000000001
000000011100000000000000000000100010000000000000000000000000000000000000000000000000000000000000000000000000000000000000000000000000011100000000000000
000000000000000000000000000001001110000000000000000000000000000000000000000000000000000000000000000000000000000000000000000000000000011010000000000000
000000000000000000000000000110000101000000000000000000000000000000000000000000000000000000000000000000000000000000000000000000000000000000000000000000
000000000000000000000000000000000100000000000000000000000000000000000000000000000000000000000010000000000000000000011000000000000000000001010000000000
000000000000000000000000001000000100100000000000000000000000000000000000000000000000000000001100001000000000000000100100000000000000000000100000000000
000000000000000000000000000101000000000000000000000000000000001000000000000000000000000000000110001000000000011001101110000000000000000000000000000000
000000000000000000000000000010000100011000000000000000000000001000000000000000001110000000000000010000000000011001101100000000000000001100000000000000
000000000000000000000000000000001101011000000011100000110000001000000000000000000000000000000000001000110110000001011000000000000000001100000000000000
000000000000000000000000000000010011010000000000000001001000000000000000000000000000000000000000001000100010000000110000000110000000000000000000000000
000000000000000000000000110000010000100000000000000000110000000011100000000000000000000000000000000000011100000000000000000101000000000000000000000000
000000000000000000000001001000001110010000000000000000000000000000000000000000000000000000000000000000000000000000000000000010000000000011000000000000
001100000000000000000001101000000111010011000000000000000000001000000000000000000000000000000000001100000000000000000000000000000000000011000000000000
001010000000000000000000101000000000110011000000000000000000001000000000000000000000000000000000010010000000000000110000000000000000000000000000000000
000101000000000000000000110000000000000000000000000000000000001000000000000000000000000000000000001100000000000000101100000000000000000000000000000000
000010000000000000000000000000000000000000000000000000000000000000000000000000000000000000000000001000000000000000100010000000000000000000000001100000
000000000000000000000000000000000000000000000000000000000000000000000000000000000000000000000000000000000000000000110010000000000000000000000010010000
000000000000000000000000000000000000000000011000000000000000000000000000000000000000000000000110000000000000000000011100000000000000000000000010100000
000000000000000000000000000000000000000000011000000000000000000000000000000000000000000000000110000000000000000000001000000000000000000000000001000000
000000000111000000000000000000000000000000000000000000000000000000000000000000000000000000000000000000000000000000000000000000000000000000000000000000
000000000000000000000000000000000000000000000000000000000000000000000000000000000000000000000000000000000000000000000000000000000000000000000000000010
000000000000000000000000000000000000000000000000000000000000100000000000000000000000000000000000000000000000000000000000000000000000000000000000000101
000000000000000000000000000000000100000000000000000000000001010000000000000000000000000000000000000000000000000000000000000000000000000000000000000101
000000000000000000000000000000000100000000000000000000000001010000000000000000000000000000000100000000000000000000000000000000000000000000000000000010
000000000000000000000000000000000100000000000000000000000000100000000000000000000000000000001001000001000000000000000000000000000000000000000000000000
001100000010000000000000000000000000000000000000000000000000000000000000000000000000000000000101100100100000000000000000000000000000000000000001100000
010010000101000000000000000000000001110000000000000000000000000000000000000000000000000000000011111101000000000000000000000000000000000001000010010000
001100000100100000000110000000000000000000000000000000000000000000000000000000000000000000000000101001010000000000000000000000000000000010100001100000
000000000011000000000110000110000000000000000100000000000000000000000000000000000000000000111001001000010000000000000000000000000000000001100000000000
000000000000000000000000000110000000000000000011000000000000000000000000110000000000000000101000110011101100000000000000000000000000000000000000000010
000000000000000000000000000000000000000000000110000000000000000000000001010000000000000000111000000000010000000000000000000000000000001100000000000101
000000000000000000000000000000000000000000000000000000000000000000000001100000000000000000000000000010110001100000000000000000000000010100000000000101
000000000000000000000000000000000000000000000000000000000000000000000000000000000000000000000000000000100001100000000000000000000000001000000000000010
000000000000000000000000000000000000000000000000000000000000000000000000000000000000000000000000000000000000000000000000000000000000000000000000000000
000000000100000000000000000000000000000000000000000000000000000000100000000000000000000000000001100000000000000000000000000000000000000000000000000000
000000001010000000000000000000000000000000000000000000000000000011011000000000000000000000000001100001100000000000000000000000000000000000000000000000
000000001010000000000000000000000000000000000000000000000000000000000000000000000000000000000000000001100000000000000000000000000000000010000000000000
000000000100000000000000001100000000000000000000000000000000000010001000000000000000000000000000000010000000000000000000000000000000000010000000000000
000000000000000000000000001100000000000000000000000000000000000001110000000000000000000000000000000011000000000000000000000000000000000010000000000000
000000000000000000000000000000000000000000000000000000000000000000000000000000000000000000000000000110000000000000000000000000000000000000000000000000
000000000000000000000000000000000001000000000000000000110000000000111000000000000000000000000100000001000000000000000000000000000000000000000000000000
000000000000000000000000000000000001000000000000000000110000000010111100000000000000000000010000000101101000000000000000000000000000000000000000001100
000000000011100000000000000000000001000000000000000000000000001100000100000000000000000000010001100101111000000000000000000000000000000000000000001100
000000000000000000000000000000000000000000000000000000000000000010001000000000000000000000001000001011010000000000000000000000000000000000000000000000
000000000000000000000000000000011000011100000000000000000000000000000000000000000000000110000100110010000000000000000000000000000000000000000000000000
000000000000000110000000000000011000000000000000000000000000000000000000000000000000001001000001000100000000000000000000000000000000000000000000000000
000000000000001001000000000000000001000000000000000000000000000000000000000000000000000110000000000000000000000000000000000000000000000110000000000000
000000000000000110000000000000000001000000110000000000000000001110000000000000000000000000010000000000000000000000000000000000000000000110000000000000
000000000000000000000001100110000001000000110000000000000000001110000000000000000000000000101000000000000000000000000000000000000000000000000000000000
000000000000000000000001100110011000000000000000000000000000000000000000000000000000000001010000000000000000000000000000000000000000000000000000000000
000000000011000000000000000000011000001100000000000000000000000000000000000000000000000001100000000000000000010000000000000000000000000000000000000000
000000000101000000000000000000000000010010000000000000000000000000000000000000000000000000000000000000000000101000000000000000000000000000000000000000
000110000010000000000000000000000000001100000000000000000000000000000001100000000000000000000000000000000001001000000000000000000000000000001100000000
000110000000000000000000000000000000000000000000000000000000000000000010010000000000000000000000011000000000110000000000011000000000000000010010000000
000000000000000000000000000000000000000000000000000000000000000000000001100000000000000000000000100100000000000000000000011000000000000000010100000000
000000000000000000000000000000000000000000000000000000000100000000000000000000000000000000000000011000000000000000000000000000000000000000001000000000
000000000000000000000000000000000000000000000000000000001010000000000000000000000000000000000000000000000000000000000000000000000000000000000000000000
000000000000000000000000001100000000000000000000000000001010000000000000000000000000000000000000000000000000000000000000000000000000000000000000000000
000000000000000000000010001100000000000000000000000000000100000000000000000000000000000000000000000000000000000000000000000000000000000000000000000000
000000000000000000000010000000000000000000000000000000000000000000000000000000000000000000000000000000000000000000000000000000000000000000000000000000
000000000000000000000010000000000000000000000000000011000000011000000000000000000000000000000000000000000000000000000000000000000000000000000000000000
000000000000000000000000000000000000000000000000000100100000100100000000000000000000000000000000000000000000000000000000000000011000000011000000000000
000000000000000000111000111000000000000000000000000011000000011000000000000000000000000000000000000000000000000000000000000000100100000100100000000000
000000000000000000000000000000000000000000000000000000000000000000000000000000000000000000000000000000000000000000000000000000011000000011000000000000
000000000000000000000000000000000000000000000000000000000100000000000000000000000000000000000000000000000000000000000000000000000000000000000000000000
000000000000000000000000000000000000000000000000000000001010000000000000000000000000000000000000000000000000000000000000000000000000100000000000000000
000000000000001000000000000000000000000000000000000000001010000000000000000000000000000000000000110000000000000000000000000000000001010000000000000000
000000000000001000000000000000000000000000000000000000000100000000000000000000000000000000000000110000000000000000000000000000000001010000000000000000
000000000000001000000000000000000000000000000000000000000000000000000000000000000000000000000000000000000000000000000000000000000000100000000000000000
000000000001000001000000000000000000000001000000000000000000000000000000000000000000000000000000000000000000000000000000000000000000000000000000000000
000000000010100010100000000000000000000010100000000000000000000000000000000000000000000000000000000000000000000000000000000000000000000000000000000000
000000000010100010100000000000000000000010100000000000000000000000000000000000001100000000000000000000000000000000000000000000000000000000000000000000
000000000001000001000000000000000000000001000000000000000000000000000000000000001100000000000000000000000000000000000000000000000000000000010000000000
000000000000000000000000000000000000000000000000000000000000000000000000000000000000000000000000000000000000000000000000000000000000000000101000000000
000000000000000000000000111000000000000000000000000000000000000000000000000000000000000000000000000000000000000000000000000000000000000000101000000000
