000000000000000000000000000001100000011011100000000000000000000000000000000000000000000000000000000000000000000000000000000000000000000000010000000000
000000000000000000000011100000000000111011000000000000000000000000000000000000000000000000000000000000000000000000000000000000000000011100000000000000
000000000000000000000010100000000000011000000000000000000000000000000000000000000000000000000000011100000000000000000000000000000000000000000000000000
000000000000000000000011100000000000000000000000000000000000000000000000000000000000000000000000000000000000000000000011000000000000000000000000000000
000000000000000000000000000000000000000000000000000000000000000000000000000000000000000000000000000000000000000000000100100000111000000000000000000000
000000000000000000000000000000000000000000000000000000000000000000000000000000000000000000000000000000000000000000000010100000000000000000000000000000
000000000110000000000000000000000000000000000000000000000000000001100000000000000000000000000000000000000000000000000001000000000000000000000000000000
000000001001000000000000000000000000000000000000000000000000000001100000000000000000000000000000000000000000000000000000000000000000000000000000000000
000000001001000000000000000000000000000000000000000000000000000000000000000000000000000000000000000000000000000000000000000000000000000000000000000000
000000000110000000000000000000000000000000000000000000000000000000000000000000000000000000000000000000000000000000000000000000000000000000000000000000
000000000000000000000000000000000000000000000000000000000000000000000000000000000000000000000000000000000000000000000000000000000000000000000000000000
000000000000000000000000000000000000000000000000000000000000000000000000000000000000000000000000000000000000000000000000000000000000000000000000000000
000000000000000000000000000000000000000000000000000000111000000000000000000000000000000000000000000000000000000000000000000000000000000000000000000000
000000000000000000000000000000000000000000000000000000000000000000000000000000000000000000000001000000000000000000000000000000000000000000000000000000
000000000000000000000000000000000000000000000000000000000000000000000000000000000000000000000010100000000000000000000000000000000000000000000000000000
000000000110000000000000000000000001100000000000000000000000000000000000000000000000000000000010100000000000000000100000000000000000000000000000000000
000000000110000000000000000000000001100000000000000000000000000000000000000000000000000000000001000000000000000001010000001110000000000000000000000000
000000000000000000000000000000000000000000000000000000000000000000000000000000000000000000000000000000000000000000100000010001000000000000000000000000
000000000000000000000000000000000000000000000000000000000000000000000000000000000000000000110000000000000000000000000000010001000000000000000000000000
000000000000000000000000000000000000000000000000000000000000000000001000000000000000000001001000000000000000000000000000100001100000000000000000000000
000000000010000000000000000000000000000000000000000000000000000000010100000000000000000000110000000000000000000000000001101100000000000000000000000000
000000000101000011000000000000000000000000000000000000000000000000001000000000000000000000000000000000000000000000000001111000000000000000000000000000
000000000101000011000000000000000000000000000000000000000000000000000000000000000000000000000001000000000000000000000000000000000000000000000000000000
000000000010000000000000000000011100000000000000000000000000000000000000000001000000000000000010100000000000000000011000000000000100000000000000000000
000000000000000000000000000000000000000000000000000000000000000000000000000010100000000000000010100000000000000000011000100000001010000000000000000000
000000000000000000000000000000000000000000000000000000000000000000000000000010010000000000000001000000000000000000011101110000000001000000000000000000
000000000000000000000000000000000000000000000000000000000000000000000000000001100000000000000000000000000000000000001010110000110001000000000000000000
000000000000000000000000000000000000000000000000000000000000000000000000000000000000000000000000000000000000000000001010001000110110000000000000000000
000000000000000000000000000000000000000000000000000000000000000110000000000000000000000000000000000000000000000000001010010001110110000000000000000000
000000000000000000000000000000000000000000000000000000000000001001000000000000000000000000000000000000000000000000010000000010000000000000000000000000
000000000000000000000000000000000000000000000000000000000000000110000000000000000000000000000000000000000000000000110111001000000000000000000000000000
000000110000000000000000000000000010000000000000000000000000000000000000000000000000000000000000000000000000000000000100110000000000000000000000000000
000000110000000000000000000000000010000000000000000000000000000000000001100000000000000000000000000000000000000001111000001110000000000000000000000000
000000000000000000000000000000000010000000000000000000000000000000000001100000000000000011000000000000000000000011111000001010000000000000000000000000
000000000000000000000000000000000000000000000000000000011100011000000001100000000000000011000000000000001100000110110000000000000001100000000000000011
000000000000000000000000000000000000000000000000000000100100011000000000100000000000000000000000000000001100000010100000011000000001100000000000000011
000000000000000000000000000000000000011000000101000000100010000000000000101000000000000000000000000000000000000001000000010000000110000000000000000000
000000000000000000000000000000000000011000011100000001000000000000000000100000000000000000000000000000000000000000000000000000000110000000000000000000
000000000000000000000000000000000000000000010010110000110001100000000000000000001010000000000000000000000000000000000000000000000000000000000000000000
000000000000000000000000000000000000000000001001100000001000001000000000000110001100000000000000000000000000000000000000111000000000000000000000000000
000000000000000000000000000000000000000000000000000000000100001000000000111110001100000000000000000000000000000000000000000100000000000000000000000000
000000000000000000000000000000000000000000000000000000001000001000000001000000010100000000000000000000000000000000000001010100000000000000000000010000
100000000000000000000000000000000000000000000100000000110001100000000000111000000000000000000000000000000000000000000001100000000000000000000000010000
001000000000000000000000000000000000000000001010000001000000000011000000010000000000000010000000000000000000000000000000001000000000000000000000000001
001000000001000000000000000000000000000000001010000000100010001101000000000000000000000101000000000000000000000000000000000110000000000000000000000001
101000000010100000000001100000000000000000000100000000100100010010000100000000000000000011000000000000000000000000000000000000000000000000000110010101
010000000010010000000010010000000000000000000000000000011100010010000100000000000000000000000000000001000000000000000000000000000000000000000111110100
110000000001100000000001100000000000000011000000011000000000010010000000000000000000000000000110000010100000000000000001110000000000000000000100101000
110000000000000000000000000000000000000100100000100100000000001101000000000011100000000000000110000010100000000000000000000110000000000000000011101000
100000000000000000000000000000000000000011000000011000000000000011000000000000000000000000000000000001000000000000000000110110000000000000000000111101
110000000000000100000000000000000000000000000000000000000000000000000000000000000000000000000000000000000000000000000000110000000000000000000000000001
000000000000001010000000000000011000000000000100000000000000000000000000000000000000000000000000110000000000000000000001100000000000000000000000000000
000000000000010010000000000000011000000000001010000000000000000000000000000000000000000000000001001000000000000000000001111100000000000000000000000000
111000000000001100000000000000000000000000001010001100000000000000000000000000000000000000000000110000000000000000000000100100000000000000000000000000
000000000000000000000000000000000000000000000100001100000000000000000000000000000000000000000000000000000000000000000000100000000000000000000000000000
000010000000000000000000000110110000000000000000000000000000000000000000000000000000000000000000000001000000000000000000100100110010000000000000000010
000010000000000000000000001010100000000000000000000000000000000000001000000000000000000000000000000010100000000000000000000000110000100000000000000100
000010000000000000000000001000000100000000000000000000000000000000001000000001100000000000000000000010100000000000000000111000010000000000000000011000
000000000000000000000000001010010100000000000000000000000000000000001000000010010000000000000000000001000000000000000000000000001111000000000000100111
111000000000000000000000001101100010000000000000000000000000000000000000000001010000000000000000000000000000000000000000000000000000100000000000011000
000000000000000000000000000000000000000000000000000000000000000000000000000000100000000000000000000000000000000000000000000000100011000000000000000000
000000000000000000000000000000000000000000000000000000000000000000000000000000000000000000000000000000000110000000000000000000100000000000000000000000
000000000000000000000000000000000000000000000000000000000011000000000000000000000000000000000000000000000110000000000000000000000110100000000000000000
000000000000000000000000000000001110000000000000000000000011000000000000000000000000000000000000000000000000000000000000000000000100100000000000000000
000000000000000000000000000000000110000000000000000000000000000000000000000000000000000000000000000000000000000000000000000000000100000000000000000000
000000000000000000000000000000001100000000000000000000000000000000000000000000000000000000000000000000000110000000000000000111000101000000000000000000
000000000000000000000000000000000000000001100000000000000011000000000000000000000000000100000000000000000110000000000000000100000010000000000000000000
000000000000000000000000000000000000000001100000000011100010100000000000000000000000001010000000001000000000000000000000000101000000000000000000000000
000000000010000000000000000000000000000000000000001100010000110000000000000000000000000100000000010100000000000000000000000011000000000000000000000000
000000000101000000000000000000000000000000000000001000110001110000000000000000000000000000000000010010000000000000000000000000000000000000000000000000
000000000101000000000000000000000000000000000000000110100010100000000000000000000000000000000000001100000000000000000000000000000000000000000000000000
000000000010000000000000000000000000000000000000000000100011000000000000001100000000000000000000000000000000000000000000000000001000000000000000000000
000000000000000000000000000000000000000000000000000010100000000000000000001010000000000000000000000000000111000000000000000001101000000000000000000000
000000000000000000000000000000000000000000000000000010110000000000000000000110000000000000000000000000000000000000000011000001001000000011000000000000
000000000000000000000000000000000000000000000000000001101100000000000000000000000000000000000000000000000000000000000101000001110000000100100000000000
000000000000000000000000000000010000000000000000000000111000000000000000000000000000000000000000000000000000000000000010000000000000000011000000000000
000000000000000000000000000000101000000000110000000000010000000000000000000000000000000000000000000000000000000000000000000000000001110000000000000000
000000000000000000000000000001000000000001001000000000000000000000000000000000000000000000000000000000000000000000000000010000000000000000000000011000
000000000000000000000000000000100100100000000000100000000000000000000000000000000000000000000000000000000110000000000000101000000000000000000000011000
000000000000000000000000000000011110010000111000110000000000000000000000000000000000000000000000000000000110000000000000101000000000000000000000000000
000000000000000000000000000000000001010000000101010000000000000100000000000000000000001100000000000000000000000000000000010000000000000000000000000000
000000000000000000000000000000000011100000110001110000000000001010000000000000000000001100000000000000000000000000001100000000000000000000000000000000
001111000000000000000000000000100001000010001100010000000000001010000000000000000000000000000000000000000000000000001010000000000000000000000000000000
010110100000000000000000000001100100000010100000000000000000000100000000000000000000000000000000000000000000000000000011001100000000000000000000000000
010010100000000000000000000000111110000001000001000000000000000000000000000110000000000000000000000000000000000000001010001100000000000000000000000000
011011000000011000000000000000010010000000000111000011000011000000011000000110000000000000000000000000000000000000001100000000000000000000000000000000
011110000000100100000000000000001100000000001010000011000100100000100100000000000000000000000000000000000000000000000000000000000000000000000000000000
000001100000100000000000000000000000000000000100000000000011000000011000000000000000011100000000000000000000000000000000000000000000000000000000000000
000011000000000000000000000000000000000000101000000000000000000000000000000000000000000000000000000000000000000000000000000000000011100000000000000011
000000000000110000000000000000000000000111111000000000000000000100000000000000000000100011000000000000000000000000000000000000000000000000000000000111
100000000011010000000000000000000000000111001000010100000000001010000000000000000001010011000000000000000000000000000000000000000000000000000000001000
000001100111100001000000000000000000000010110000010100000000001010000000000000110010110110000000000000000000000000000000000000000000000000000000000101
000010101000010010100110000001000000000001100000001000000000000100000000000000101110110110000000000000000000000000000000000000000000000000000000000001
011110001111010100100110000010100000000001000000000000000000000000000000000000010000100100000000000001100000000000000000000000000000000000000000000000
100000001000000011000000000011000000000000000000000010000000000000000000000000011001110000000000000001100000000000000000000000000000110000000000000000
010010010000100100000000000000000000000000000000000101000000000000000000000000010000101000000000000000000000000000000000000000000000110000000000000000
001000000000100100000000000000000000000000000000000101000000000000000000000000101000010000000000000000000000000000000000000000000000000000000000000000
000011100000011000000000000000000000000000000000000010000000000000000000000001110000010000000000000000000000000000000000000000000000000000000000000000
000011000000000000000000000000000000000000000000000000000000000001010000000010110000000000000000000000000000000000000000000000000000000000000000000000
000000000000000000000000000000000000001100000000000000000000000111011000000110110010000000000000000000000000000000000000000000000000000000000000000000
000000000000000000000000000000000000001100000000000000000000000111011010000110110000000000000000000000000000000000000000000000000000000000000000000000
000000000000000000000000000000000000000000000000000000000000000111110100001001001011000000000000000000000000000000000000000000000000000000000000000000
000000000000000011000110000000000000000000000000000000000000000000010000011000000100000000000000000000000000000000001000000000000000000000000000000000
000000000000000101000110000110000000000000000000000000000000000000000001000000101000000000000000000000000000000000010100000000000000000000000000000000
000000000000000000000000000110000000000000000000000000000000000000000010000000100000000000000000000000000000000000100100000000000000000000000000000000
000000000000001010000000000000000000000000000000000000000000110000000000001000001000000000000000000000000000000000011000000000000000001100000000000000
000000000000010001000000000000000000000000000000000000000000110000001000110110000000000000000000000000000000000000000000000000000000010100000000000000
000000000000010010000000000000000000000000000000000000000000000000011000000111011000100000000000000000000000000000000000000000000000001000000000000000
000000000000001010000000000000000000000000000000000000000000000000100000111011011000000000000000000000000000000000000000000000000000000000000000000000
000000000000000000000000000000000000000000000000000000000000000000011000000000010001000000000000000000000000000000000000000000000000000000000000000000
000000000000000000000000000000000000000000000000000000000000000000000000000000000000000000000000000000000000000000000000000000000000000000000000000000
000000000000000000000000000000000000001100000000000000000000000000000000011100000001100000000000000000000000000000000000000000000000000010000000000000
000000000000000000000000001100000000001100000000000000000000000000000000001010000000110000011000000000000000000000000000000000000000000010000000000000
000000000000000000000000001100000000000000000000000000000000000000000000001010000001111101101000000000000000000000000000000000000000000010000000000000
000000000000000000000000000000000000000000000000000000000001000000000000000000000001000111110000000000000000000000000000000000000000000000000000000000
000000000000000000000000000000000001000000000000000000000001000000000000000000000000111111100000000000000000000000000000000000000000000000000000000000
000000000000000000000000000000000001000000000000000000000001000000000000000000100000010000000000000000000000000000000000000000000000000000000000001100
000000000011100000000000000000000001000000000000000000000000000000000000000000100000000000000000000000000000000000000000000000000000000000000000001100
000000000000000000000000000000000000000000000000000000000000000000000000000000100000000000000000000000000000000000000000000000000000000000000000000000
000000000000000000000000000000011000011100000000000000000000000000000000000000000000000000000000000000000000000000000000000000000000000000000000000000
000000000000000110000000000000011000000000000000000000000000000000000000000000000000000000000000000000000000000000000000000000000000000000000000000000
000000000000001001000000000000000001000000000000000000000000000000000000000000000000000000000000000000000000000000000000000000000000000110000000000000
000000000000000110000000000000000001000000110000000000000000000000000000000000000000000000000000000000000000000000000000000000000000000110000000000000
000000000000000000000001100110000001000000110000000100000001100100000000000000000000000000000000000000000000000000000000000000000000000000000000000000
000000000000000000000001100110011000000000000000000100000000000110000000000000000000000000000000000000000000000000000000000000000000000000000000000000
000000000011000000000000000000011000001100000000000010000010000100000000000000000000000000000000000000000000010000000000000000000000000000000000000000
000000000101000000000000000000000000010010000000000000000111000000000000000000000000000000000000000000000000101000000000000000000000000000000000000000
000110000010000000000000000000000000001100000000000110000000000000000011000000000000000000000000000000000001001000000000000000000000000000001100000000
000110000000000000000000000000000000000000000000000010000000000000000100100000000000000000000000000000000000110000000000011000000000000000010010000000
000000000000000000000000000000000000000000000000001001000000000101000011000000000000000000000000000000000000000000000000011000000000000000010100000000
000000000000000000000000000000000000000000000000000011100000011010000000000000000000000000000000000000000000000000000000000000000000000000001000000000
000000000000000000000000000000000000000000000000000100100000011011000000000000000000000000000000000000000000000000000000000000000000000000000000000000
000000000000000000000000001100000000000000000000000000010000110110000000000000000000000000000000000000000000000000000000000000000000000000000000000000
000000000000000000000000001100000000000000000000000001100000110110000000000000000000000000000000000000000000000000000000000000000000000000000000000000
000000000000000000000000000000000000000000000000000000000000010100000000000000000000000000000000000000000000000000000000000000000000000000000000000000
000000000000000000000000000000000000000000000000000000000000001000000000000000000000000000000000000000000000000000000000000000000000000000000000000000
000000000000000000000110000000000000000000000000000000000000000000000000000000000000000000000000000000000000000000000000000000011000000011000000000000
000000000000000000000110000000000000000000000000000000000000000000000000000000000000000000000000000000000000000000000000000000100100000100100000000000
000000000000000000001100000000000000000000000000000000000000000000000000001010000000000000000000000000000000000000000000000000011000000011000000000000
000000000000000000011100000000000000000000000000000000000000000000000000111000000000000000000000000000000000000000000000000000000000000000000000000000
000000000000000000111110000000000000000000000000000000000000000000000000110000000000000000000000000000000000000000000000000000000000100000000000000000
000000000000000000100001000000000000000000000000000000000000000000000000110000000000000000000000110000000000000000000000000000000001010000000000000000
000000000000000000100001100000000000000000000000000000000000000000000000110000000000000000000000110000000000000000000000000000000001010000000000000000
000000000000000000010111000000000000000000000000000000000000000000000000110100000000000000000000000000000000000000000000000000000000100000000000000000
000000000000000000010000000000000000000000000000000000000000000000000000111011000000000000000000000000000000000000000000000000000000000000000000000000
000000000000000010001100000000000000000000000000000000000000000000000000010011000000000000000000000000000000000000000000000000000000000000000000000000
000000000000000100000100000000000000000000000000100000000000000000000000010010000000000000000000000000000000000000000000000000000000000000000000000000
000000000000000010010000000000000000000000000001010000000000000000000000001010000000000000000000000000000000000000000000000000000000000000010000000000
000000000000000001000000000000000000110000000001010000000000000000000000000000000000000000000000000000000000000000000000000000000000000000101000000000
000000000000000000011000000001100000111011000000100000000000000000000000000000000000000000000000000000000000000000000000000000000000000000101000000000
