000000000000000000000000000000000000000000000000000000000000000000000000000000000000000000000000000010011000110100011100000000000000000000010000000000
000000000000000000000000000000000000000000000110000000000000000000000000000000000000000000000000000001011000001100110000000000000000011100000000000000
000000000000000000000000000000000000000000000110000000000000000000000000000000000000000000000000011100000000000011110000000000000000000000000000000000
000000000000000000000000000000000000000000000000000000000000000000000000000000000000000000000000000000000000000000000000000000000000000000000000000000
000000000000000000000000000000000000000000000000000000000000000000000000000000000000000000000000000000000000000000000000000000111000000000000000000000
000000000000000000000000000000000000000000000000000000000000000000000000000000000000000000000000000000000000000000000000000000000000000000000000000000
000000000110000000000000000000000000000000000000000000000000000001100000000000000000000000000000000000000000011100000000000000000000000000000000000000
000000001001000000000000000000110000000000000000000000000000000001100000000000000000000000000000000000000000000000000000000000000000000000000000000000
000000001001000000000000000000110000000000000000000000000000000000000000000000000000000000000000000000000000000000000000000000000000000000000000000000
000000000110000000000000000000000000110000000000000000000000000000000000000000000000000000000000000000000000000000000000000000000000000000000000000000
000000000000000000000000000000000000110000000000011000000000000000000000000000000000000000000000000000000000000000000000000000000000000000000000000000
000000000000000000000000000000000000000000000000011000000000000000000000000000000000000000000000000000000000000000000000000000000000000000000000000000
000000000000000000000000000000000000000000000000000000000000000000000000000000000000000000000000000000000000000000000000000001110000000000000000000000
000000000000000000000000000000000000000000000000000000000000000000000000000000000000000000000001000000000000000000000000000000000000000000000000000000
000000000000000000000000000000000000000100000000000000000000000000000000000000000000000000000010100000000000000001100000000000000000000000000000000000
000000000000000000000000000000000000001010000000000000000000000000000000000000000000000000000010100000000000000001100000000000000000000000000000000000
000000000000000000000000000000000000001010000000000000000000000000000000000000000000000000000001000000000000000000000000000000000000000000000000000000
000000000000000000000000000000000000000100000000000000000000000000000000000000000000000000000000000100000000000000000000000000000000000000000000000000
000000000000000000000000000000000000000000000000000000000000000000000000000000000000000000110000000101000000000000000000000000000000000000000000000000
000000000000000000000000000000000011000000011000000000000000000000001000000000000000000001001000000110000000000000000000000000000000000000000000000000
000000000000000000000000000000000100100000100100000000000000000000010100000000000000000000110000000000000000000000000001000000000000000000000000000000
000000000000000011000000000000000011000000011000000000000000000000001000000000000000000000000000000000000110000000000001000000000000000000000000000000
000000000000000011000000000000000000000000000000000000000000000000000000000000000000000000000000000000000000000000000001000000000000000000000000000000
000000000000000000000000000000000000000100000000000000000000000000000000000001000000000000000000000000000100100000000000000000000000000000000000000000
000000000000000000000000000000000000001010000000000000000000000000000000000010100000000000000000000000000000010000000000000000000000000000000000000000
000000000000000000000000000000000000001010000000000000000000000000000000000010010000000000000000000001110011010000000000000000000000000000000000000000
000000000000000000000000000000000000000100000000000000000000000000000000000001100000000000000000000110010000000100000000000000000000000000000000000000
000000000000000000000000000000000000000000000000000000000000000000000000000000000000000000000000001001100001100010000000000000000000000000000000000000
000000000000000000000000000000000000000000000000000000000000000011000000000000000000000000000000001001000000000010000000000000000000000000000000000000
000000000000000000000000000000000000000000000000000000000000000011000000000000000000000000000000000111000011000010000000000000000000000000000000000000
000000000000000000000000000000000000000000000000000000000000000000000000000000000000000000000000000001000010000010000000000000000000000000000000000000
000000000000000000000000000000000010000000000000000000000000000000000000000000000000000000000001000011100011000100000011000000000000000000000000000000
000000000000000000000000000000000010000000000000001110000000000000000000000000000000000000000001010011000000100100000100100000000000000000000000000000
000000000000000000000000000000000010000000000000000000000000000000000000000000000000000000000001010000000000111000001100000000000000000100100000000000
000000000000000000000000000000000000000000000000000000011000000000000000000000000000000000000000110000000000000000000010100000000000000000000011000000
000000000000000000000000000000000000000000000000000000100100000000000000000000000000000000000000000000000000000000000001110000000000000011101100100000
000000000000000000000000000000000000011000000000000000011000000000000000000000000000000000000000000000000000000000000001001000000000000000110101000000
100000000000000000000000000000000000011000000000000000000000000000000000000000000000000000000000000000000000000000000000010000000000000000111110000001
100000000000011000000000000000000000000000000000000000000000000000000000000000000000000000000000000000000000000000000001010000000000000000011011111001
000000000000100111100000000000000000000000000000000000000000000000000000000000011000000011000000000000000000000000000001010000001100000000000100111000
000000000000000011110000000000000000000000000000000000000000000000000000000000001101100011000000000000000000000000000000110000001100000000001010100100
100000000000011100101000000000000000000000000000000000000000000000000000000000000100100100000000000000000000000000000000000000000000000000001111011000
010000000000000000101000000000000000000000000000000110000000000000000000000000000011000111000000000000000000000000000000000000000000000000000111111010
001000000000000000111000000000000000000000000000001001000000000000000000000000000000010011000000000000000000000000000000000000000000000000000001100010
001000000000000000000000000000000000000000000000001010000000000000000000000000000000000011000000000000000000000000000000000000000000000000000000000100
001000000000000000000000000000000000000000000000000100000000000000000000000000000000000100000000000000000000000100000000000000000000000000000000000100
010000000000011100000000000000000000000000000000000000000000000000000000000000000000000000000000000000000000000100000000000000000000000000000000000000
100000000000011100000000000000000000000001100000000000000000000000000000000000000000000000000000000000000000000100000000000000000000000000000000000011
000000000000000000000000000000000000000001100000000000000000000000000000000011100000000000000000000000000000000000000000000000000011000000000000000000
000000110101110000000000000000000000100000000000000000000000000000000000000000000000000000000000000000000000000000000000000000000100100000000000000000
000001101111101000000000000000000000100000000000000000000000000000000000000000000000000000000000000000000000000000000000000000000100100000000000000000
000001100000100000000000000000000000100000000000000000000000000000000000000000000000000000000110000000000001100000000000000000000011000000000000000000
000000011011000000000000000000000000000000000000000000000000000001100000000000000000001000000110000000000001100000000000000000000000000000000000001000
000000010001000000000000000000000000000000000000000000000000000001100110000000000000001000000000000000000000000000000000000000000000000001110000000110
000000000001000000000000000000000000000000000000000000000000011000000110000000000000001000000000000000000000000000000000000000000000000010000000010100
000000000001000000000000000000000000000000000000000000000000011000000000000000000000000000000000000000000000000000000000000000000000000100000100100100
000000100010000000000000000011000000000000000000000000000000000000000000000000000011100011100000000000000000000000000000000000000000000101010010000000
000000111100000000000000000100100000000000000000000000000000000000000000000001100000000000000000000000000000000000000000000000000000000010010000001001
110000010000000000000000000011000000000000000000000000000000000000000000000010010000001000000000000000011000000000000000000000000000000000100000010011
110000000000000000000000000000000000000000000000000000000000000000000000000001010000001000000000000000011000000000000000000000011000000001000001000010
001000000000010000000000000000000000000000000000000000000000000000000000000000100000001000000000000000000000000000000000000000100100000010000010000000
101101100000001001000000000000000000000000000000000000000000000000000000000000000000000000000000000000000000000000011000000000100100000010010100000001
110010010000100011100000000000000000000000000000000000000000000000000000000000000000000000000000000000000000000000000100000000011000000010000000000001
100011000100101100010000000000000000000000000000000000000000000000000000000000000000000000000000000000000000000000000110000000000000000001101100000000
000000111100000111100000000000000000000000000000000000000000000000000000000000000000000000000000000000000000000000110110000000000000000001000100000000
000000001000000001000000000000000000000000000000000000000000000000000000000000000000000000000000000000000000000000000000000000000000000000111000000000
000000000000000000000000000000000000000000000000000000000000000000000000000000001100000000000000000000000000000000000000000000000000000000000000000000
000000000000000000000000000000000000000000000000000000000000000000000000000000001100000000000000000000000000000000000000000000000000000000000000000000
000000000000000000000000000000000000000000000000000000000000100000000000000000000000000000000000000000000000000000000000000000000000000000000000000000
000000000000000000000000000000011001110000000000000000000001010000000000000001110001110000000000000011000001100000000000000001100000000000000000000000
000000000000000000000000000000000101100100000000000000000001100000000000000011101110001000000000000011000110010000000000000001100000000000000000000000
100000110000000000000000000000011000000010000000000000000000000000000000000100000000000100000010000011000000101100000000000000000000000000000000000000
010000110000000000000000000000000111000100000000000000000000000000011000100000011000000100000100000000000000000000000000000000000000000000000000000001
010000000000001110000000000000001000000000000000000000000000000000011001000000001101000100011110000000001010001100000000000000000000000000000000000001
100000000000010001000100000000001000000000000000000000000000000000000000000010000000110001100100000001111000000000000000000100000000000000000000000000
000000000000011001000110000000001000010000000000000000000000000000000000100000000000000001101100000010011000000000000000001001000000000000000000000000
000000000000000011001010000000000101000000000000000000000000000000000000011100000000000000001000000100000000000000000000010000100000110000000000000000
000000000000000000000000000000100011000000000000000000000000000000000000000000000000000001110000000100100000000000000000100000100001001000000000000000
000000000000000011110001100010010001100000000000000000000000000000000000000000000000000001000000000011000000000000000000000001100000110000000000000000
000000000001100100100000010100001100100000000000000000000000000000000000000000000000000000000000000000001000000000000000010010000000000000000000000000
000000000001000000100000001000101100000000000000000000000000000000000000000000000000000000000000000000011100000000000000001110000000000000000000000000
000000000000100001000100001000111100000000000000000000000000001000000000000000000000000000000000000000110010000000011111000000000000000000000000000000
000000000000000110011000001000001000000000000000000000000000001000000000000000000000000000000000000000101110000000111111100000000000001100000000000000
000000000000000000011000000100010000000000000011100000110000001000000000000000000000000000000000000000110101100001000000010000000000001100000000000000
000000000000000000000101100001110000000000000000000001001000000000000000000000000000000000000000000000000010010000111111100000000000000000000000000000
000000000000000000000010000000000000000000000000000000110000000011100000000000000000000000000000000000000111111000011110100000011000000000000000000000
000000000000000000000000000000000000000000000000000000000000000000000000000000000000000000000000000000000010010000000110100000011000000011000000000000
001100000000000000000000000000000000000000000000000000000000001000000000000000000000000000000000000000110101100000001000010000000000000011000000000000
001010000000000000000000000000000000000000000000000000000000001000000000000000000000000000000000000000101011000000011100010000000000000000000000000000
000101000000000000000000011000000000000000000000000000000000001000000000000000000000000000000000000000110110000000110100100000000000000000000000000000
000010000000000000001100011000000110000000000000000000000000000000000000000000000000000000000000000000010110000001110011100000000000000000000001100000
000000000000000000001100000000000110000000000000000000000000000000000000000000000000000000000000000000010010000000110001000000000000000000000010010000
000000000000000000000000000000000000000000011000000000000000000000000000000000000000000000000110000000011010100000010000000000000000000000000010100000
000000000000000000000000000000000000000000011000000000000000000000000000000000000000000000000110000110011011010000000000000000000000000000000001000000
000000000111000000000000000000000000000000000000000000000000000000000000000000000000000000000000001010111000010000000000000000000000000000000000000000
000000000000000000000000000000000000000000000000000000000000000000000000000000100000000000000000000100111110110000000000000000000000000000000000000010
000000000000000000000000000000000000000000000000000000000000100000000000000011000000000000000001001100111000110000110000000000000000000000000000000101
000000000000000000000000000000000100000000000000000000000001010000000000000001100000000000000000010000111001100000110000000000000000000000000000000101
000000000000000000000000000000000100000000000000000000000001010000000000000000000000000000000100010000010111000000000000000000000000000000000000000010
000000000000000000000000000000000100000000000000000000000000100000000000000000000000000000000101000000001110000000000000000000000000000000000000000000
001100000010000000000000000000000000000000000000000000000000000000000000000000000000000000000000000000000100000000000000000000000000000000000001100000
010010000101000000000000000000000001110000000000000000000000000000000000000000000000000000000000000000000000000000000000000000000000000001000010010000
001100000100100000000110000000000000000000000000000000000000000000000000000000000000000000000000000000000000000000000000000000000000000010100001100000
000000000011000000000110000110000000000000000000000000000000000000000000000000000000000000000001100000000000000000000000000000000000000001100000000000
000000000000000000000000000110000000000000000000000000000000000000000000110000000000000111000001100000000000000000000000000000000000000000000000000010
000000000000000000000000000000000000000000000000000000000000000000000001010000000000000000000000000000000000000000000000000000000000001100000000000101
000000000000000000000000000000000000000000000000000000000000000000000001100000000000000000000000000000000000000000000000000000000000010100000000000101
000000000000000000000000000000000000000000000000000000000000000000000000000000000000000000000000000000011000000000000000000000000000001000000000000010
000000000000000000000000000000000000000000000000000000000000000000000000000000000000000000000000000000011000000000000000000000000000000000000000000000
000000000100000000000000000000000000000000000000000000000000000000000000000000000000000000000001100000000000000000000000000000000000000000000000000000
000000001010000000000000000000000000000000000000000000000000000100000000000000000000000000000001100011000000000000000000000000000000000000000000000000
000000001010000000000000000000000000000000000000000000000000000100000000000000000000000000000000000011000000000000000000000000000000000010000000000000
000000000100000000000000001100000000000000000000000000000000000100000000000000000000000000000000000000000000000000000000000000000000000010000000000000
000000000000000000000000001100000000000000000000000000000000100000100000000000000000000000000000000000000000000000000000000000000000000010000000000000
000000000000000000000000000000000000000000000000000000000001010001010000000000000000000000000000000000000000000000000000000000000000000000000000000000
000000000000000000000000000000000001000000000000000000000001010001010000000000000000000000000000011000000000000000000000000000000000000000000000000000
000000000000000000000000000000000001000000000000000000000000100000100000000000000000000000000000011000000000000000000000000000000000000000000000001100
000000000011100000000000000000000001000000000000000000000000000000000000000000000000000000000000000000000000000000000000000000000000000000000000001100
000000000000000000000000000000000000000000000000000000000000000000000000000000000000000000000000000000000000000000000000000000000000000000000000000000
000000000000000000000000000000011000011100000000000000000000000000000000000000000000000000000000000000000000000000000000000000000000000000000000000000
000000000000000110000000000000011000000000000000000000000000000000000000000000000000000000000000000000000000000000000000000000000000000000000000000000
000000000000001001000000000000000001000000000000000000000000000000000000000000000000000000000000000000001110000000000000000000000000000110000000000000
000000000000000110000000000000000001000000110000000000000100000000000011000000000000000000010000000000000000000000000000000000000000000110000000000000
000000000000000000000001100110000001000000110000000000001001000000000011000000000000000000101000000000000000000000000000000000000000000000000000000000
000000000000000000000001100110011000000000000000000000011010100000000000000000000000000001010000000000000000000000000000000000000000000000000000000000
000000000011000000000000000000011000001100000000000000011000100011000000000000000000000001100000000000000000010000000000000000000000000000000000000000
000000000101000000000000000000000000010010000000000000000111000100100000000000000000000000000000000000000000101000000000000000000000000000000000000000
000110000010000000000000000000000000001100000000000000001000000010010000000000000000000000000000000000000001001000000000000000000000000000001100000000
000110000000000000000000000000000000000000000000000000001010000000110000000000000000000000000000011000000000110000000000011000000000000000010010000000
000000000000000000000000000000000000000000000000000000001001000000110000000000000000000000000000100100000000000000000000011000000000000000010100000000
000000000000000000000000000000000000000000000000000000011000000011000000000000000000000000000000011000000000000000000000000000000000000000001000000000
000000000000000000000000000000000000000000000000000000110110100101100000000000000000000000000000000000000000000000000000000000000000000000000000000000
000000000000000000000000001100000000000000000000000001001100000001000000000000000000000000000000000000000000000000000000000000000000000000000000000000
000000000000000000000010001100000000000000000000000000101101100000000000000000000000000000000000000000000000000000000000000000000000000000000000000000
000000000000000000000010000000000000000000000000000001101000000000000000000000000000000000000000000000000000000000000000000000000000000000000000000000
000000000000000000000010000000000000000000000000000011000000000000000000000000000000000000000000000000000000000000000000000000000000000000000000000000
000000000000000000000000000000000000000000000000000100100000000000000000000000000000000000000000000000000000000000000000000000011000000011000000000000
000000000000000000111000111000000000000000000000000011000000000000000000000000000000000000000000000000000000000000000000000000100100000100100000000000
000000000000000000000000000000000000000000000000000000000000000000000000000000000000000000000000000000000000000000000000000000011000000011000000000000
000000000000000000000000000000000000000000000000000000000100000000000000000000000000000000000000000000000000000000000000000000000000000000000000000000
000000000000000000000000000000000000000000000000000000001010000000000000000000000000000000000000000000000000000000000000000000000000100000000000000000
000000000000001000000000000000000000000000000000000000001010000000000000000000000000000000000000110000000000000000000000000000000001010000000000000000
000000000000001000000000000000000000000000000000000000000100000000000000000000000000000000000000110000000000000000000000000000000001010000000000000000
000000000000001000000000000000000000000000000000000000000000000000000000000000000000000000000000000000000000000000000000000000000000100000000000000000
000000000001000001000000000000000000000001000000000000000000000000000000000000000000000000000000000000000000000000100000000000000000000000000000000000
000000000010100010100000000000000000000010100000000000000000000000000000000000000000000000000000000000000000000001011000000000000000000000000000000000
000000000010100010100000000000000000000010100000000000000000000000000000000000001100000000000000000000001100000011001100000000000000000000000000000000
000000000001000001000000000000000000000001000000000000000000000000000000000000001100000000000000000000100010000101000010000000000000000000010000000000
000000000000000000000000000000000000000000000000000000000000000000000000000000000000000000000000000011000010001110000011000000000000000000101000000000
000000000000000000000000111000000000000000000000000000000000000000000000000000000000000000000000000010000010110001000110000000000000000000101000000000
