000000000000000000000000010000000000000000000000000000000000000000000000000000000000000000000000000000000000000000000000000000000000001000010000000000
000000000000000000000000000000000000000000000110000000000000000000000000000000000000000000000000001000000000000000000000000000000000001000000000000000
000000000000000000000000000000000000000000000110000000000000000000000000000000000000000000000000001000000000000000000000000000000000001000000000000000
000000000000000000000000000000000000000000000000000000000000000000000000000000000000000000000000001000000000000000000011000000010000000000000000000000
000000000000000000000000000000000000000000000000000000000000000000000000000000000000000000000000000000000000000000000100100000010000000000000000000000
000000000000000000000000000000000000000000000000000000000000000000000000000000000000000000000000000000000000000000000010100000010000000000000000000000
000000000110000000000000000000000000000000000000000000000000000001100000000000000000000000000000000000000000000000000001000000000000000000000000000000
000000001001000000000000000000110000000000000000000000000000000001100000000000000000000000000000000000000000000000000000000000000000000000000000000000
000000001001000000000000000000110000000000000000000000000000000000000000000000000000000000000000000000000000000000000000000000000000000000000000000000
000000000110000000000000000000000000110000000000000000000000000000000000000000000000000000000000000000000000000000000000000000000000000000000000000000
000000000000000000000000000000000000110000000000011000000000000000000000000000000000000000000000000000000000000000000000000000000000000000000000000000
000000000000000000000000000000000000000000000000011000000000000000000000000000000000000000000000000000000000000000000000000000100000000000000000000000
000000000000000000000000000000000000000000000000000000000000000000000000000000000000000000000000000000000000000000000000000000100000000000000000000000
000000000000000000000000000000000000000000000000000000000000000000000000000000000000000000000001000000000000000000000000000000100000000000000000000000
000000000000000000000000000000000000000100000000000000000000000000000000000000000000000000000010100000000000000001100000000000000000000000000000000000
000000000000000000000000000000000000001010000000000000000000000000000000000000000000000000000010100000000000000001100000000000000000000000000000000000
000000000000000000000000000000000000001010000000000000000000000000000000000000000000000000000001000000000000000000000000000000000000000000000000000000
000000000000000000000000000000000000000100000000000000000000000000000000000000000000000000000000000000000000000000000000000000000000000000000000000000
000000000000000000000000000000000000000000000000000000000000000000000000000000000000000000110000000000000000000000000000000000000000000000000000000000
000000000000000000000000000000000011000000011000000000000000000000001000000000000000000001001000000000000000000000000000000000000000000000000000000000
000000000000000000000000000000000100100000100100000000000000000000010100000000000000000000110000000000000000000110000000000000000000000000000000000000
000000000000000011000000000000000011000000011000000000000000000000001000000000000000000000000000000000000000000110000000001010000001000000000000000000
000000000000000011000000000000000000000000000000000000000000000000000000000000000000000000000001000000000000000000000000001001000110100000000000000000
000000000000000000000000000000000000000100000000000000000000000000000000000001000000000000000010100000000000000000000000001001000100010000000000000000
000000000000000000000000000000000000001010000000000000000000000000000000000010100000000000000010100000000000000000000000000110000100010000000000000000
000000000000000000000000000000000000001010000000000000000000000000000000000010010000000000000001000000000000000011100000000000000011100000000000000000
000000000000000000000000000000000000000100000000000000000000000000000000000001100000000000000000000000000000000000000000000000000000000000000000000000
000000000000000000000000000000000000000000000000000000000000000000000000000000000000000000000000000000000000000000000010000000000000000000000000000000
000000000000000000000000000000000000000000000000000000000000000011000000000000000000000000000000000000000000000000000101000000000000000010000000000000
000000000000000000000000000000000000000000000000000000000000000011000000000000000000000000000000000000000000000000000101000000000000000001100000000000
000000000000000000000000000000000000000000000000000000000000000000000000000000000000000000000000000000000000000000000010000000000000001001000000000000
000000110000000000000000000000000000000000000000000100000000000000000000000000000000000000000000000000000000000000001000000000000000000010000000000000
000000110000000000000000000000000111000000000000000100000000000000000000000000000000000000000000000000000000001000001110000000000000000000000000000000
000000000000000000000000000000000000000000000000000100000000000000000000000000000000000011000000000000000000011100010001000000000000000000000000000000
000000000000000000000000000000000000000000000000000000011000000000000000000000000000000011000000000000000000000000001000100010000000000000000000000000
000000000000000000000000000000000000000000000000000000100100000000000000000000000000000000000000000000000000000000101100100101000000000000000000000000
101000000000000000000011100000000000011000000000000000011000000000000000000000000000000000000000000000000000000000100000100101000000000000000000001000
011000000000000010000010100000000000011000000000000000000000000000000000000000000000000000000000000000000000000000000001000010000000000000000000010100
010000000000000111001100100000000000000000000000000000000000000000000000000000001000000000000000000000000000000000100010000000000000000000000000110000
000000000000001000010010110000000000000000000000000000000000000000000000000000010010000000000000000000000000000000000100000000000000000000000000010100
000000000000001011000010100100000000000000000000000000000000000000000000000000010010000000000000000000000000000000000100000000000000000000000000011100
110000000000000011010000000100000000000000000000000000000000000000000000000000000100000000000000000000000000000000001010000000000000000000000000010011
110000000000000001111111100100000000000000000000000110000000000000000000000000000000000000000000000000000000000000001010000000000000000000000000001101
000000000000000000100001111000000000000000000000001001000000000000000000000000000000000010000000000000000000000000000100000000000000000000000000000000
000000000001110000000000000000000000000000000000001010000000000000000000000000000000000101000000000000000000000000000000000000000000000000000000000000
110000000000000000000000000000000000000000000000000100000000000000000000000000000000000011000000000000000000000011000000011000000000000000000000000000
110000000000000000000000000000000000000000000000000000000000000000000000000000000000000000000000000001000000000100100000100100000000000000000001110001
101000000000111000000000000000000000000001100000000000000000000000000000000001000000000000000110000010100000000011000000011000001100000000000000000001
000000000000111000000000000000000100000001100000000000000000000000000000000001000000000000000110000010100000000000000000000000001100000000000000000110
000000000000100100000000000000000100000000000000000000000000000000000000000001000000000000000000000001000000000000000100000000000000000000000000000101
000000000000011100000010000000000010000000000000000000000000000000000000000000000000000000000000000000000000000000001010000000000000000000000000000010
000000000000000000001000100000000011000000000000000000000000000000000000000000000000000000000000110000001110000000001010000000000000000000000000000000
000000000000100000010000000000000111000001100000000000000000000001100000000000000000000000000001001000001010000000000100000000000000000000000000000000
000000000000010011000000010000001100100011010000000000000000000001100110000000000000000000000000110000001010000000000000000000000000000000000000000000
000000000000000010000000010000001100000111110110000000000000011000000110000000000000000000000000000000110110110000000000000000000000000000000000000000
000000000000000110000000010000010010000110100010000000000000011000000000000000000000000000000000000000101100000000000000000000000000000000000000000000
000000000000000001111000001100000100000110000001000000000000000000000000000000000000000000000000000001001000001000000000000000000000000000000000000000
000000000000000000110001001101101100000000000011000000000000000000000000000001100000000000000000000000101000001000000110000000000000000000000000000000
000000000000000000000000101000101000000000011000000000000000000000000000000010010000000000000000000000010000010000001110000000000000000000000000000000
000000000000000000000000011000000000000011000000000000000000000000000000000001010000000000000000000000001000110000010001000000000000000000000000000000
000000000000000000000000000000000000000000000000000000000000000000000000000000100000000000000000000000000000000000100101100000000000000000000000000000
000000000000000011011000110000000000000000000000000000000000000000000000000000000000000000000010100000000000000000010000000000000000000000000000000000
000000000000000011011000101010000000000000000000000000000000000000000000000000000000000000000100100000000000001100000100000000000000000000000000010000
000000000000000000100000100110000000000000000000000000000000000000000000000000000000000000001000010000000000011100001110000000000000000000000000101000
000000000000000000000000010100000000000000000000000000000000000000000000000000000000000000001000110000001100001011000110000000000000000000000000010000
000000000000000000000000001000000000000010000000000000000000000000000000000000000000000000001011001100001100000110111000000000000000000000000000000000
000000000000000000000000000000000000000110000000000000110000000000000000110000000000000100000100000100000000000000100010000000000100000000000000000000
000000000000000000000000000000000000001000000000000000110000000000000000110000000000001010000000000000000000000100000010000000000100000000000000000010
100000000000000000000000000000000000000111110000000000000000000000000000000000000000010010000000000000000000000110000100000000000100000000000000000100
100000000000000000000100000000000000000010010000000000000000000000000000000000000000010001000000000000100000000000001000001100000000000000000000000100
000000000000000000001010000000000000000000010000000000000011000000000000000000000000010001100000000000010000000001110000001001000001110000000000000001
000000000000000000001010000000000000000100100000000000000001001000000000000000000001111101100000000001010000000000000000001001000000000000000000000000
000000000000000000001100000000000000000111000000000000000001000100011000000000000010010000000000000000010000001100000000000000000000000000000000000000
000000000000000000000100100000000000000000000000000000000000101000011000000000000001100000000001100000000000000010000000111000100110000000000000000000
000000000000000000000111000000000000000000000110000000000000010000000000000000000000000000000010010000000000100010000000100000000000000000000000000001
100000000000000000000010000000000000000000000010000000000000000000000000000000000000000011100010100000000001000010000000111110000111000000000000000010
100000000000000000000000000000000000000000000010000000000000000000000000000000000000001100100110010000000011000000000000001000000100100000001100000100
000000000000000000000000000000000000000000000000000000000000000000000000000000000000000111001101110000000100011000000000000000000010100010011100000011
000000000000000000000000000000000000000000000000000000000000000000000000000000000000000010001000010000000010000001100000000000000001000010110010000000
000000000000000000000000000000000000000000000000000110000000000000000000000000000000000000001101100000000001000001100000000000000000000101011000000000
000000000000000000000000000000000000000000000000000000001100000000000000000000000000000000000001110000000000000000000000000000000000000000110100000000
000000000000000000000000000000000000000000000000001110001100000000000000000000000100000000000001101100000000001000000000000000000000000000101000000000
000000000000000000000000000000000000111000000000000000000000100000000000000000000100000000000000101000000000001000000000000000000000000001010000000000
000000000000001000000000000000000000000000000000000000000001100000000000000000000100000000000000110000000000000000000000000000000000000001110000000000
000000000000010100000000000000000000000000000000000000000001000000000001100000000000000000000001000000000000000000000000000110000000000000100000000000
000000000000100100000000000000000000000000000111000000000011100000000010010000000000000000000010100000000000000101100000000101000000000000000000000000
000000000000011000000000000000011000000000000000000000000000110000000001100000000000000000000010100000000000101011000000000010000000000000000000000000
000000000000000000000000000000100111100000000101000000000110011000000000000000000000000000000001000000000001110111000000000000000000000000100000000000
000000000000000000000000000000110001110111000010000001000011000000000000000000000000000000000000000000000010001000000000000000000000000010100000000000
000000000000000011000000000000010101001011000000000010100011000000000000000000000000000000000000000000000010011000000000000000000000000001100000000000
000000000000000100100000000000000110011000100000000100000000000000000000000000000000000000000000000000000001111001100000000000000000000000000000000000
000000000000000011000000000000000000001001000000000011100000000000000000110001000000000000000000000000000000100001100000000000000000000000000000000000
110000000000000000000110000000000000000111000000000001001000000000000001000011100000000000000000000000000000000000000000000000000000000000000000000001
000000000010000000000110011011000000000000000000000000010000000000000001111010110000001000000000000001100000000000000000000000000000000000000000000000
000000000010000000000000010001001100000000000000000011110000000000000000001011001000010100000000000001100000000000000000000000000000000000000000000000
000000000010000000000000001110001100000000000000000101000000001000000000000010101100010100000000000000000000000000000000000000000000000000000000000000
100000000000000000000000000000000000000000000000000101000000100000000000001000001000001000000000000000000000000000000000000000000000000000000000000001
010000000000000000000000000000000000000000000000000010000000101000000000001100001000000000000000000000000000000000000000000000000000000000000000000010
100000000000000000000000000000000000000000000000000000000000110000000000010000110011000011000000000000000000000000000000000000000000000000000000000010
000000000000000000000000000000000000001100000000000000000000000000000000001100000111011001000000000000000000000000000000000000000000000000000000000001
000000000010000000000000000000000000001100000000000000000000000000000000001100000100100001000000000000000000000000000000000000000000000000000000000000
000000000101000000000000000000000000000000000000000000000000000000000000000000000011011110000000000000000000000000000000000000000000000001000000000000
000000000100100000000110000000000000000000000000000000000000000000000000000000000000000010000000000000000000000000001000000000000000000010100000000000
000000000011000000000110000110000000000000000000000000000000000000000000000000000000000011000000000000000000000000010100000000000000000001100000000000
000000000000000000000000000110000000000000000000000000000000000000000000000000000101000010000000000000000000000000100100000000000000000000000000000000
000000000000000000000000000000000000000000000000000000000000000000000000000000000101000001000000000000000000000000011000000000000000001100000000000000
000000000000000000000000000000000000000000000000000000000000000000000000000000000011000000000000000000000000000000000000000000000000010100000000000000
000000000000000000000000000000000000000000000000000000000000000000000000000011000000110000000000000000000000000000000000000000000000001000000000000000
000000000000000000000000000000000000000000000000000000000000000000000000000011000000110000000000000000000000000000000000000000000000000000000000000000
000000000100000000000000000000000000000000000000000000000000000000000011000000110000101000000000000000000000000000000000000000000000000000000000000000
000000001010000000000000000000000000000000000000000000000000000000000011000001110000000000000000000000000000000000000000000000000000000000000000000000
000000001010000000000000000000000000001100000000000000000000000000000000001000000000000000000000000000000000000000000000000000000000000000000000000000
000000000100000000000000001100000000001100000000000000000000000000000000000000000000000000000000000000000000000000000000000000000000000111000000000000
000000000000000000000000001100000000000000000000000000000000000000000000001000100000000000000000000000000000000000000000000000000000000000000000000000
000000000000000000000000000000000000000000000000000000000000000000000000000010000000000000000000000000000000000000000000000000000000000000000000000000
000000000000000000000000000000000000000000000000000000110000000000000000000000000000000000000000000000000000000000000000000000000000000000000000000000
000000000001000000000000000000000011100000000000000000110000000000000000000000000000011000000000000000000000000000000000000000000000000000000000001100
000000000001000000000000000000000000000000000000000000000000000000000000000000000000001000000000000000000000000000000000000000000000000000000000001100
000000000001000000000000000000000000001000000000000000000000000000000000001100000000001100000000000000000000000000000000000000000000000000000000000000
000000000000000000000000000000011000001000000000000000000000010000000000010100010001100000000000000000000000000000000000000000000000000000000000000000
000000000000000110000000000000011000001000000000000000000000101000000000001100010000000110000000000000000000000000000000000000000000000000000000000000
000000000000001001000000000000000000000000000000000000000000000100000000010100010000000101000000000000000000000000000000000000000000000110000000000000
000000000000000110000000000000000011100000110000000000000010001000000000010100000000001001000000000000000000000000000000000000000000000110000000000000
000000000000000000000001100110000000000000110000000000000011100000000000011000000000000110000000000000000000000000000000000000000000000000000000000000
000000000000000000000001100110011000000000000000000000001000000000000000000000000000000000000000000000000000000000000000000000000000000000000000000000
000000000011000000000000000000011000001100000000000000000001000000000000000000000000000000000000000000000000010000000000000000000000000000000000000000
000000000101000000000000000000000000010010000000000000010001000000000000000001100000000000000000000000000000101000000000000000000000000000000000000000
000110000010000000000000000000000000001100000000000000011100000000000011000001100000000000000000000000000001001000000000000000000000000000001100000000
000110000000000000000000000000000000000000000000000000000000000001000100100000000000000000000000000000000000110000000000011000000000000000010010000000
000000000000000000000000000000000000000000000000000000000000000010100011000000000000000000000000000000000000000000000000011000000000000000010100000000
000000000000000000000000000000000000000000000000000000000000000010100000000000000000000000000000000000000000000000000000000000000000000000001000000000
000000000000000000000000000000000000000000000000000000000000000001000000000000000000000000000000000000000000000000000000000000000000000000000000000000
000000000000000000000000001100000000000000000000000000110000000000000000000000000000000000000000000000000000000000000000000000000000000000000000000000
000000000000000000000000001100000000000000000000000000111110100000000000000000000000000000000000000000000000000000000000000000000000000000000000000000
000000000000000000000111000000000000000000000000000000100101000000000000000000000000000000000000000000000000000000000000000000000000000000000000000000
000000000000000000000000000000000000000000000000000000000001000000000000000000000000000000000000000000000000000000000000000000000000000000000000000000
000000000000000000010000010000000000000000000000000000001011100000000000000000000000000000000000000000000000000000000000000000011000000011000000000000
000000000000000000010000010000000000000000000000000000000011100000000000000000000000000000000000000000000000000000000000000000100100000100100000000000
000000000000000000010000010000000000000000000000000000000000000000000000000000000000000000000000000000000000000000000000000000011000000011000000000000
000000000000000000000000000000000000000000000000000000000000000000000000000000000000000000000000000000000000000000000000000000000000000000000000000000
000000000000000000000000000000000000000000000000000000000000000000000000000000000000000000000000000000000000000000000000000000000000100000000000000000
000000000000000000000000000000000000000000000000000000000000000000000000000000000000000000000000110000000000000000000000000000000001010000000000000000
000000000000011100000000000000000000000000000000000000000000000000000000000000000000000000000000110000000000000000000000000000000001010000000000000000
000000000000000000000000000000000000000000000000000000000000000000000000000000000000000000000000000000000000000000000000000000000000100000000000000000
000000000001000001000000000000000000000001000000000000000000000000000000000000000000000000000000000000000000000000000000000000000000000000000000000000
000000000010100010100000000000000000000010100000000000000000000000000000000000000000000000000000000000000000000000000000000000000000000000000000000000
000000000010100010100000000000000000000010100000000000000000000000000000000000001100000000000000000000000000000000000000000000000000000000000000000000
000000000001000001000000000000000000000001000000000000000000000000000000000000001100000000000000000000000000000000000000000000000000000000010000000000
000000000000000000000000010000000000000000000000000000000000000000000000000000000000000000000000000000000000000000000000000000000000000000101000000000
000000000000000000000000010000000000000000000000000000000000000000000000000000000000000000000000000000000000000000000000000000000000000000101000000000
