00000000000000100000000000000000000000000000011000
00000000011111010001000000000000000000001000101000
00000000011000011000100000000000000000001000001000
00000000010100110001000000000000000000000000000000
00000000001000000000000000000000000110101000000010
00000000001000000000011000000000001000100000000010
00000000000000000000101000000000000010101111100010
00000000000000000000010000000000000000000000010000
00000000000000000000000000000000000010000110000000
00000000000000110000000000000000000010001111110000
00000000000000110000000000000000000000110000000000
00000000000000000000000000110000000000000000000000
00000000000000000000011001001000000000000000000000
00000000000000000000011000110000000000000000000000
00000000000000000000000000000000000000000000000000
00000000000000000000000000000000000000000000000000
00000000000000000000000000000000000000000000000000
00000000000000000000000000000000000000000000000000
00000000000000000000000000000000000000000000000000
00000000000000000000000000000000000000000000000000
00000000000000000000000000000000000000000000000000
00000000000000000000000000000000000000000000000000
00000000000000000000000000000000000000000000000000
00000000000000000000000000000000000000000000000000
00000000000000000000000000000000000000000000000000
00000000000000000000000000000000000000000000000000
00000000000000000000000001000000000000000000000000
00000001100000000000000001000000000000000000000000
00000100011000000000000001000000000000000000000000
00111111010000000000000000000000000000000000000000
00100110110110000000011100011100011000000000000000
00100000001110000000000000000000011000000000000000
00000000000010000000000001000000000000000000000000
00000000100110000000000001000000000000000011000000
00000000011100000000000001000000000000000010011000
00000000001000000000000000000000000000000011101100
00000100000000000000000000000000000000000001110000
00000100000000000000000000000000000000000001111100
00001100000000000000000000000000000000000001101100
00001100000000000000000000000000000011000001000110
00011010010000000000000011000000000011000000101000
10101001110000000000000011000000000000000000000000
10011101100000000000000000000000000000000000000000
10111000000000000000000000000000000000000000000011
00000000000000000000000000000000000000000000000001
00000000000000011000000000000000000000000000000000
00000000000000011000000000000000000000000000000000
00000000000000000000000000000000000000000000000000
01100000000000000000000000000000000000000000000000
01100000000000000000000000000000000000000000000000
