000100000000000000000000001000000110000000000000000000000000000000000000000000000000000000000000000000000000000000000000000000000000000000011001000000
000000000000000000000000000000000000000000000000000000000000000000000000110000000000000000000000001000000000000000000000000000000000000000000110000000
000000000000000000000000000000000000000000000000000000000000000000000000110000000100000000000000001000000000000000000000000000000000011100000000000000
100000000000000000000000000000000000000000000000000000000000000000000000000000000110000000000000001000000000000000000000000000000011000000000000000001
110000000000000000000000000000000000000000000000000000000000000000000000000000000110000000000000000000000000000000000000000000000111000111100100000010
101000000000000000000000000000000000000000000011100000000000000000000000000000000010000000000000000000000000000000000000000000001000000111100011000010
101100000000000000000000000000000000000000000000000001110000000001100000000000000000000000000000000000000001100000000000000000000111111101000011000001
101100000000000000000000000000000000110000000000000000000000000001100000110000000000000000000000000000000001100000000000000000000011001100001000000001
100100000000000000000000000000000000110000000000000000000000000000000000110000000000000000000000000000000000000000000000000000000000001000000101000000
011100000000000000000000000000000000000000000000000000000000000000000000000000000000000000000000000000000000000000000000000000000000000101001001000000
000000000000000000000000011000000000000000000000000000000000000000000000000000000000000000000000000000000000000000000000000000000000000010001110000000
000000000000000000000000010100000000000000000000000000000000000000000000000000000000000000000000000000000000000000000000000000000000000000001100000000
000000110000000000000000001000000000000000000000000000000000000000000000110000000000000000000000110000000000000000000000000000001101100000000000000110
000000110000000000000000000000000000000000000000000000000000000000000000110000000000000000000000110000000000000000000000000000001000100000000000000110
000000110000000000000000000000000000000000000000000000000000000000000000000000000000000000000000000000000000000000000000000000001000100000000000000110
000000000000000000000000000000000000000000000000000000000000000000000000000000000000000000000000000000000000000000000000000000000101000000000000000000
000000000000000000000000000000000000000000000000000000000000000000000000000000000000000000000000000000000000000000000000000000000010000000000000000000
011100000000000000000000000000000000000000000000000000000000000000000001000000000000000000000000000000000000000000000000000000100000000000000000000000
011100000000000000000000000000000000000000000000000000000011000000000010100000000001100000000000000000000000000000000000000001110000000000000000100000
000000000000000000000000000000000000000000000000000000000011000000000001000000000001100000000000000000000000000000000000000011011000000000000011010000
000000000000000000000000000000000000000000000000000000000000000000000000000000000000000000000000000000000000000000000000000111011100000000011000010000
000000000000000000000000000000000000000000000000000000000000000000000000000000000000000000001100000000000000000000000000000011011000101000100000000000
000000000000000000000000000000000000000000001100000000000000000000000000000000000110000000010010000000000000000000000000000001110000000100110000000000
000000000000000000000000000000000000000000001100000000000000000000000000000000001011000000001010000000000000000000000000000000100000100000000000000011
100000000000000000000000000000000000000000000000000000000000000000000000000000001001001100000100000000000000000000000000001000000010000010000100100100
000000000000000000000000000000000000000000000000000000000000000000000000000000000111001100000000000000000000000000000000011000001101010010000000000011
000000000000000000000000000000000000000000000000000000000000000000000000000000000110000000000000000001100000000000000000011000000101001100110000000000
000000000000000000000000000000000000000000000000000000000000000000000000000000000000000000000000000010010000000000110000110000000010000000100000000000
000000000000000000000000000000000000000000000000000000000000000000000000000000000000000000000000000001100000000000110000000000000000000000011000010000
000000000000000000000000000000000000000000011000000000000000000000000000000000000000000000000000000000000000000000000000011000000000000000000011010000
000000000000000000000000000000011000000000011000000000000000000000000000000000000000000000000000000000000000000000000000000011011100000000000000100000
000000000000000000000000000000011000000000000000000000000000000000000000000000000000000000000000000000000000000000000000000001000011000000000000000000
000000000000000000000000000000000000000000000000000000000000000000000000000000000000000000000000000000000000000000000000001000000000000000000000000000
000000000000000000000000000000000000000000000000000000000000000000000000010000000000000000000000000000000000000000000000001000000001000000000000000000
000000000000000000000000000000000000000000000000000000000000000000000000101000000000000000000000000000000000000000000000000000000110000000000000000000
000000000000000000000000000000000000000000000000000000000000000000000000100100000000000000000000000000000000000000000000000100000000000000000000000000
000000000000000000000000000000000000000000000011000000000000000000000000011000000000000010000000000010000000010000000000000010010000000000000000000110
000000000000000000000000000000000000000000000100100000000000000000000000000000000000000101000000000010000000101000011000000001100000000100000000001001
000000000000000000000000000000000000000000000011000000000000000111000000000000000000000101000000000010000000011000011000000000000000001010000000000110
000000000000000000000000000000000000000000000000000000000000000000000000000000000000000010000000000000000000000000000000000000000000001010000000000000
000111000000000000000000000000000000000000000000001100000000010000010000000000000110000000000000000000100000000000000000000000000000000100000000000000
000010000000000000000000000000000000000000000000010010000000010000010000000000000110000000000001000001010000100000000000000000000000000000000000000000
000010000000000000000000000000000000000000000000001100000000010000010000000000000000000000000001110001001001111100000000000000000011000000011000000000
110000001000000000000000000000000000000000000000000000000000000000000000000000000000000000000001111000110110000010000000000000000100100000100100000000
101100111000000000000000000000000000000000000000000000000000000111000000000000000000000000000000011100000111001011000000000000000011000000011000000000
011010001000000000011000000000000000000000000000000000000000000000000000000000000000000000000000000000000011001010000000000000000000000000000000000000
000110000000000000101000000000000000000110000000000000000000000000000000000000000000000000000000000010000001000000000000000000000000000100000000000000
000100100000000000100111111100000000000110000000000000000000000000000000000000000000000000000000000000000000111000000000000000000000001010000000000000
000011100000000000100110100010000000000000000000000000000000000000000010000000000000000000000000011001100000010000000000000000000000001010000000000000
000000010000000000010010000100000000110000000000000000000000000000000101000000001000000000100001100010111000000000000000000000000000000100000000000000
000000110111000000100000000000000001001000000000000000000000000000000110000000010100000001010001000000010000010000000000000000000000000000000000000000
000000100011000001100001000000000000110000000000000000000000000000000000000000011010000010001001001000100000010000000000000000000000000000000000000000
000000000000000001110000000100000000000000000000000000000000000000000000000001001011000001010001111000000000010000000000000110110000000000000000000000
000000011100000000000000000010000000000111000000001100000000000000000000000001001010100000100000010100000000000000000000001001110000000000000000000000
000000000000000000000000010100000000000000000000001100000000000000000000000001010000000000000000000000000000000000000000011100110000000000000000000000
000000000000000000000000000000000000000000000000000000000000000000000000000000000000000000000000000000000000000000000000001100000000000000000000000000
000110000000000000000100000000000000110000000000000000000000000000000000000000000000000000000000000000000000000000000000010000000000000000000000000000
001001000000000000001010000000000000110000000000000000000000000000000000000000010000000000000000000000000000000000000000110000000000000000000000000000
000110000000000000001010000000000000000000000000000000000000000000000000000000110000000000000000000000000000000000000001000000000000000000000000000000
000000000010000000001010000000010000000000000000000000000000000000000000000000100000000000000000000000000000000110000000110000001000000001110000000000
000000000010000000001110000000101000000000000000000000000000000000000000000000010011000000000000000000000000000110000000000000000110000001100010000000
000000000010000000001110000000100100000000000000000000000000000000000000000000010011000000000000000000000000000000001110000010010000000000000000000000
000000000000000000000000110000011000000000000000000000100000000000000000000000010111000000000000000000000000000000000010000001110010000000000001100000
000000000000000000000001001000000000000000000000000000100000000000000000000000000000000000000000000000000000000000000100000000011100000000001000000000
000000000000000000000001001000000000000000000000010000000000000000000001000000000000000000000000000000000000000000000000000000000000000000010000000000
000000000000000000000000110000000000000000000000101000000000000000000010100000000000010000000000000000000000000000000000000000000000000000110000000000
000000000000000000000000000000000000000000000000100001010110000000000010100000000000101000000000000000000000000000000000000000000000000000011000000000
000000000000000000000000000000000000000000000000000000000100000000000001000000000000101000000000000000000000000000000000000000000000000000001000000000
000000000000000000000000000000000000000000000000000000000000000000000000000000000000010000000000000000000000000000000000000000000000000000000000000000
000100000000000000000000000000000000000000000000000100000000000000000000000000000000000000000000000000000000000000000000000000000000000000000000000000
000110000000000000000000000000000000000000000000000011110000000000000001100000000000000000000000000000000000000000000000000000000000000000000000000000
000110000000000000000000000000000000000000000000000000000000000000000001100000000000000000000000000000000000000000000000000000000000000000000000000000
000101000000000000000000000000000000000000000000000000000000000000000000000000000000000000000000000000011000000000000000000000000000000000000000000000
000000000000000000000000000000000000000000000000000000000000000000000000000000000000000000000000000011000100000000000000000000000000000000000000000000
000011000000000000000000000000000000110000000000000001100000000000000000000000000000000000000000000011010110000000000000000000000000000000011000000000
001010000000000000000000000000000000110000000000000001100000000000000000000000000000000001110000000100100011000000000000000000000000000000101000000000
001110000000000000000000000000000000000000000000000000000000000000000000000000000000000011001000000011000110000000000000000000001000011000101000000000
000100000000000000000000000000000000000000000000000000000000000000000000000000000000000110111000000011100100000000000000000000010100100000010000000000
000000000000000000000000000000000000000000000000000000000000000000000000000000000000000001010000010000000000000000000000000000110010010100000001000000
000000000000000000000000000000000000000000000000000000000000000000000000000000000111100100000000111110000000000000000000000000100000001000000010100000
000000000000000000000000000000000000000000000000000000000000000000000000000000000100010001000010000010000000000000000000000011000100000000000100010000
001100001110000000000000000000000000000000000000000000000000000000000000000000000110000000100111110000000000000000000000000011111100000000000100100000
001100000000000000000000000000000000000000000000000000000000000000000000000000000001100001000111111110000000000000000000000011001110000000000110000000
000000000000000000000000000000000000000000000000000000000000000000000001000000000000011110000000001000000000000000000000000010010000000000000000000000
000000000000000000000000000000000000000000000000000000000000000000000001000000000000000000000000000000000000000000000000001101011000000000000000000000
000000110000000000000000000000000000000000000000000000000000000000000001000000000000000000000000000000000000000000000110000001110000000000000000000000
000000110000000000000000000000000000000000000000000000000000000000000000000000000000000000000000000000000000000000000110000111100000000000000000000000
000000000011000000000000000000000000000000000000000000000000000111000000011100000000000000000000000000000000000000000000000000000000000000000000000000
000000000100100000000000000000000000000000000000000000000000000000001100000000000000000000000000000000000000000000000000000000000000000000000000000000
000000000010100000000000000000000000000000000000000000000000010000001110000000000000010000000000000000000000000000000000000000000000000000001010000000
000000000001000000000000000000000000000000000000000000000000010000000000000000000000101011000000000000000000000000000000000000000000000000001010000000
000000000000000000000000000000000000000011000000000000000000010000000000000000000000000001010000000000000000000000000000000000000000000000001000000000
000100000000000000000000000001100000000011000000000000000000000000000000000000000100000101000111000000000000000000000000000000000000000000001000000000
001010000000000000000000000001100000000000000000000000000000000111000000000000000000000000110000100000000000000000000000000000000000000000001000000000
001100000000000000000000000000000000000000000000000000000000000000000000100000010000000100100000010000000000000000000000000000000000000000001000000000
000000000000000000000000000000000000000000000000000000000000000000001000100000010000001000011110010000000000000000000000000000000000000000000000000000
000000000000000000000000000000000000000000000000000000000000000000000001000000010000010000100100001000000000000000000000000000000000000000000000000000
000010000110000000000000000000000000000000000000000000000000000000001000100000000000000001101100100000000000000000000000000000000000000000000110000000
000010110010000000000000000001000000000000000000000000000000000000000000101110000111000010100000000000000000000000000000000000000000000000001101000000
000010110110000000000000000001000000000000000000000000000000000000000010000110000000000010001010010100000000000000000000000000000000000000001000110000
000000001000000000000000000001000000000000000000000000000000001000000001011000000000000010100010001000000000000000000000000000000000000000000100010000
000000000000000000000000000000000000000000000011000000000000001000000000000000000000000001101010000000000000000000000000000000000000000000000011100000
000000000000000000000000000000000000000000000011000000000000001000000000010000000000000000011100000001010000000000001000000000000000000000000000000000
000000000000000000000000000000000000000000000000000000000000000000000000010010000000000000000000100001001000000000010100000000000000000000010000000000
000000000000000000000000000000000000110000000000000000000011100011100000001100000000000000000001110001010000000000100100000000000000000000101100000000
000000000000000000000000000000000000110000000000000000000000000000000000000000000000000000000011001000000000000000011000000000000000000010001000000000
000000000000000000000000000011000000000000000000000000000000001000000000000000000000000000000010101000000000000000000000000000000000000100000000000000
000000000000000000000000000100100000000000000000000000000000001000000000010111000000000000000000110000000000000000000000000000000000000100010000000000
000000000000000000000000000101000000000000000000000000000000001000000000001011000000000001100000110000000000000000000000000000000000000011100000000000
000100000000000000000000000010000000000000000000000000000000000001100001000010010000000010000000000000000000000000000000000000000000000000000000000000
100010000000001110000000000000000000000000000000000000000000000010010000000001001100000000001001100000000000000000000000000000000000000000000000000001
100001000000010010000000000000000011100000000000000000000000000001100001000001010000000010000011100000000000000000000000000000000000000000000000000001
000001000000011001100000000000000100010000000000000000000000000000000010110110000000000010000110000000000000000000000000000000000000000000000000000110
001101000000010000010000000000000100010011000000111000000000000000000111011001000000000001100000000000000000000000000000000000000000000000000000001010
001100000000001110000001110000000100010011000000000000000000000000001000000111000010000000101110000000000000000000000000000000000000000000000000001000
001010000000000000110010101100000011100000000000000000000000000000000000100110000101000000111110000000000000000000000000000000000000000000000000000111
101111000000001110010010001010000000000000000000000000000000000000000000001100000110000000000010100000000000000000000000000000000000000000000000000010
000000000100000100100010100010000000000000000000000000000000000000000010001110000000000000000010100000000000000000000000000000000000000000000000000010
010000011010000001100001101010000110000000000000000000000000000000000000100100000000000000000001000000000000000000000000000000000000000000000000001101
010100110010000000000000011100001001000000000000000000000000000000000000000000000000000000000000000000000000000000000000000000000000000000000000001101
010001011100000000000000000000000001000000000000000000000000000000000000000000011000000000000000000000000000000000000000000000000000000000000000001100
010110000000000000000000000000011110000000000000000000000000000000000000000000100100000011000000000000000000000000000000000000000000000000000000000011
100000000000000000111100000000100100000000000000000000000000000000000000000000011000000011000000000000000000000000000000000000000000000000000000000001
000000000000000000100001100001101100000000000000000000000000000000000000000000000000000000000010000000000000000000000000000000000000000000000000000000
000000000000000000001010010000100100000000000000000000000000000000000000000000000000000000000101000000000000000000000000000000000000000011000000000000
000000000000000000100000000000011100000000000000000000000000000000000000000000000000000000000101000000000000000000000000000000000000000011000000000000
000000000000000001111010110000000000000000000000000000000001110000000000000000000000000000000010000000000000000000000000000000000000000000000000000000
000000000000000000001010110000000000000000000000000000000000000000000000000000000000000000000000000000000000000000000000000000000000010000000000011000
000000000000011001000110100000000000000000000000000000000000000000000000000000001110000000000000000000000000011000000000000000000000111000000000100100
000000000000010000000010010000000000001000111111100000000000000000000000000000000000000000000000000000000000011000000000000000000000000000000000100100
000000000000001000000100000000011100001000100000001000000000000000000000000000000000000000000000000000000000000000000000000000000000100100000000011000
000000000000001100100100000000010100001111111000001000000000000000000000000000000000000000000000000000000000000000000000000000000000100000000000000000
000000000000000000110001100000011100000011000001100100001100000000000000000000000000000000000000000000000000000000000000000000000000010001000000000000
000000000000000011110101000000000001100100100000001100010010000000000000000000000000000000000000110000000000000000000000000000000000000001000000000000
000000000000000000000101010000000010001011000000000000001100000000000000000000000000000000000000110000000000000000000000000000000000010001000000000000
000000000000000000011101010000000001101110000000000000000000000000000000000000000000000000000000000000000000000000000000000000011100100010000000000000
000000000000000000011000000000000000000000000000000010000000000000000000000000000000000000000110000000000000000000000000000000011100000100000000000000
000000000000000000000000000000000000000000000000000101000000000000000000000000000000000000001001000000000000000000000000000000101000000000000000000000
100000000000000000000000000000000000000110001100000101000000000000000000000000000000010000000101000000000000000000000000000000101001001000000000000000
010000000000000000000000000000000000000110001100000010000000000000000000000000110000010000000010000000000000000000000000000000000100110000000000000000
000000001100000000000101000000000000000000000000000000000000000000000000000000110000010000000000000000000000000000000000000001000100000000000000000000
000000001100000000010000100000000000000000000000000000000000000000000000000000000010000000000000000000000000000000000000000001101000000000000000000000
000000000000000000100000100000000000000000000000001100000000000000000000000000000010000000000000000000000000000000000000000000000000000001100000000000
000000000000000001000001110000000000000000000000001100000000000000000000000110000010000000000000000000000000000000000000000000000000000001100000000000
000000000000000001000010010000000000000000000000000000000000000000000001000110000000000000000000000000000000000000000000000000000000000000001111110000
000100100000000001101111001000000000000000000000000000000000000000000010100000000000000000000000000000000000000000000000000000000000000000101100011000
000100000000011000101101101100000000000000000000100000000000000000000001000000000000000000000000000000000000000000000000000000000000000000100011000100
001100000000100100010000011100000000000000000001010000000000000000000000000000000000000000000000000000000000000000000000000000000000000000010110111000
000001000000010100000000010100000000000000000001010000000000000000000000000000000000000000000000000000000000000000000000000000000000000000011010110000
001111000000001000000000001000000110000000000000100000000000000000000000000000000000000000000000000000000000000000000000000000000000000000011011000000
