000000000000000000000000000000000000000000000000000000000000000000000000000000000000000000000000000000000000000000000000000000000000000000010000000000
000000000000000000000000000000000000000000000110000000000000000000000000000000000000000000000000000000000000000000000000000000000000011100000000000000
000000000000000000000000000000000000000000000110000000000000000000000000000000000000000000000000011100000000000000000000000000000000000000000000000000
000000000000000000000000000000000000000000000000000000000000000000000000000000000000000000000000000000000000000000000011000000000000000000000000000000
000000000000000000000000000000000000000000000000000000000000000000000000000000000000000000000000000000000000000000000100100000111000000000000000000000
000000000000000000000000000000000000000000000000000000000000000000000000000000000000000000000000000000000000000000000010100000000000000000000000000000
000000000110000000000000000000000000000000000000000000000000000001100000000000000000000000000000000000000000000000000001000000000000000000000000000000
000000001001000000000000000000110000000000000000000000000000000001100000000000000000000000000000000000000000000000000000000000000000000000000000000000
000000001001000000000000000000110000000000000000000000000000000000000000000000000000000000000000000000000000000000000000000000000000000000000000000000
000000000110000000000000000000000000110000000000000000000000000000000000000000000000000000000000000000000000000000000000000000000000000000000000000000
000000000000000000000000000000000000110000000000011000000000000000000000000000000000000000000000000000000000000000000000000000000000000000000000000000
000000000000000000000000000000000000000000000000011000000000000000000000000000000000000000000000000000000000000000000000000000000000000000000000000000
000000000000000000000000000000000000000000000000000000000000000000000000000000000000000000000000000000000000000000000000000001110000000000000000000000
000000000000000000000000000000000000000000000000000000000000000000000000000000000000000000000001000000000000000000000000000000000000000000000000000000
000000000000000000000000000000000000000100000000000000000000000000000000000000000000000000000010100000000000000001100000000000000000000000000000000000
000000000000000000000000000000000000001010000000000000000000000000000000000000000000000000000010100000000000000001100000000000000000000000000000000000
000000000000000000000000000000000000001010000000000000000000000000000000000000000000000000000001000000000000000000000000000000000000000000000000000000
000000000000000000000000000000000000000100000000000000000000000000000000000000000000000000000000000000000000000000000000000000000000000000000000000000
000000000000000000000000000000000000000000000000000000000000000000000000000000000000000000110000000000000000000000000000000000000000000000000000000000
000000000000000000000000000000000011000000011000000000000000000000001000000000000000000001001000000000000000000000000000000000000000000000000000000000
000000000000000000000000000000000100100000100100000000000000000000010100000000000000000000110000000000000000000110000000000000001100000000000000000000
000000000000000011000000000000000011000000011000000000000000000000001000000000000000000000000000000000000000000110000000000100111010000000000000000000
000000000000000011000000000000000000000000000000000000000000000000000000000000000000000000000001000000000000000000000000000100100001000000000000000000
000000000000000000000000000000000000000100000000000000000000000000000000000001000000000000000010100000000000000000000000001000011010000000000000000000
000000000000000000000000000000000000001010000000000000000000000000000000000010100000000000000010100000000000000001000000011011111100110000000000000000
000000000000000000000000000000000000001010000000000000000000000000000000000010010000000000000001000000000000000001000000010000110000000000000000000000
000000000000000000000000000000000000000100000000000000000000000000000000000001100000000000000000000000000000000001000010010001000000000011100000000000
000000000000000000000000000000000000000000000000000000000000000000000000000000000000000000000000000000000000000000000101001010000000000000000000000000
000000000000000000000000000000000000000000000000000000000000000011000000000000000000000000000000000000000000000000000101000100000000001000001000000000
000000000000000000000000000000000000000000000000000000000000000011000000000000000000000000000000000000000000000000000010000000000000001000001000000000
000000000000000000000000000000000000000000000000000000000000000000000000000000000000000000000000000000000000000000000000000000000000001000001000000000
000000110000000000000000000000000010000000000000000000000000000000000000000000000000000000000000000000000000000011000000000000000000000000000000000000
000000110000000000000000000000000010000000000000001110000000000000000000000000000000000000000000000000000001000100100000000000000000000011100000000000
000000000000000000000000000000000010000000000000000000000000000000000000000000000000000011000000000000000001000100100000000000000000000000000000000000
000000000000000011000000000000000000000000000000000000011000000000000000000000000000000011000000000000000001000100100001110000000000000000000000000000
000000000000000100100000000000000000000000000000000000100100000000000000000000000000000000000000000000000000000011000000000000000000000000000000000000
000000000000000101000001100000000000011000000000000000011000000000000000000000000000000000000000000000000000000000000000000000000000000000000000000000
011000000000000010000100010000000000011000000000000000000000000000000000000000000000000000000000000000000000000000000000000000000000000000000000000000
000100000000000000001000010110000000000000000000000000000000000000000000000000000000000000000000000000000000000000000000000000000000000000000000001111
011000000000000000011101000100000000000000000000000000000000000000000000000000011100000000000000000000000000000000001011100000000000000000000000011011
110000000000001100000000010000000000000000000000000000000000000000000000000000001110000000000000000000000000000000000100100000000000000000000001000000
000000000000001110000000000000000000000000000000000000000000000000000000000000000000000000000000000000000000000000000100000000000000000000000001011000
000000000001111010000000100000000000000000000000000110000000000000000000000000000000000000000000000000000000000000000011100000000000000000000000100110
000000000001100000000001001100000000000000000000001001000000000000000000000000000000000010000000000000000000000000010001000000000000000000000000000000
000000000010011000000000110000000000000000000000001010000000000000000000000000000000000101000000000000000000000000001110000000000000000000000000010000
000000000001110000000000010000000000000000000000000100000000000000000000000000000000000011000000000000100000000011001110011000000000000000000000010000
000000000000110000000000000000000000000000000000000000000000000000000000000000000000000000000000000001010000000100100000100100000000000000000000000000
000000000000000000000000000000000000000001100000000000000000000000000000000000000000000000000110000001011010000011000000011000001100000000000000000000
000000000000000000000000000000000100000001100000000000000000000000000000000011100000000000000110000000001111000000000000000000001100000000000000000010
000000000000001100000000000000000100000000000000000000000000000000000000000000000000000000000000000000000000100000000100000000000000000000000000000101
000000000000010001100000000000001010000000000000000000000000000000000000000000000000000000000000000000010000110000001010000000000000000000000000000010
000000000000010000000000000000000100000000000000000000000000000000000000000000000000000000000000110000010000100000001010000000000000000000000000000000
000000000000000000000000000000000100000000000000000000000000000001100000000000000000000000000001001000010000000000000100000000000000000000000000000000
000000000000000110000000000101000000000000000000000000000000000001100110000000000000000000000000110000001110000000000000000000000000000000000000000000
000000000000001000101011100111100000000000000000000000000000011000000110000000000000000000000000000001100000000000000000000000000000000000000000000000
000000000000010100011001100000100000000000000000000000000000011000000000000000000000000000000000000000110000000000000000000000000000000000000000000000
000000000000001100000000110101110000000000000000000000000000000000000000000000000000000000000000000100100000011000000000000000000000000000000000000000
000000000000001000000000010110100000000000000000000000000000000000000000000001100000000000000000000100100000000000000011000000000000000000000000000000
000000000000000000000000000001100000000000000000000000000000000000000000000010010000000000000000000100100000000000000100100000000000000000000000000000
000000000000000000000000000001000000000000000000000000000000000000000000000001010000000000000000000000110000000000000011000000000000000000000000000000
000000000000001110001100000000000000000000000000000000000000000000000000000000100000000000000000000001100000000000000000000000000000000000000000000000
000000000000011010001100000000000000000000000000000000000000000000000000000000000000000000110000100000000000000000000000000000000000000000000000000000
000000000000110100000000000000000000000000000000000000000000000000000000000000000000000000110001000000000000000011100000000000000000000000000000010000
000000000000010110000000000000000000000000000000000000000000000000000000000000000000000000000000100000000000001100000000000000000000000000000000101000
000000000000001101100000000000000000000000000000000000000000000000000000000000000000000100100000000000001100001001000110000000000000000000000000010000
000000000000000010100000000000000000000000000000000000000000000000000000000000000000000100100000000000001100001001000101000000000000000000000000000000
000000000000000010010000000000000000000000000000000000110000000000000000110000000000000010100000000000000000000100100111000000000000000000000000000000
000000000000000001100000000000000000000000010100000000110000000000000000110000000010000000000000000000000000000011000111000000001110000000000000000000
000000000000000000100000000000000000000000000000000000000000000000000000000000000101000000000000000000000000000000000111000000000000000000000000000111
100000000000000000000000000000000000000000000000000000000000000000000000000000000010000000000000000000000000000000000110000000000000100000000000000011
000000000000000000100000000000000000000000000000000000000000010000000000000000000000100000000000000000110000000001110000000000000000100000000000000000
000000000000000001011000000000000000000000000000000000000001101100000000000000000000001111000000000001001000000001001000000000000001000000000000000000
000000000000000001000000000000000000000000110000000000000001101000011000000000000010000000100000000001001000000000001000000000000011100000000000000000
000000000000000000000100000000000000000001001010000000000011111000011000000000000000000001000000011100110000000100001000000000000010100000000000000000
000000000000000000011010000000000000000100111101000000000011111000000000000000000011010110000000000000000000000000000000000000000000010000000000000001
100000000000000000000111000000000000001000100101000000000000000000000000000000000000000000000000001000000000000000000000000000000010110000110000000010
100000000000000000000000000000000000000101000010000000000000000000000000000000000000000000001110010000000000000100100000000000000110000000001000000100
000000000000000000000100000000000000000010000000000000000000000000000000000000000000000000100000000000000000000100100000000000000101101000011000000011
000000000000000000000011000000000000000000000000000000000000000000000000000000000000000000010000011000000000000010000000000000000000001000010000000000
000000000000000000000000000000000000000000000000000000000000000000000000000000000000000000000000010011000000000000000000000000000000010000011000000000
000000000000000000000000000000000000000000000000000000000000000000000000000000000000000000010100000000100000000000000000000000000000000000001000000000
000000000000000000000000000000000000011000000000000000000000000000000000000000000000000000001110000100010000000000000000000000000000000000000000000000
000000000000000000000000000000000000111000000000000000000000000000000000000000001110000000000011010101100000000000000000000000000000000000000000000000
000000000000001000000000000000000000011000000111000000001010000000000000000000000000000000000011010110000000000000000000000000000000000001100000000000
000000000000010100000000000000000000000000000000000000010010011100000001100000000000000000010100000100000000000000000000000110000000000010010000000000
000000000000100100000000000001000011000000000000010000000000000100000010010000000000000000010100111000000111000000000000000101000000000001010000000000
000000000000011000000000000010101001010000011000010001101000001000000001100001000000000000011000010000000111110000000000000010000000000000100000000000
000000000000000000000000000001000010011000111000011010100000000000000000000111100000000000000100000000001010000000000000000000000000000000000000000000
000000000000000000000000000000000000011001001000000110110000000000000000000110010000000000000010100000001100000000110000000000000000000000000000000000
000000000000000011000000000000000010000010001000000110000000000000000000001001110000000000000001100000000000000000010000000000000000000000000000000000
000000000000000100100000000000011100000001001000000000000000000000000000010010000000000000000000000000000000000110010000000000000000000000010100000000
100000000000000011000000000001000000000000111000000000011000000000000000001010000000000000000000000000000000001000000000000000000000000000001100000000
100000000000000000000000000001000000000001000000000000011000000000000000010000000000000000000000000000000000001000100000000000000000000000001000000000
100000000000000000000000000000000000000001110000000000000000000000000000001000000000001100000000000001100000000111000000000000000000000000000000000000
000000000111000000000011000001000000000001110000001100000000000000000000100000000000010010000000000001100000000000000000000000000000000000000000000000
000000000000000000000010011011011000000000000000010010000000000000000000110000000000110001000000000000000000000000000000000000000000000000000000000000
100000000000000000000010001000000000000000000000010010000000100000000001000000111000110110011000000000000000000000000000000000000000000000000000000001
010000000000000000000000000000000000000000000000011100000001010000000000011000101000000000010100000000000000000000000000000000000000000000000000000010
100000000000000000000000000000000000000000000000000000000001010000000000000100011000001111000100000000000000000000000000000000000000000000000000000010
000000000000000000000000000000000000001100000000000000000000100000000000111110000000010000001000000000000000000000000000000000000000000000000000000001
000000000010000000000000000000000000001100000000000000000000000000000000100010000000010000100000000000000000000000000000000000000000000000000000000000
000000000101000000000000000000000000000000000000000000000000000000000000100010000000100010000000000000000000000000000000000000000000000001000000000000
000000000100100000000110000000000000000000000000000000000000000000000000010000000000100000000000000000000000000000001000000000000000000010100000000000
000000000011000000000110000110000000000000000000000000000000000000000000000000000001000010000000000000000000000000010100000000000000000001100000000000
000000000000000000000000000110000000000000000000000000000000000000000000000001100000100000000000000000000000000000100100000000000000000000000000000000
000000000000000000000000000000000000000000000000000000000000000000000000001101100000000000000000000000000000000000011000000000000000001100000000000000
000000000000000000000000000000000000000000000000000000000000000000000000001110010000000000000000000000000000000000000000000000000000010100000000000000
000000000000000000000000000000000000000000000000000000000000000000000000000001100000000000000000000000000000000000000000000000000000001000000000000000
000000000000000000000000000000000000000000000000000000000000000000000000000011100000000000000000000000000000000000000000000000000000000000000000000000
000000000100000000000000000000000000000000000000000000000000000000000001011000000000000000000000000000000000000000000000000000000000000000000000000000
000000001010000000000000000000000000000000000000000000000000000000000000101000000000000000000000000000000000000000000000000000000000000000000000000000
000000001010000000000000000000000000001100000000000000000000000000000000000000000000000000000000000000000000000000000000000000000000000010000000000000
000000000100000000000000001100000000001100000000000000000000000000000000000000000000000000000000000000000000000000000000000000000000000010000000000000
000000000000000000000000001100000000000000000000000000000000000000000000000000000000000000000000000000000000000000000000000000000000000010000000000000
000000000000000000000000000000000000000000000000000000000000000000000000000000000000000000000000000000000000000000000000000000000000000000000000000000
000000000000000000000000000000000001000000000000000000110000000000000000000000000000000000000000000000000000000000000000000000000000000000000000000000
000000000000000000000000000000000001000000000000000000110000000000000000000000000000000100000000000000000000000000000000000000000000000000000000001100
000000000011100000000000000000000001000000000000000000000000000000000000010000000000000100000000000000000000000000000000000000000000000000000000001100
000000000000000000000000000000000000000000000000000000000000000000000001101100000000000100000000000000000000000000000000000000000000000000000000000000
000000000000000000000000000000011000011100000000000000000000000000000000001100001000000000110000000000000000000000000000000000000000000000000000000000
000000000000000110000000000000011000000000000000000000000000000000000000011100010100000110110000000000000000000000000000000000000000000000000000000000
000000000000001001000000000000000001000000000000000000000110001100000000000110011100000110001000000000000000000000000000000000000000000110000000000000
000000000000000110000000000000000001000000110000000000000000001100000000010000111000001000110000000000000000000000000000000000000000000110000000000000
000000000000000000000001100110000001000000110000000000000000000000000000100001010000000110110000000000000000000000000000000000000000000000000000000000
000000000000000000000001100110011000000000000000000000000100000000000000110001100000000110000000000000000000000000000000000000000000000000000000000000
000000000011000000000000000000011000001100000000000000011000000000000000000101100000000000000000000000000000010000000000000000000000000000000000000000
000000000101000000000000000000000000010010000000000001100000000000000000000010000000000000000000000000000000101000000000000000000000000000000000000000
000110000010000000000000000000000000001100000000000010000000000000000000000000000000000000000000000000000001001000000000000000000000000000001100000000
000110000000000000000000000000000000000000000000000000000010000001000100100000000000000000000000000000000000110000000000011000000000000000010010000000
000000000000000000000000000000000000000000000000000001001000000010100011000000000000000000000000000000000000000000000000011000000000000000010100000000
000000000000000000000000000000000000000000000000000000111000000010100000000000000000000000000000000000000000000000000000000000000000000000001000000000
000000000000000000000000000000000000000000000000000000000000000001000000000000000000000000000000000000000000000000000000000000000000000000000000000000
000000000000000000000000001100000000000000000000000000000000000000000000000000000000000000000000000000000000000000000000000000000000000000000000000000
000000000000000000000010001100000000000000000000000000000001100000000000000000000000000000000000000000000000000000000000000000000000000000000000000000
000000000000000000000010000000000000000000000000000000000001100000000000000000000000000000000000000000000000000000000000000000000000000000000000000000
000000000000000000000010000000000000000000000000000000000000000000000000000000000000000000000000000000000000000000000000000000000000000000000000000000
000000000000000000000000000000000000000000000000000000000000000000000000000000000000000000000000000000000000000000000000000000011000000011000000000000
000000000000000000111000111000000000000000000000000000000000000000000000000000000000000000000000000000000000000000000000000000100100000100100000000000
000000000000000000000000000000000000000000000000000000000000000000000000000000000000000000000000000000000000000000000000000000011000000011000000000000
000000000000000000000000000000000000000000000000000000000000000000000000000000000000000000000000000000000000000000000000000000000000000000000000000000
000000000000000000000000000000000000000000000000000000000000000000000000000000000000000000000000000000000000000000000000000000000000100000000000000000
000000000000001000000000000000000000000000000000000000000000000000000000000000000000000000000000110000000000000000000000000000000001010000000000000000
000000000000001000000000000000000000000000000000000000000000000000000000000000000000000000000000110000000000000000000000000000000001010000000000000000
000000000000001000000000000000000000000000000000000000000000000000000000000000000000000000000000000000000000000000000000000000000000100000000000000000
000000000001000001000000000000000000000001000000000000000000000000000000000000000000000000000000000000000000000000000000000000000000000000000000000000
000000000010100010100000000000000000000010100000000000000000000000000000000000000000000000000000000000000000000000000000000000000000000000000000000000
000000000010100010100000000000000000000010100000000000000000000000000000000000001100000000000000000000000000000000000000000000000000000000000000000000
000000000001000001000000000000000000000001000000000000000000000000000000000000001100000000000000000000000000000000000000000000000000000000010000000000
000000000000000000000000000000000000000000000000000000000000000000000000000000000000000000000000000000000000000000000000000000000000000000101000000000
000000000000000000000000111000000000000000000000000000000000000000000000000000000000000000000000000000000000000000000000000000000000000000101000000000
