000000000000000000000000010000000000000000000000000000000000000000000000000000000000000000000011000000010000000000001100010000110110001000010000000000
000000000000000000000000000000000000000000000110000000000000000000000000000000000000000000000011000000000000000000010000010001110100001000000000000000
000000000000000000000000000000000000000000000110000000000000000000000000000000000000000000000000001000000000000000011000100110011000001000000000000000
000000000000000000000000000000000000000000000000000000000000000000000000000000000000000000000000000100000000000000010000010000100000000000000000000000
000000000000000000000000000000000000000000000000000000000000000000000000000000000000000000000000000100000000000000000000000000010000000000000000000000
000000000000000000000000000000000000000000000000000000000000000000000000000000000000000000000000000000000000000000000000000000010000000000000000000000
000000000110000000000000000000000000000000000000000000000000000001100000000000000000000000000000000000000000000000000000000000000000000000000000000000
000000001001000000000000000000110000000000000000000000000000000001100000000000000000000000000000000000000000000000000000000000000000000000000000000000
000000001001000000000000000000110000000000000000000000000000000000000000000000000000000000000000000000000000000000000000000000000000000000000000000000
000000000110000000000000000000000000110000000000000000000000000000000000000000000000000000000000000000000000000000000000000000000000000000000000000000
000000000000000000000000000000000000110000000000011000000000000000000000000000000000000000000000000000000000000000000000000000000000000000000000000000
000000000000000000000000000000000000000000000000011000000000000000000000000000000000000000000000000000000000000000000000000000100000000000000000000000
000000000000000000000000000000000000000000000000000000000000000000000000000000000000000000000000000000000000000000000000000000100000000000000000000000
000000000000000000000000000000000000000000000000000000000000000000000000000000000000000000000111000000000000000000000000000000100000000000000000000000
000000000000000000000000000000000000000100000000000000000000000000000000000000000000000000000110100000000000000001100000000000000000000000000000000000
000000000000000000000000000000000000001010000000000000000000000000000000000000000000000000000010100000000000000001100000000000000000000000000000000000
000000000000000000000000000000000000001010000000000000000000000000000000000000000000000000000001100000000000000000000000000000000000000000000000000000
000000000000000000000000000000000000000100000000000000000000000000000000000000000000000000100010000000000000000000000000000000000000000000000000000000
000000000000000000000000000000000000000000000000000000000000000000000000000000000000000001011000000000000000000000000000000000000000000000000000000000
000000000000000000000000000000000011000000011000000000000000000000001000000000000000000010000000000100000000000000000000000000000000000000000000000000
000000000000000000000000000000000100100000100100000000000000000000010100000000000000000001100000001010000000000000000000000000000000000000000000000000
000000000000000011000000000000000011000000011000000000000000000000001000000000000000000000000000011011000000000000000011100000000000000000000000000000
000000000000000011000000000000000000000000000000000000000000000000000000000000000000000000000001011100000000000000000000000000000000000000000000000000
000000000000000000000000000000000000000100000000000000000000000000000000000001000000000000000001001000000000000000000000000000000000000000000000000000
000000000000000000000000000000000000001010000000000000000000000000000000000010100000000000000001010000000000000000000000000000000000000000000000000000
000000000000000000000000000000000000001010000000000000000000000000000000000010010000000000000000000000000000000000000000000000000000000000000000000000
000000000000000000000000000000000000000100000000000000000000000000000000000001100000000000000000000000000000000000000000000000000000000000000000000000
000000000000000000000000000000000000000000000000000000000000000000000000000000000000000000000000000000000000000000000000000000000000000000000000000000
000000000000000000000000000000000000000000000000000000000000000011000000000000000000000000000000000000010000000000000000000000000000000000000000000000
000000000000000000000000000000000000000000000000000000000000000011000000000000000000000000000000000000000110000000000000000000000000000000000000000000
000000000000000000000000000000000000000000000000000000000000000000000000000000000000000000000001100000011011000000000010000000000000000000000000000000
000000000000011000000000000000000000000000000000000100000000000000000000000000000000000000000001100000001010100000000111000000000000000000000000000000
000000000000100100000000000000000111000000000000000100000000000000000000000000000000000000000000000000010010110000001010100000000000000000000011000000
000000000000101000000000000000000000000000000000000100000000000000000000000000000000000000000000000000100100110000011101110000000000000000100100100000
000000000000110000000000000000000000000000000000000000011000000000000000000000000000000000000000000000100000100000001010100000000000000001010010100000
000000000001110000000000000000000000000000000000000000100100000000000000000000000000000000000000000000010000100000000111000000000000000000100001000000
000000000001110000000010000000000000011000000000000000011000000000000000000000000000010000000000000000000001000000000010000000000000000000000000000000
000000000110011000011110000000000000011000000000000000000000000000000000000000001001110000000000000000000001000000000000000000000000000000000000000000
000000000100100110111010000000000000000000000000000000000000000000000000000000001100110000000000000000000111000000000000000000000000000000000000000010
000110000100010000000010000000000000000000000000000000000000000000000000000000010100000000000000000000000101000000000000000000001100000000011000000101
000111000011101111111110000000000000000000000000000000000000000000000000000000000000000000000000000000000000011000000000000000001100000000100100001001
001000000000100000001100000000000000000000000000000000000000000000000000000000000000000000000000000000000001010000000000000000000000000000010100000110
001111100000000000000000000000000000000000000000000110000000000000000000000100000000000000000000000000000000100000000000000000000000000000001000000000
000011100000000000000000000000000000000000000000001001000000000000000000001010100000000000000000000000000000000000000000000000000000000000000000000100
110010100000000000000000000000000000000000000000001010000000000000000000001000100000000000000000000000000000000000000000000000000000000000000000001000
001101000000001000000000000000000000000000000000000100000000000000000000000111100000000000000000000000000000000000000000000000000000000000000000001000
000000000000001000000000000000000000000000000000000000000000000000000000000000000000000000000000000000000000001110000000000000000000000000000000000100
001000000000001000000000000000000000000001100000000000000000000000000000000001000000000000000000000000000000000000000000000000000000000000000000000000
010000000000000000000000000000000000000001100000000000000000000000000000000001000000000000000000000000000000000000000000000000000011000000000000000000
000000000000000000000000000000000000000000000000000000000000000000000000000001000000000000000000000000000000000000000000000000000100100000000000000000
000000000000000000000000000000000001110000000000000000000000000000000000000000000000000000000000000000000000000000000000000000000100100000000000000000
000000000000000000000000000000000000000000000000000000000000000000000000000000000000000000000110000000000001100000000000000000000011000011000000000000
000000000000000000000000000000000000000000000000000000000000000001100000000000000000000000000110000000000001100000000000000000000000000011000000000000
000000000000000000000000000000000000000000000000000000000000000001100110000000100000011100000000000000000000000000000000000000000000000000000000000000
000000000000000000000000000000000000000000000000000000000000011000000110000001100000000000000000000000000000000000000000000000000000000000001000000000
000000000000000100000000000000000000000000000000000000000000011000000000000011100000000001000000000000000000000000000000000000000000000000001000000000
000000000000001100000000000011000000000000000000000000000000000000000000000110000011100001000000000000000000000000000000000000000000000000010000000000
110000000000010010000000000100100000000000000000000000000000000000000000001110000001000001000000000000000000000000000000000000000000000001000000000001
000000000000010100000000000011000000000000000000000000000000000000000000000110000000000000000000000000011000000000000000000000000000000001000000000001
001000000000001100000000000000000000000000000000000000000000000000000000000011110000011100000000000000011000000000000000000000011000011000000000000000
001000000000000000000000000000000000000000000000000000000000000000000000000010010000000000000000000000000000000000000000000000100100011000000000000001
001000000001000001100000000000000000000000000000000000000000000000000000000001000000000000000000000000000000000000000000000000100100000000000000000001
100000000000110001100000000000000000000000000000000000000000000000000000000001010000000000000000000000000000000000011100000000011000000001000000000001
110000000001110001100001100000000000000000000000000000000000000000000000000000111000000000000000000000000000000000100110000000000000000001111100000001
000000011000011000000001100000000000000000000000000000000000000000000000011000101000000000000000000000000000000001001000000000000000000000010010000000
000001100000000000100000000000000000000000000000000000000000000000000000100000011000000000000000000000000000000000001000000000000000000000110010000000
000000001010000111100000000000000000000000000000000000000000000000000000100000011000000000000000000000001011100000111000000000000000000000001100000000
000010001010000111100000000000000000000000000000000000000000000000000000100001010000000000000000000000010101010000011000000000000000000000000000000000
000000000000000100000000000000000000000000000000000000000000100000000000011011011000000000000000000001001001011000000001100000000000000000000000000000
000001110000001000000000000000000000000000000000000000000001010000000000000110010000000000000000000011010000011000000010100001100000000000000000000000
000000000000001000000000000000000000000000000000000000000001100000000000000100100000000000000000000110010100100000010011000001100000000000000000000000
100000000001001000101000000000000000000000000000000000000000000000000000000011100000000000000000101011110000100000000111000000000000000000000000000000
010000000110001100101000000000000000000000000000000000000000000000011000000000000000000000000000100010000011000000110100000000000000000000000000000001
010000000001011100010000000000000000000000000000000000000000000000011000000000000000000000000000110001001100000000000000000000000000000000000000000001
100000000000011010000000000000000000000000000000000000000000000000000000000000000000000000000000101100101000000000000000000000000000000000000000000000
000000000000000100000000000000000000000000000000000000000000000000000000000000000000000000000001101110000000000000000100000000000000000000000000000000
000000000000000000000000000000000000000000000000000000000000000000000000000000000000000000000001011011000000000000001110000000000000000000000000000000
000000000000000000000000000000000000000000000000000000000000000000000000000000000000000000000010010001100000000000010101000000000000000000000000000000
000000000000000000000000000000000000000000000000000000000000000000000000000000000000000000000001100011011110000000111011100000000010000000000000000000
000000000000000000000000000000000000000000000000000000000000000000000000000000000000000000000001000000111011000000010101000000000011000000000000000000
000000000000000010000000000000000000000000000000000000000000000000000000000000000000000000000000000000100001000000001110000000000101000000000000000000
000000000000000101000000000000000000000000000000000000000000000000000000000000000000000000000000000000100100000000000100000000000100000000000000000000
000000000000000101001100000000000000000000000001000000000000011100000000000000000000000000000000000000000000000000000000000000000100001100000000000000
000000000000000010001100000000000000000000000001000000110000000000000000000000000000000000000000000000111011100000000000000000001100001100000000000000
000000000000000000000000000000000000000000000001000001001000000001000000000000000000000000000000000000000010100000000000000010110000000000000000000000
000000000000000000000000000000000000000000000000000000110000000001000000000000000000000000000000000000000010100000000000000000001000000000000000000000
000000000000000000000000000000000000000000000000000000000000000001000000000000000000000000000000000000000010000000000000000100100000000011000000000000
001100000000000000000000000000000000000000000000000000000000000000000000000000000000000000000000000000010010000000000000000001100000000011000000000000
001010000000000000000000000000000000000000000000000000000000011100000000000000000000000000000000000000111100001010000000000000000000000000000000000000
000101000000000000000000011000000000000000000000000000000000000000000000000000000000000000000000000000110000000011000001100000000000000000000000000000
000010000000000000001100011000000110000000000000000000000000000000000000000000000000000000000000000000110000010000000000010000000000000000000001100000
000000000000000000001100000000000110000000000000000000000000000000000000000000000000000000000000000001010000010011000010010000000000000000000010010000
000000000000000000000000000000000000000000011000000000000000000000000000000000000000000000000000000001010000001010000001100000000000000000000010100000
000000000010000000000000000000000000000000011000000000000000000000000000000000000000000000000000001000100000000100000000000000000000000000000001000000
000000000010000000000000000000000000000000000000000000000000000000000000000000000000000000000000010100000000000000000000000000000000000000000000000000
000000000010000000000000000000000000000000000000000000000000000000000000000000000000000000000000010100000000000000001010000000000000000000000000000010
000000000000000000000000000000000000000000000000000000000000100000000000100000000000000000000000001000000000000000011011000000000000000000000000000101
000000000000000000000000000000000000000000000000000000000001010000000001110000000000000000000000000000000000000000001010000000000000000000000000000101
000000000000000000000000000000001110000000000000000000000001010000000011011000000000000000000000000000100000000000000000000000000000000000000000000010
000000000000000000000000000000000000000000000000000000000000100000000110001100000000000000000000000001010000000000000000000000000000000000000000000000
001100000010000000000000000000000000100000000000000000000000000000000011011000000000000000000000000000000000000000000000000000000000000000000001100000
010010000101000000000000000000000000100000000000000000000000000000000000000000000000000000000000000000000000000000000000000000000000000001000010010000
001100000100100000000110000000000000100000000000000000000000000000000000000000000000000000000000000000000000000000000000000000000000000010100001100000
000000000011000000000110000110000000000000000000000000000000000000000000000000000000000010000001100000000000000000000000000000000000000001100000000000
000000000000000000000000000110000000000000000000000000000000000000000000001100000000000010000001100000000000000000000000000000000000000000000000000010
000000000000000000000000000000000000000000000000000000000000000000000000001100000000000010000000000000000000000000000000000000000000001100000000000101
000000000000000000000000000000000000000000000000000000000000000000000000000000000000000000000000000000000000000000000000000000000000010100000000000101
000000000000000000000000000000000000000000000000000000000000000000000000000000000000000000000000000000011000000000000000000000000000001000000000000010
000000000000000000000000000000000000000000000000000000000000000000000000000000000000000000000000000000011000000000000000000000000000000000000000000000
000000000100000000000000000000000000000000000000000000000000000000000000000000000000000000000001100000000000000000000000000000000000000000000000000000
000000001010000000000000000000000000000000000000000000000000000000000000000000000000000000000001100011000000000000000000000000000000000000000000000000
000000001010000000000000000000000000000000000000000000000000001110000000000000000000000000000000000011000000000000000000000000000000000000000000000000
000000000100000000000000001100000000000000000000000000000000000000000000000000000000000000000000000000000000000000000000000000000000000111000000000000
000000000000000000000000001100000000000000000000000000000000100000100000000000000000000000000000000000000000000000000000000000000000000000000000000000
000000000000000000000000000000000000000000000000000000000001010001010000000000000000000000000000000000000000000000000000000000000000000000000000000000
000000000000000000000000000000000000000000000000000000000001010001010000000000000000000000000000011000000000000000000000000000000000000000000000000000
000000000001000000000000000000000011100000000000000000000000100000100000000000000000000000000000011000000000000000000000000000000000000000000000001100
000000000001000000000000000000000000000000000000000000000000000000000000000000000000000000000000000000000000000000000000000000000000000000000000001100
000000000001000000000000000000000000001000000000000000000000000000000000000000000000000000000000000000000000000000000000000000000000000000000000000000
000000000000000000000000000000011000001000000000000000000000000000000000000000000000000000000000000000000000000000000000000000000000000000000000000000
000000000000000110000000000000011000001000000000000000000000000000000000000000000000000000000000000000000100000000000000000000000000000000000000000000
000000000000001001000000000000000000000000000000000000000000000000000000000000000000000000000000000000000100000000000000000000000000000110000000000000
000000000000000110000000000000000011100000110000000000000000000000000011000000000000000000010000000000000100000000000000000000000000000110000000000000
000000000000000000000001100110000000000000110000000000000000000000000011000000000000000000101000000000000000000000000000000000000000000000000000000000
000000000000000000000001100110011000000000000000000000000000000000000000000000000000000001010000000000000000000000000000000000000000000000000000000000
000000000011000000000000000000011000001100000000000000000000000000100000000000000000000001100000000000000000010000000000000000000000000000000000000000
000000000101000000000000000000000000010010000000000000000000000001010000000000000000000000000000000000000000101000000000000000000000000000000000000000
000110000010000000000000000000000000001100000000000000000000000001010000000000000000000000000000000000000001001000000000000000000000000000001100000000
000110000000000000000000000000000000000000000000000000000000000000100000000000000000000000000000011000000000110000000000011000000000000000010010000000
000000000000000000000000000000000000000000000000000000000000000000000000000000000000000000000000100100000000000000000000011000000000000000010100000000
000000000000000000000000000000000000000000000000000000000000000000000000000000000000000000000000011000000000000000000000000000000000000000001000000000
000000000000000000000000000000000000000000000000000001000000000000000000000000000000000000000000000000000000000000000000000000000000000000000000000000
000000000000000000000000001100000000000000000000000001000000000001100000000000000000000000000000000000000000000000000000000000000000000000000000000000
000000000000000000000000001100000000000000000000000000000000000001100000000000000000000000000000000000000000000000000000000000000000000000000000000000
000000000000000000000111000000000000000000000000000101010000000000000000000000000000000000000000000000000000000000000000000000000000000000000000000000
000000000000000000000000000000000000000000000000000111110000000000000000000000000000000000000000000000000000000000000000000000000000000000000000000000
000000000000000000010000010000000000000000000000011011101100000000000000000000000000000000000000000000000000000000000000000000011000000011000000000000
000000000000000000010000010000000000000000000000001101011000000000000000000000000000000000000000000000000000000000000000000000100100000100100000000000
000000000000000000010000010000000000000000000011011110111101100000000000000000000000000000000000000000000000000000000000000000011000000011000000000000
000000000000000000000000000000000000000000000000001101011000000000000000000000000000000000000000000000000000000000000000000000000000000000000000000000
000000000000000000000000000000000000000000000000011011101100000000000000000000000000000000000000000000000000000000000000000000000000100000000000000000
000000000000000000000000000000000000000000000000000111110000000000000000000000000000000000000000110000000000000000000000000000000001010000000000000000
000000000000011100000000000000000000000000000000000101010000000000000000000000000000000000000000110000000000000000000000000000000001010000000000000000
000000000000000000000000000000000000000000000000000000000000000000000000000000000000000000000000000000000000000000000000000000000000100000000000000000
000000000001000001000000000000000000000001000000000001000000000000000000000000000000000000000000000000000000000001110000000000000000000000000000000000
000000000010100010100000000000000000000010100000000001000000000000000000000000000000000000000000000000000000100110011110000000000000000000000000000000
000000000010100010100000000000000000000010100000000000000000000000000000000000001100000000000000000000010011011111110001100000000000000000000000000000
000000000001000001000000000000000000000001000000000000000000000000000000000000001100000000000000000000110001011100101001100000000000000000010000000000
000000000000000000000000010000000000000000000000000000000000000000000000000000000000000000000000000000010000110011110001011000011000000000101000000000
000000000000000000000000010000000000000000000000000000000000000000000000000000000000000000000000000000000000000010011100010110100100000000101000000000
