000000000000000000000000010000000000001000001101000000000000000000000000000000000000000000000000000000000000000000000000000000000000001000010000000000
000000000000000000000000000000000000111000000100000000000000000000000000000000000000000000000000001000000000000000000000000000000000001000000000000000
000000000000000000000000000000000000101000110000000000000000000000000000000000000000000000000000001000000000000000000000000000000000001000000000000000
000000000000000000000000000000000000100000111000000000000000000000000000000000000000000000000000001000000000000000000011000000010000000000000000000000
000000000000000000000000000000000000000000110000000000000000000000000000000000000000000000000000000000000000000000000100100000010000000000000000000000
000000000000000000000000000000000000000000001010100000000000000000000000000000000000000000000000000000000000000000000010100000010000000000000000000000
000000000110000000000000000000000000000000000011110000000000000001100000000000000000000000000000000000000000000000000001000000000000000000000000000000
000000001001000000000000000000000000000000000000010000000000000001100000000000000000000000000000000000000000000000000000000000000000000000000000000000
000000001001000000000000000000000000000000000001001100000000000000000000000000000000000000000000000000000000000000000000000000000000000000000000000000
000000000110000000000000000000000000000000000001100010000000000000000000000000000000000000000000000000000000000000000000000000000000000000000000000000
000000000000000000000000000000000000000000000001100000000000000000000000000000000000000000000000000000000000000000000000000000000000000000000000000000
000000000000000000000000000000000000000000011001100000000000000000000000000000000000000000000000000000000000000000000000000000100000000000000000000000
000000000000000000000000000000000000000000010111000010000000000000000000000000000000000000000000000000000000000000000000000000100000000000000000000000
000000000000000000000000000000000000000000010001111000000000000000000000000000000000000000000001000000000000000000000000000000100000000000000000000000
000000000000000000000000000000000000000000001011000000000000000000000000000000000000000000000010100000000000000000000000000000000000000000000000000000
000000000110000000000000000000000001100000000100000000000000000000000000000000000000000000000010100000000000000000100000000000000000000000000000000000
000000000110000000000000000000000001100000000000000000000000000000000000000000000000000000000001000000000000001001010000000000000000000000000000000000
000000000000000000000000000000000000000000000000000000000000000000000000000000000000000000000000000000000000010110100000000000000000000000000000000000
000000000000000000000000000000000000000000000000000000000000000000000000000000000000000000110000000000000000010110000000000000000000000000000000000000
000000000000000000000000000000000000000000000000000000000000000000001000000000000000000001001000000000000001000010000000000111000000000000000000000000
000000000010000000000000000000000000000000000000000000000000000000010100000000000000000000110000000000000010001010000000000000000000000000000000000000
000000000101000011000000000000000000000000000000000000000000000000001000000000000000000000000000000000000001101100000000000000000000000000000000000000
000000000101000011000000000000001000000000000000000000000000000000000000000000000000000000000001000000000000000000000000000000000000000000000000000000
000000000010000000000000000000001000000000000000000000000000000000000000000001000000000000000010100000000000000000000011000000000001100000000000000000
000000000000000000000000000000001000000000000000000000000000000000000000000010100000000000000010100000000000000000110111000000000001100000000000000000
000000000000000000000000000000000000000000000000000000000000000000000000000010010000000000000001000000000000000001000000000000000000000100000000000000
000000000000000000000000000000000000000000000000000000000000000000000000000001100000000000000000000000000000000110000000000000000000000100000000000000
000000000000000000000000000000000000000000000000000000000000000000000000000000000000000000000000000000000000000000101000001100000000000100000000000000
000000000000000000000000000000000000000000000000000000000000000011000000000000000000000000000000000000000000000000100000001100000001100000000000000000
000000000000000000000000000000000000000000000000000000000000000011000000000000000000000000000000000000000000000110000000010101000010010000000000000000
000000000000000000000000000000000000000000000000000000000000000000000000000000000000000000000000000000000000000000000000010101100001010000000000000000
000000110000000000000000000000000000000000000000000100000000000000000000000000000000000000000000000000000000000001111101010100000000100000000000000000
000000110000000000000000000000000111000000000000000100000000000000000000000000000000000000000000000000000000000000000110001011100000000000000000000000
000000000000000000000000000000000000000000000000000100000000000000000000000000000000000011000000000000000000000000100010000000000000000000000000000000
000000000000000000000000000000000000000000000000000000011000000000000000000000000000000011000000000000000000000000000000011000000001100000000000000011
000000000000000000000000000000000000000000000000000000100100000000000000000000000000000000000000000000000000000000010001101000000000100000000000000011
000000000000000000000000000000000000011000000000000000011000000000000000000000000000000000000000000000000000000001111100001100000100000000000000000000
000000000000000000000000000000000000011000000000000000000000000000000000000000000000000000000000000000000000000000000010011000000110000000000000000000
000000000000000000000000000000000000000000000000000000000000000000000000000000001000000000000000000000000000000000000000111000000000000000000000000000
000000000000000000000000000000000000000000000000000000000000000000000000000000010010000000000000000000000000000000000000110000000000000000000000000000
000000000000000000000000000000000000000000000000000000000000000000000000000000010010000000000000000000000000000000000000111100000000000000000000000000
000000000000000000000000000000000000000000000000000000000000000000000000000000000100000000000000000000000000000000000000101110000000000000000000000000
000000011110000000000000000000000000000000000000000110000000000000000000000000000000000000000000000000000000000000000001100001000000000000000000000000
000000000010000000000000000000000000000000000000001001000000000000000000000000000000000010000000000000000000000000000000101001100000000000000000000000
000000110011000000000000000000000000000000000000001010000000000000000000000000000000000101000000000000000000000000000000100000000000000000000000000000
000111001001100000000001100000000000000000000000000100000000000000000000000000000000000011000000000000000000000000000000000101100000000000000000000000
000100000001100000000010010000000000000000000000000000000000000000000000000000000000000000000000000001000000000000000000011100000000000000000000000000
000100010001000000000001100000000000000001100000000000000000000000000000000001000000000000000110000010100000000000000000000001000000000000000000000000
000010000100000000000000000000000000000001100000000000000000000000000000000001000000000000000110000010100000000000000000000010000000000000000000000000
000011111110000000000000000000000000000000000000000000000000000000000000000001000000000000000000000001000000000000000000000011000000000000000000000000
000110001100000000000000000000000000000000000000000000000000000000000000000000000000000000000000000000000000000000000000000001100000000000001000000000
001001000000000011100000000000000000000000000000000000000000000001000000000000000000000000000000110000000000000000000000000000000000000000011100000000
000110000000000001000000000000000000000000000000000000000000000001000000000000000000000000000001001000000000000000000000100000111000000000111110000000
000000000000111001001000011100000000000000000000000000000000000011000110000000000000000000000000110000000000000000000001000100111000000001100011000000
000000000000110111110000001000000000000000000000000000000000011111000110000000000000000000000000000000000000000000000000100100000000000011100011100000
000010000000001000110100011000000000000000000000000000000000011101100000000000000000000000000000000001000000000000000000010100000000000001100011000000
000101000000000011000010001100000000000000000000000000000000000011100000000000000000000000000000000010100000000000000000010001010000000000111111100000
000010000000110011100111010100000000000000000000000000000000000000000000000001100000000000000000000010100000000000000000001111110000000000011111110000
000000000001110000000010101010000000000000000000000000000000000000000000000010010000000000000000000001000000000000000000100011100000000000001101001100
100011000101100011000001101110000000000000000000000000000000000000000000000001010000000000000000000000000000000000000000111000000000000000000011110001
100000101101000000000001000100001001000000000000001100000000000000010000000000100000000000000000000000000000000000000000000000000000000000000011100001
101011001001000000000000111001000100100000000000010010000000011000100100000000000000000000000000000000000110000000000000000000000000000000000001101000
100000000110000000000000000011110000010000000001000010000000011000000010000000000000000000000000000000000110000110000100011000000000000000000001101110
101001000000000000000000000110110000001000000010001001000000000000100001000000000000000000000000000000000000000110001010011000000000000000000001110000
000000000000000000000000000011110100000000000100001111000000000000000001000000000000000000000000000000000000000000000100000000000000000000000000000001
011011110000000000000000000001000010010000000010100000011100000000010001000000000000000000000000000000000000000000000000011000000000000000000000000001
111100110000000000000000000000000011100000000000000000100010000000100010000000000000000100000000000000000000000000000000011000000000000000000000000100
100000000000000000000000000000000000000000000000000001000001000000000100000000000000001010000000001000000000000001100000000000000000000000000000001100
000000000000000000000000000000000000000000000000000010001000100000111000000000000000000100000000010100000000000001100000000000000000000000000000000111
000000000000000000000000000000000000000110000000000010010100100000000000000000000000000000000000010010000000000000000000000000000100000000000000000001
000000000000000000000000000000000000001001000000000010001000100000000000000000000000000000000000001100000000000000011000000000000100000000000000000000
000000000000000000000000000000000000001010000000000001000001000000000000001100000000000000000000000000000010000000011001100000000100000000000000000000
000000000000000000000000000000000000000100000000000000100010000000000000001010000000000000000000000000000010000000011001100000000000000000000000000000
000000000000000000000000000000000000000000000000000000011100000000000000000110000000000000000000000000000010000000000000000110000000000000000000000000
000000000000000000000000000000000000000000000000000000000000000000000000000000000000000000000000000000000000000000000000000110100000000000000000000000
000000000000000000000000000111000000000000000000000000000000000000000000000000000000000000000000000000000000000000000000000000100000000000000000000000
000000000000000000000000000000000000000000000000000000100000000000000000000000000000000000000000000000000000000001000000000111000000000000000000000000
000000000000000000000000000000000000000000000000000001010000000000000000000000000000000000000000000000000000000010100000000011000000000000000000000000
000000000000000000000000000000000000111010011000000001010000000000000010000000000000000000000000000000000001100110110000100000000000000000000000000000
000000000000000000000000000000000000100011001000000000100000100000001010000000000000000000000000000000000001000000000000010000000000000000000000000000
000000000000000000000000000000000000110001110000001110000001000000001010000000000000000000000000000000000000100000000000010000000000000000000100000000
000000000000000000000000000000000000001010010000010001001110010000001110000000000000000000000000000000000000100000000000000000000000000000001110000000
000000000111000000000000000000000000001010100000100011001101110000001101100000000000000000000000000000000001010000000000000000000000000000011001000000
000000000001000000000000000000000000000010000000100010000011111000010001000000000000000000000000000000000000110000000000000000000000000000100011000000
000000000010000000000000000000000000000001000100000010000000101100000001000000000000000000000000000000000000000000000000000000000000000001100000000000
000000111000000000000000000000000000000001000010000110000011010110000001000000000000000000000000000000000000000000000000000000000000000011100000000000
010000110000000000000000000001100101000001000000001100011110010100001001000000000000000000000000000000000000000000000000000000000000000001100000000000
101000110000000000000000000001100100100000101000100000011100011000001010000000000110000000000000000000000000000000000000000000000001000000100011000000
101000000000000000000000000000000101000000100110000000001000000000000100000000001001000000000000000000000000000000000000000000000001000000011001000000
010000000000000011000000000000000000000000011000000000000000000000000000000000000110000000000000000000000000000000000000000000000001000000001110000000
000000000000000100100000000000000000000000000000000000000000000000000000000001000000000000000000000000000000000000000000000000000000000000000100000000
000000000000000011000000000000000000000000000000000000000000000000000000000010100000000000000000000000000000000000000000000000000000000000000000000000
000000000000000000000110000000000000000000000000000000000000000000000000000110010000000000000000000000000000000000000000000000000000000000000000000000
000000000010000000000110011100011100000000000000000000000000000000000000000111010000000000000000000001100000000000000000000000000000000000000000000000
000000000010000000000000000000000000000000000000000010000000000000000000000110100000000000000000000001100000000000000000000000000000110000000000000000
000000000010000000000000000001000000000000000000000101000000000000000000000011001000000000000000000000000000000000000000000000000000110000000000000000
000000000000000000000000000001000000000000000000000101000000000000000000000001110000000000000000000000000000000000000000000000000000000000000000000000
000000000000000000000000000001000000000000000000000010000000000000000000000000000000000000000000000000000000000000000000000000000000000000000000000000
000000000000000000000000000000000000000000000000000000000000000000000000000000000000000000000000000000000000000000000000000000000000000000000000000000
000000000000000000000000000000000000001100000000000000000000000000000000000000000000000000000000000000000000000000000000000000000000000000000000000000
000000000010000000000000000000000000001100000000000000000000000000000001000000000000000000000000000000000000000000000000000000000000000000000000000000
000000000101000000000000000000000000000000000000000000000000000000000011110110000000000000000000000000000000000000000000000000000000000000000000000000
000000000100100000000110000000000000000000000000000000000000000000000010100100000000000000000000000000000000000000001000000000000000000000000000000000
000000000011000000000110000110000000000000000000000000000000000000000001101100000000000000000000000000000000000000010100000000000000000000000000000000
000000000000000000000000000110000000000000000000000000000000000000000001000000000000000000000000000000000000000000100100000000000000000000000000000000
000000000000000000000000000000000000000000000000000000000000000000000011000010000000000000000000000000000000000000011000000000000000001100000000000000
000000000000000000000000000000000000000000000000000000000000000000000000001010000001000000000000000000000000000000000000000000000000010100000000000000
000000000000000000000000000000000000000000000000000000000000000000000000000000000011100000000000000000000000000000000000000000000000001000000000000000
000000000000000000000000000000000000000000000000000000000000000000000000000000000111110000000000000000000000000000000000000000000000000000000000000000
000000000100000000000000000000000000000000000000000000000000000000000000000000001010111000000000000000000000000000000000000000000000000000000000000000
000000001010000000000000000000000000000000000000000000000000011100000000000110000100110000000000000000000000000000000000000000000000000000000000000000
000000001010000000000000000000000000001100000000000000000000010010000000000100010000100000011000000000000000000000000000000000000000000000000000000000
000000000100000000000000001100000000001100000000000000000000011001000000000000001000000000100100000000000000000000000000000000000000000111000000000000
000000000000000000000000001100000000000000000000000000000000000100100000000000000000000000011000000000000000000000000000000000000000000000000000000000
000000000000000000000000000000000000000000000000000000000000000100100000000000000000000000000000000000000000000000000000000000000000000000000000000000
000000000000000000000000000000000000000000000000000000000000000000100000000000000000000000000000000000000000000000000000000000000000000000000000000000
000000000001000000000000000000000011100000000000000000000000000001000000000110000000000000000000000000000000000000000000000000000000000000000000001100
000000000001000000000000000000000000000000000000000000000000000000000000000110000000000000000000000000000000000000000000000000000000000000000000001100
000000000001000000000000000000000000001000000000000000000000101000000000000000000000000000000000000000000000000000000000000000000000000000000000000000
000000000000000000000000000000011000001000000000000000000001100000000000000000000000000000000000000000000000000000000000000000000000000000000000000000
000000000000000110000000000000011000001000000000000000111000000000000000000000000000000000000000000000000000000000000000000000000000000000000000000000
000000000000001001000000000000000000000000000000000001011000000000000000000000000000000000000000000000000000000000000000000000000000000110000000000000
000000000000000110000000000000000011100000110000000011011000000000000000000000000000000000000000000000000000000000000000000000000000000110000000000000
000000000000000000000001100110000000000000110000000011100000000000000000000000000000000000000000000000000000000000000000000000000000000000000000000000
000000000000000000000001100110011000000000000000000001010000100100000000000000000000000000000000000000000000000000000000000000000000000000000000000000
000000000011000000000000000000011000001100000000000000110000000100000000000000000000000000000000000000000000010000000000000000000000000000000000000000
000000000101000000000000000000000000010010000000000000110001000100000000000000000000000000000000000000000000101000000000000000000000000000000000000000
000110000010000000000000000000000000001100000000000000000000110000000011000000000000000000000000000000000001001000000000000000000000000000001100000000
000110000000000000000000000000000000000000000000000000000000000000000100100000000000000000000000000000000000110000000000011000000000000000010010000000
000000000000000000000000000000000000000000000000000000000000000000000011000000000000000000000000000000000000000000000000011000000000000000010100000000
000000000000000000000000000000000000000000000000000000000000000000000000000000000000000000000000000000000000000000000000000000000000000000001000000000
000000000000000000000000000000000000000000000000000000000000000000000000000000000000000000000000000000000000000000000000000000000000000000000000000000
000000000000000000000000001100000000000000000000000000000000000000000000000000000000000000000000000000000000000000000000000000000000000000000000000000
000000000000000000000000001100000000000000000000000000000000001000000000000000000000000000000000000000000000000000000000000000000000000000000000000000
000000000000000000000111000000000000000000000000000000000000010100000000000000000000000000000000000000000000000000000000000000000000000000000000000000
000000000000000000000000000000000000000000000000000000000000010100000000000000000000000000000000000000000000000000000000000000000000000000000000000000
000000000000000000010000010000000000000000000000000000000000001000000000000000000000000000000000000000000000000000000000000000011000000011000000000000
000000000000000000010000010000000000000000000000000000000000000000000000000000000000000000000000000000000000000000000000000000100100000100100000000000
000000000000000000010000010000000000000000000000000000000000000000000000000000000000000000000000000000000000000000000000000000011000000011000000000000
000000000000000000000000000000000000000000000000000000000000000000000000000000000000000000000000000000000000000000000000000000000000000000000000000000
000000000000000000000000000000000000000000000000000000000000000000000000000000000000000000000000000000000000000000000000000000000000100000000000000000
000000000000000000000000000000000000000000000000000000000000000000000000000000000000000000000000110000000000000000000000000000000001010000000000000000
000000000000011100000000000000000000000000011000000000000000000000000000000000000000000000000000110000000000000000000000000000000001010000000000000000
000000000000000000000000000000000000000000100100000000000000000000000000000000000000000000000000000000000000000000000000000000000000100000000000000000
000000000001000001000000000000000000000000011000000000000000000000000000000000000000000000000000000000000000000000000000000000000000000000000000000000
000000000010100010100000000000000000000000000000000000000000000000000000000000000000000000000000000000000000000000000000000000000000000000000000000000
000000000010100010100000000000000000000000000000000000000000000000000000000000001100000000000000000000000000000000000000000000000000000000000000000000
000000000001000001000000000000000000000000000000000000000000000000000000000000001100000000000000000000000000000000000000000000000000000000010000000000
000000000000000000000000010000000000000000000011000000000000000000000000000000000000000000000000000000000000000000000000000000000000000000101000000000
000000000000000000000000010000000000000000000000000000000000000000000000000000000000000000000000000000000000000000000000000000000000000000101000000000
