000000000000000000000000010000000000000000000000000000000000000000000000000000000000000000000000000000000000000000000000000000000000001000010000000000
000000000000000000000000000000000000000000000110000000000000000000000000000000000000000000000000001000000000000000000000000000000000001000000000000000
000000000000000000000000000000000000000000000110000000000000000000000000000000000000000000000000001000000000000000000000000000000000001000000000000000
000000000000000000000000000000000000000000000000000000000000000000000000000000000000000000000000001000000000000000000011000000010000000000000000000000
000000000000000000000000000000000000000000000000000000000000000000000000000000000000000000000000000000000000000000000100100000010000000000000000000000
000000000000000000000000000000000000000000000000000000000000000000000000000000000000000000000000000000000000000000000010100000010000000000000000000000
000000000110000000000000000000000000000000000000000000000000000001100000000000000000000000000000000000000000000000000001000000000000000000000000000000
000000001001000000000000000000110000000000000000000000000000000001100000000000000000000000000000000000000000000000000000000000000000000000000000000000
000000001001000000000000000000110000000000000000000000000000000000000000000000000000000000000000000000000000000000000000000000000000000000000000000000
000000000110000000000000000000000000110000000000000000000000000000000000000000000000000000000000000000000000000000000000000000000000000000000000000000
000000000000000000000000000000000000110000000000011000000000000000000000000000000000000000000000000000000111000000000000000000000000000000000000000000
000000000000000000000000000000000000000000000000011000000000000000000000000000000000000000000000000000001000100000000000000000100000000000000000000000
000000000000000000000000000000000000000000000000000000000000000000000000000000000000000000000000000000000000000000000000000000100000000000000000000000
000000000000000000000000000000000000000000000000000000000000000000000000000000000000000000000001000000000000010000000000000000100000000000000000000000
000000000000000000000000000000000000000100000000000000000000000000000000000000000000000000000010100000001111100001100000000000000000000000000000000000
000000000000000000000000000000000000001010000000000000000000000000000000000000000000000000000010100000000100000001100000000000000000000000000000000000
000000000000000000000000000000000000001010000000000000000000000000000000000000000000000000000001000000000000000000000000000000000000000000000000000000
000000000000000000000000000000000000000100000000000000000000000000000000000000000000000000000000000000000000000000000000000000000000000000000000000000
000000000000000000000000000000000000000000000000000000000000000000000000000000000000000000110000000000000000000000000000000000000000000000000000000000
000000000000000000000000000000000011000000011000000000000000000000001000000000000000000001001000000000000000000000000000000000000000000000000000000000
000000000000000000000000000000000100100000100100000000000000000000010100000000000000000000110000000000000000000000000000000000000000000000000000000000
000000000000000011000000000000000011000000011000000000000000000000001000000000000000000000000000000000000110000000000011100000000000000000000000000000
000000000000000011000000000000000000000000000000000000000000000000000000000000000000000000000000000000000110000000000000000000000000000000000000000000
000000000000000000000000000000000000000100000000000000000000000000000000000001000000000000000000000000000000000000000000000000000110000000000000000000
000000000000000000000000000000000000001010000000000000000000000000000000000010100000000000000000000000000000000000000000000000001001000000000000000000
000000000000000000000000000000000000001010000000000000000000000000000000000010010000000000000000000000000000000000000000000000001010000001000000000000
000000000000000000000000000000000000000100000000000000000000000000000000000001100000000000000000000000000000000000000000000000000100111111000000000000
000000000000000000000000000000000000000000000000000000000000000000000000000000000000000000000000000000000000000000000000000000000001000010000000000000
000000000000000000000000000000000000000000000000000000000000000011000000000000000000000000000000000000000000000000000000000110000010001100000000000000
000010000000000000000000000000000000000000000000000000000000000011000000000000000000000000000000000000000000000000000000000110000100010000011100000000
000101000000000000000000000000000000000000000000000000000000000000000000000000000000000000000000000000000000000011000000000000000100100000000000000000
000100100000000000000000000000000000000000000000000100000000000000000000000000000000000000000000000000000000000000000000000000000101000001000000000000
000011000000000000000000000000000111000000000000000100000000000000000000000000000000000000000000000000000000000001110111000000000000000010100000100001
000000000000000000000000000000000000000000000000000100000000000000000000000000000000000000000000000000000000000001110000000000000000000010100001110101
000000000000000000000000000000000000000000000000000000011000000000000000000000000000000000000000000000000000000000010111000000000000001000000011111000
000000000000000000000000000000000000000000000000000000100100000000000000000000000000000000000000000000000000000000011001000000000000010100000011111000
000000000000000000000000000000000000011000000000000000011000000000000000000000000000000000000000000000000000000000000000010000000000000010000001010000
000000000000000000000000000000000000011000000000000000000000000000000000000000000000000000000000000000000000000000011000001100000000100100000000110000
110000000000000000000000000000000000000000000000000000000000000000000000000000001000000000000000000000000000000000010000011000000100011000000000100001
010000000110000000000000000000000000000000000000000000000000000000000000000000010010000000000000000000000000000000100000000000001100010000000001000010
010000001001000000000000000000000000000000000000000000000000000000000000000000010010000000000000000000001000000000000000000000000101100000000001100010
111000000110000000000000000000000000000000000000000000000000000000000000000000000100000000000000000000010100000000000000000000000000000000000000000010
110000000000000000000000000000000000000000000000000110000000000000000000000000000000000000000000000000100100000000000010000000000000000000000000000000
010110000000000000000000000000000000000000000000001001000000000000000000000000000000000000000000000000011000000000000010100001000000000000000000000000
000000000000000000000000000000000000000000000000001010000000000000000000000000000000000000111000000000000000000000000000100001000000000000000000000000
000000000000000000000000000000000000000000000000000100000000000000000000000000000000000000011000000000000000000000000001010010100000000000000000000100
000110000000000000000000000000000000000000000000000000000000000000000000000000000000000001110000000000000000001110000001100001000000000000000000000011
001111000000000000000000000000000000000001100000000000000000000000000000000001000000000011100000000000000000000000000001100001000000000001100000000010
111100100000000000000000000000000000000001100000000000000000000000000000000001000000000000000000000000000000000000000000000000000000010000000000000001
010000000000000000000000000000000000000000000000000000000000000000000000000001000000000000000000000000000000000000000000011000000000010000000000000001
000000000000000000000000000000000001110000000000000000000000000000000000000000000000000000000000000000000000000000000000000000000001111001100001100000
111000000000110000000000000000000000000000000000000000000000000000000000000000000000000000000110000000000001100000000000111000000011000011110000000000
001000000000110000000000000000000000000000000000000000000000000001100000000000000000000000000110000000000001100000000011101100000100000100010000000000
001000000000000000000000000000000000000000000000000000000000000001100110000000000000000000000000000000000000000000000010000100000011001101100000000000
000000001110000000000000000000000000000000000000000000000000011000000110000000000000000000000000000000000000000000000001111100100000010001100000000000
010000000000000000000000000000000000000000000000000000000000011000000000000000000000000000000000000000000000000010000000111001010000010110000000000001
010000000000000000000000000011000000000000000000000000000000000000000000000000000000000000000000000000000000000001010001000001100000010100000000000001
110000000000000000000000000100100000000000000000000000000000000000000000000001100000000000000000000000010000000110010000000000000000000000000000000001
000000000000000110000000000011000000000000000000000000000000000000000000000010010000000100000000000000101000001100010011000000000000000000000000000000
000000000000000110000000000000000000000000000000000000000000000000000000000001010000001000010000000001101000001100000101100000001110000000000000000000
000000000000000000000000000000000000000000000000000000000000000000000000000000100000001100000100000000100110000100001110000000001111110000000000000000
000000000000000000000000000000000000000000000000000000000000000000000000000000000000010000000000000000110100000100100110000000011001111000000000000000
000000000000000000000000000000000000000000000000000000000000000000000000000000000000001101000000000000001000001000001000000001100011010100000000000000
000000000000000000000000000000000000000000000000000000000000000000000000000000000000001101001000000000000000111000000000000001100001101100000000000000
000000000000001000000000000000000000000000000000000000000000000000000000000000000111000000011000000000000000111110000000000001100000100000000000000000
000000000000010100000000000000000000000000000000000000000000000000000000000000000000000000000000000000000000010010000000000000011111000000000000000000
000000000000010100000000000000000000000000000000000000000000000000000000000000000000011000000000000000000000001110000000000000001011000000000000011000
000000000000001000000000000000000000000000000000000000000000000000000000000000000000000100000000000000011000000000000000000000000000000000000000000100
000000000000000000000000000000000000000000000000000000000000100000000000000000000000011000000100000000000100000000000000000000000000000000000000011000
000000000010000000000000000000000000000000000000000000000001010000000000000000000000111001110100000000001100000000000000000001100000000000000000000000
000000000101000001100000000000000000000000000000000000000001100000000000000000000011011001110100000000001100000000000000000001100000000000000000000000
000000000011100010010000000000000000000000000000000000000000000000000000000000000011000000000000100000000011000000000000000000000000000000000000000000
000000000010110001100000000000000000000000000000000000000000000000011000000000000100001000000000100001100111000000000000000000000000000000000000000001
110000000010100000000000000000000000110000000000000000000000000000011000000000000010110001110110101110110011000000000000000000000000000000000000000000
001000000001100000000000000000000000110000000000000000000000000000000000000000000011100001110100111000000000000000000000000000000000000000000000000010
010000000000000000000000000000000000000000000000000000000000000000000000000000000000000010000100110110000000000000000000000000000000000000000000000110
100000001100000000000000000000000100000000000000000000000000000000000000000000000000000001110000000000000000000000000000000000000000110000000000000011
000000001100000000000000000101110010000000000000000000000000000000000000000000000000000001100000000000000000000000000000000000000001001000000000000000
000000000000000000000000000100000100000000000000000000000000000000000000000000000000000000000000000000000000000000001000000000000000110000000000000000
000000000000000000000000000000000000000000000000000000000000000000000000000000000000000000000000000000000000000100001100000000000000000000000000000000
000000000000000000000000001111000000000000000000000000000000000000000000000000000000000000000000000000000000011000001100000000000000000000000000000000
000000000000000000000000001000010000100000000000000000000000000000000000000000000100000000010000011000000000111001111010000000000000000000000000000000
000000000000000000000000010000010001010000000001000000000000011100000000000000000100000000010100100110100010001110010011100000000000001100000000000000
000000000000000000000000100000100110011000000001000000110000000000000000000000000100000000011000011000100010000110001000000000000000001100000000000000
000000000000000000000001000001001000000000000001000001001000000001000000000000000000000000000000000100000000010000000110000110000000000000000000000000
000000000000000000000001000010000000111000000000000000110000000001000000000000000000000000000000000010001000100001000100000101000000000000000000000000
000000000000000000000010000001010001000010000000000000000000000001000000000000000000000000000000011101000001000000010100000010000000000011000000000000
001100000000000000000110000001001000010010000000000000000000000000000000000000000000000000000000000000100010000000000100000000000000000011000000000000
001010000000000000000100011111001001110010000000000000000000011100000000000000000000000000000000000011011100000000001000000000000000000000000000000000
000101000000000000000011100000000000011000000000000000000000000000000000000000000000000000000000100001000000000000001010000000000000000000000000000000
000010000000000000000000000000000101100000000000000000000000000000000000000000000000000000000000000001000000000000000110000000000000000000000001100000
000000000000000000000000000000000010011000000000000000000000000000000000000000000000000000000000010010000000000000110000000000000000000000000010010000
000000000000000000000000000000000000000000011000000000000000000000000000000000000000000000000110001000000000000001001000000000000000000000000010100000
000000000010000000000000000000000000000000011000000000000000000000000000000000000000000000000110000000000000000000000000000000000000000000000001000000
000000000010000000000000000000000000000000000000000000000000000000000000000000000000000000000000000000000000000000000110000000000000000000000000000000
000000000010000000000000000000000000000000000000000000000000000000000000000000000000000000000000000000000000000000010010000000000000000000000000000010
000000000000000000000000000000000000000000000000000000000000100000000000000000000000000000000000000000000000000000011100000000000000000000000000000101
000000000000000000000000000000000000000000000000000000000001010000000000000000000000000000000000000000000000000000000000000000000000000000000000000101
000000000000000000000000000000001110000000000000000000000001010000000000000000000000000000000110000000000000000000000000000000000000000000000000000010
000000000000000000000000000000000000000000000000000000000000100000000000000000000000000000000110000001000000000000000000000000000000000000000000000000
001100000010000000000000000000000000100000000000000000000000000000000000000000000000000000000000000001100000000000000000000000000000000000000001100000
010010000101000000000000000000000000100000000000000000000000000000000000000000000000000000000000000010110000000000000000000000000000000001000010010000
001100000100100000000110000000000000100000000000000000000000000000000000000000000000000000000000000000010000000000000000000000000000000010100001100000
000000000011000000000110000110000000000000000000000000000000000000000000000000000000000010000000000100110000000000000000000000000000000001100000000000
000000000000000000000000000110000000000000000000000000000000000000000000110000000000000010000000000110000000000000000000000000000000000000000000000010
000000000000000000000000000000000000000000000000100000000000000000000001010000000000000010000000000100010000000000000000000000000000001100000000000101
000000000000000000000000000000000000000000000010100000000000000000000001100000000000000000000000000001001001100000000000000000000000010100000000000101
000000000000000000000000000000000000000000000001100000000000000000000000000000000000000000011000000000101001100000000000000000000000001000000000000010
000000000000000000000000000000000000000000000000000000000000000000000000000000000000000000000000000000010000000000000000000000000000000000000000000000
000000000100000000000000000000000000000000000000000000000000000000000000000000000000000000000001100000000000000000000000000000000000000000000000000000
000000001010000000000000000000000000000000000000000000000000000000000000000000000000000000000001100000000000000000000000000000000000000000000000000000
000000001010000000000000000000000000000000000000000000000000000000000000000000000000000000000000000010000000000000000000000000000000000000000000000000
000000000100000000000000001100000000000000000000000000000000000000000000000000000000000000000000001101010000000000000000000000000000000111000000000000
000000000000000000000000001100000000000000000000000000000000000000000000000000000000000000000000001010101000000000000000000000000000000000000000000000
000000000000000000000000000000000000000000000000000000000000000100000000000000000000000000000000011010110000000000000000000000000000000000000000000000
000000000000000000000000000000000000000000000000000000110000001110000000000000000000000000000000011010110000000000000000000000000000000000000000000000
000000000001000000000000000000000011100000000000000000110000010101000000000000000000000000011000110011100000000000000000000000000000000000000000001100
000000000001000000000000000000000000000000000000000000000000111011100000000000000000000000100111000100001110000000000000000000000000000000000000001100
000000000001000000000000000000000000001000000000000000000000010101000000000000000000000000011000000010000010000000000000000000000000000000000000000000
000000000000000000000000000000011000001000000000000000000000001110000000000000000000000110000010001100001110000000000000000000000000000000000000000000
000000000000000110000000000000011000001000000000000000000000001010000000000000000000001001000001110000000000000000000000000000000000000000000000000000
000000000000001001000000000000000000000000000000000000000000000100000000000000000000000110000000000000000000000000000000000000000000000110000000000000
000000000000000110000000000000000011100000110000000000000000001010000000000000000000000000010000000000000000000000000000000000000000000110000000000000
000000000000000000000001100110000000000000110000000000000000001010000000000000000000000000101000000000000000000000000000000000000000000000000000000000
000000000000000000000001100110011000000000000000000000000000000100000000000000000000000001010000000000000000000000000000000000000000000000000000000000
000000000011000000000000000000011000001100000000000000000000000000000000000000000000000001100000000000000000010000000000000000000000000000000000000000
000000000101000000000000000000000000010010000000000000000000000000000000000000000000000000000000000000000000101000000000000000000000000000000000000000
000110000010000000000000000000000000001100000000000000000000000000000001100000000000000000000000000000000001001000000000000000000000000000001100000000
000110000000000000000000000000000000000000000000000000000000000000000010010000000000000000000000011000000000110000000000011000000000000000010010000000
000000000000000000000000000000000000000000000000000000000000000000000001100000000000000000000000100100000000000000000000011000000000000000010100000000
000000000000000000000000000000000000000000000000000000000100000000000000000000000000000000000000011000000000000000000000000000000000000000001000000000
000000000000000000000000000000000000000000000000000000001010000000000000000000000000000000000000000000000000000000000000000000000000000000000000000000
000000000000000000000000001100000000000000000000000000001010000000000000000000000000000000000000000000000000000000000000000000000000000000000000000000
000000000000000000000000001100000000000000000000000000000100000000000000000000000000000000000000000000000000000000000000000000000000000000000000000000
000000000000000000000111000000000000000000000000000000000000000000000000000000000000000000000000000000000000000000000000000000000000000000000000000000
000000000000000000000000000000000000000000000000000011000000011000000000000000000000000000000000000000000000000000000000000000000000000000000000000000
000000000000000000010000010000000000000000000000000100100000100100000000000000000000000000000000000000000000000000000000000000011000000011000000000000
000000000000000000010000010000000000000000000000000011000000011000000000000000000000000000000000000000000000000000000000000000100100000100100000000000
000000000000000000010000010000000000000000000000000000000000000000000000000000000000000000000000000000000000000000000000000000011000000011000000000000
000000000000000000000000000000000000000000000000000000000100000000000000000000000000000000000000000000000000000000000000000000000000000000000000000000
000000000000000000000000000000000000000000000000000000001010000000000000000000000000000000000000000000000000000000000000000000000000100000000000000000
000000000000000000000000000000000000000000000000000000001010000000000000000000000000000000000000110000000000000000000000000000000001010000000000000000
000000000000011100000000000000000000000000000000000000000100000000000000000000000000000000000000110000000000000000000000000000000001010000000000000000
000000000000000000000000000000000000000000000000000000000000000000000000000000000000000000000000000000000000000000000000000000000000100000000000000000
000000000001000001000000000000000000000001000000000000000000000000000000000000000000000000000000000000000000000000000000000000000000000000000000000000
000000000010100010100000000000000000000010100000000000000000000000000000000000000000000000000000000000000000000000000000000000000000000000000000000000
000000000010100010100000000000000000000010100000000000000000000000000000000000001100000000000000000000000000000000000000000000000000000000000000000000
000000000001000001000000000000000000000001000000000000000000000000000000000000001100000000000000000000000000000000000000000000000000000000010000000000
000000000000000000000000010000000000000000000000000000000000000000000000000000000000000000000000000000000000000000000000000000000000000000101000000000
000000000000000000000000010000000000000000000000000000000000000000000000000000000000000000000000000000000000000000000000000000000000000000101000000000
