000000000000000000000110000000000000000000000000000000000000000000000000000000000000000000000000000000000000000000000000000000000000001000010000000000
000000000000000000001001000000000000000000000000000000000000000000000000000000000000000000000000001000000000000000000000000000000000001000000000000000
000000000000000000000110000000000000000000000000000000000000000000000000000000000000000000000000001000000000000000000000000000000000001000000000000000
000000000000000000000000000000000000000000000000000000000000000000000000000000000000000000000000001000000000000000000011000000010000000000000000000000
000000000000000000000000000000000000000000000000000000000000000000000000000000000000000000000000000000000000000000000100100000010000000000000000000000
000000000000000000000000000000000000000000000000000000000000000000000000000000001000000000000000000000000000000000000010100000010000000000000000000000
000000000110000000000000000000000000000000000000000000000000000001100000000001111100000000000000000000000000000000000001000000000000000000000000000000
000000001001000000000000000000000000000000000000000000000000000001100000000010000000000000000000000000000000000000000000000000000000000000000000000000
000000001001000000000000000000000000000000000000000000000000000000000000000000001100000000000000000000000000000000000000000000000000000000000000000000
000000000110000000000000000000000000000000000000000000000000000000000000000001001100000000000000000000000000000000000000000000000000000000000000000000
000000000000000000000000000000000000000000000000000000000000000000000000000000100000000000000000000000000000000000000000000000000000000000000000000000
000000000000000000000000000000000000000000000000000000010000000000000000000000000110000000000000000000000000000000000000000000000000000000000000000000
000000000000000000000000000000000000000000000000000000010000000000000000000000000000000000000000000000000000000000000000000000000000000000000000000000
000000000000000000000000000000000000000000000000000000010000000000000000000000000000000000000001000000000000000000000000000000000000000000000000000000
000000000000000000000000000000000000000000000000000000000000000000000000000000000000000000000010100000000000000000000000000000000000000001100000000000
000000000110000000000000000000000001100000000000000000000000000000000000000000000000000000000010100000000000000000100000000000000000000010010000000000
000000000110000000000000000000000001100000000000000000000000000000000000000000000000000000000001000000000000000001010000000000000000000001100000000000
000000000000000000000000000000000000000000000000000000000000000000000000000000000000000000000000000000000000000000100000000000000000000000000000000000
000000000000000000000000000000000000000000000000000000000000000000000000000000000000000000110000000000000000000000000000000000000000000000000000000000
000000000000000000000000000000000000000000000000000000000000000000001000000000000000000001001000000000000000000000000000000000000000000000000000000000
000000000010000000000000000000000000000000000000000000000000000000010100000000000000000000110000000000000000000000000000000000000000000000000000000000
000001100101000011000000000000000000000000000000000000000000000000001000000000000000000000000000000000000000000000000000000000000000000000000000000000
000001100101000011000000000000001000000000000000000000000000000000000000000000000000000000000001000000000000000000000000000011000000000000000000000000
000000000010000000000000000000001000000000000000000000000000000000000000000001000000000000000010100000000000000000010000000011000000000000000000000000
000000000000000000000000000000001000000000000000000000000010000000000000000010100000000000000010100000000000000000101000000000000000000000000000000000
000000000000000000000000000000000000000000000000000000000101000000000000000010010000000000000001000000000000000000100000000000000000000000000000000000
000000000000000000000000000000000000000000000000000000000100100000000000000001100000000000000000000000000000000000011100000000000000000000000000000000
000000000000000000000000000000000000000000000000000000000011000000000000000000000000000000000000000000000000000000001100000000000000000000000000000000
000000000000000000000000000000000000000000000000000000000000000000000000000000000000000000000000000000000000000000011000000000000000000000000000011100
001100000000000000000000000000000000000000000000000000000000000000000000000000000000000000000000000000000000000000010000000000000000000000000000000000
001100000000000000000000000000000000000000000000001000000000000000000000000000000000000000000000000000000000000000000000000000000000000000000000100100
011000000000000000000000000000000000000000000000010100000000000000000000000000000000000000000000000000000000000000010100000000000000000000000000100010
110000000000000000000000000000000111000000000000001100000000000000000000000000000000000000000000000000000000000000001000000000000000000000000000000010
101000100000000000000010000000000000000000000000000000000000000000000000000000000000000011000000000000000000000000000000000000000000000000000000100010
101001100000000000000100000000000000000000000000000000000000000000000000000000000000000011000000000000001100000000000000000000000000000000000000000000
011001000000000000000010000000000000000000000000000000000000000000000000000000000000000000000000000000001100000000000000000000000000000000000000011000
000000000000000000000000000000000000011000000000000000000000000000000000000000000000000000000000000000000000000000000000000000000000000000000000000100
000000000000000000000000000110000000011000000000010111100000000000000000000000000000000000000000000000000000000000000000000000000000000000000000000000
000000011000000000000000000000000000000000000000011000010001100000000000000000000000000000000000000000000000000000000000000000000000000000000000000000
000000100100000000000000000101000000000000000000010001110100000000000000000000000000000000000000000000000000000000000000000000000000000000000000000000
000000000100000000000000000101101100000000000000001110001111010000110000000000000000000000000000000000000000000000000000000000000000000000000000000000
000001000110000000000000001101101100000000000000000000000000010100001000000001000000000000000000000000000000000000000000000000000000000000000000000000
000000000000000000000000000000001000000000000000000000000111101100001000000001000000000000000000000000000000000000000000000000000000000000000000000000
000000111000000000000000000000110000000000000000111000010000111000010000000001000000000010000000000000000000000000000000000000000000000000000000000000
000000000000000000000000010000000000000000000000000000110100000000000000000000000000000101000000000000000000000000000000000000000000000000000000000000
000000000000000000000000001100000000000000000011000000111000000000000000011100011100000011000000000000000000000000000000000000000000000000000000000000
000000000000000000000000001000000000000000000010000100000000000000000000000000000000000000000000000001000000000000000000000001010000000000000000000000
000000000000000000000000000000000001000000000010000000000000000000000000000001000000000000000110000010100000000000000000000010010000000000000000000000
000000000000001000000000000000000000000110000001001000000000000000000000000001000000000000000110000010100000000000000000100000000000000000000000000000
000000000000001000000000000000000100100000001000010000000000000000000000000001000000000000000000000001000000000000000010111000100000000000000000000000
000000000000001000000000000000001000100000001000000000000000000000000000000000000000000000000000000000000000000000000100010110110000000000000000000000
000000000000000000000000000000000100100000001000000000000000000000000000000000000000000000000000110000000000000000000010111000000000000000000000000000
000000000000000000000000000000000011001110000000000000000000000000000000000000000000000000000001001000000000000000000001011100010000000000000000000000
000000000000000000000000000000000000001110000000001100000000000000000000000000000000000000000000110000000000000000000000011100000000000000000000000000
000000000000000000000000000000000000000000000000001100000000000000000000000000000000000000000000000000000000000000000111010001000000000000000000000000
110000010000000000000000000000000000000000000000000000000000000000000000000000000000000000000000000001000000000000000111001110000000000000000000000000
110000101000000000000000000000000000000000000000000000000000000000000000000000000000000000000000000010100000000000000000000100000000000000000000000000
000000011000000000000000000000000000000000000000000000000000000000011100000001100000000000000000000010100000000000000000001000000000000000000000000100
000000000000000000000000000000000000000000000000000000000000000000000000000010010000000000000000000001000000000000000000011100000000001100000000001010
000000000000000000000000000000000000000000000000000000000000000000000000000001010000000000000000000000000000000000000000100110000000001100000000001001
000000001100000000000000000000000000000000000000000000000000000000000000000000100000000000000000000000000000000000000001100100000000000000000000000110
000000001010000000000000000000000000000000000000000000000000000000000000000000000000000000000000000000000110000000000000111000000000000000000000000000
000000000100000000000000000000000000000000000000000000000011000000000000000000000000000000000000000000000110000000000000010000000000000000000000000000
000000000000000000000000000000000000000000000000000000000011000000000000000000000000000000000000000000000000000000000000000000000000000000000000000000
000000000000000000000000000000000000000000000000000000000000000000000000000000000000000000000000000000000000000000000000000000000000000000000000000000
000000000000000000000000000000000000000000000000000000000000000000000000000000000000000000000000000000000110000000000000000000000000000000000000000000
000000000000000000000000000000000000000001100000000000000000000000000000000000000000000100000000000000000110000000000000000000000000000000000000000000
000000000000000000000000000000000000000001100000000000000000000000000000000000000000001010000000001000000000000000000000000000000000000000000000000000
000000000010000000000000000000000000100000000000000000000000000000000000000000000000000100000000010100000000000000000000000000000000000000000000000000
000000000101000000000000000000000001110000000000000011000000000000000000000000000000000000000000010010000000000000000000000000000000000000000000000000
000000000101000000000000000000000001110000000000000011000000000000000000000000000000000000000000001100000000000000000000000000000000000000000000000000
000000000010000000000000000000000000000000000000000000000000000000000000001100000000000000000000000000000010000000000000000000000000110000000000000000
000000000000000000000000000000000011110000000000000000011000000000000000001010000000000000000000000000000010000000000000000000000001001000000000000000
000000000000000000000000000000000011111000000000000000011000000000000000000110000000000000000000000000000010000000000000000000000001001000000000000000
000000000000000000000000000000000001011000000000000000000000001100000000000000000000000000000000000000000000000000000000000000000000110000000000001100
000000000000000000000000000000000000000000000000000000000000001010000000000000000000000000000000000000000000000000000000010000000000000000000000010010
000000000000000000000000000000000100000000000000000000000000000110110000000000000000000000000000000000000000000000000000101000000000000000000000001100
000000000000000000000000000000000111000000000000000000000000000011100000000000000000000000000000000000000000000000000000101000001100000000000000000000
000000000000000000000000000000000011000000000000000000000000000000000000000000000000000000000000000000000110000000000000010000010100000000000000000000
000000000000000000000000000000000000000000000000000000000000001000000000000000000000000000000000000000000110000000000000000000001000000000000000000000
000000000000001100000000000000000000000000000000000000000000111110000000000000000000001100000000000000000000000000000000000000000000000000000000000000
000000000000010010000000000000011111010000000000000000000000101010000000000000000000001100000000000000000000000000000000000000000000000000000000000000
000010000000001010000000000000100011100000000000000000000001100110000000000000000000000000000000000000000000000000000000000000000000000000000000000000
000111000000000100000000000110111001100000000000000000000001101110000000011000000000000000000000000000000000000000000000000000000000000000000000000000
001111100000000000000000000010100000000000000000000000000000000000000000011000000000000000000000000000000000000000000000000000000000000000000000000000
001101110000000000000000000000011000000000000000000000000000000000000000000000000000000000000000000000000000000000000000000000000000000000000000000000
001111100000011100000000000000001000000000000000000000000000000010000000000000000000000000000000000000000000000000000000000000000000000000000000000000
000101100000010010000000000100010000000000000000000000000000000001000000000001100000110000000000000000000000000000000000000000000001000000000000000000
000001000000000010000000000001000000000000000000000000000000000010000000000001100001001000000000000000000000000000000000000000000001000000000000000000
000000000000011111010000000000000000000000000000000000000000000000000000000000000000110000000000000000000000000000000000000000000001000000000000000000
001001000000011101011000000000000000000000000000000000000000000000000000000000000000000000000000000000000000000000000000000000000000000000001100000000
001100100000000100010000000000000000000000000000000010000000000000000000000000000000000000000000000000000000000000000000000000000000000000001100000111
111101000000000101100000000000000000000000000000000101000000000000000000110000000000000000000000000000000000000000000000000000000000000000000000000001
010010000000000010000000011000000000000000000000000101000000000000101000101000000000000000000000000001100000000000000000000000000000000000000000000000
110000000000000001000000010110000000000000000000000010000000000001001000010000000000000000000000000001100000000000000000000000000000110000000000000001
000000100000000010100000001110000000000000000000000000000000000001001000110000000000000000000000000000000000000000000000000000000000110000000000000000
000001010000000000010000000100000000000000000001100000001100000001010000110000000000000000000000000000000000000000000000000000000000000000000000000000
011001001000000010100000000000000000000000000010010010010010000000000000110000000000000000000000000000000000000000000000000000000000000000000000000000
011001011000000001000000000000000000000000000001111111111100000000110000000000000000000000000000000000000000000000000000000000000000000000000000000000
000011110100111011000000000000000000001110000000011011000000000000011010000000000000000000000000000000000000000000000000000000000000000000000000000000
010011101000000101110000000000000000000000000000001100000000000000001110000000000000000000000000000000000000000000000000000000000000000000000000000000
110000000000110000011000000001000000000000000000000000000000000000000100000000000000000000000000000000000000000000000000000000000000000000000000000000
110000000000000101110100000001000000000000000000000000011000000000000000000000000000000000000000000000000000000000001000000000000000000000000000000000
000000000000000010001100001111000000000000100000001001110000000000000000000000001110000000000000000000000000000000010100000000000000000000000000000000
000000000000000010001100000000000000000001010000000000100000000000000000000000010001000000000000000000000000000000100100000000000000000000000000000000
000000000000000010000001011000000000000000010000000000000000000000000000111000010001000000000000000000000000000000011000000000000000001100000000000000
000000000000000010000001010000000000000010100000000000000000000000000000000001100000110000000000000000000000000000000000000000000000010100000000000000
000000000000000000000001110000000000001010000000000000000000000000000010000100000100001000000000000000000000000000000000000000000000001000000000000000
000101100000000000000000000000000000000000110000000000000000000011110010000100001010001000000000000000000000000000000000000000000000000000000000000000
000100011000000010000000000000000000000000001000000000000000001000010010000100000100001000000000000000000000000000000000000000000000000000000000000000
000000001000000101001100000000100000001000000000000000000000001000000000000001101000110000000000000000000000000000000000000000000000000000000000000000
000100000000001001001100000000100000000100010000000000001110001001100000111000011000000000000000000000000000000000000000000000000000000000000000000000
000110010000000110000000000000100000000011100000000000000000001110000000000000011010000000000000000000000000000000000000000000000000000111000000001100
000010110000000000000000000000000000000000000000000000000001111100000000000001000000000000000000000000000000000000000000000000000000000000000000001100
000001100000000000000000000000000000000000000000000000000001110000000000000011110111000000000000000000000000000000000000000000000000000000000000000000
000000000000000000000000000000111000000000000000000000000000000000000000001100001111000000000000000000000000000000000000000000000000000000000000000000
000000000000000000000000000010001100000000000000000000000000000000000000010001010100000000000000000000000000000000000000000000000000000000000000001100
000000000000000000000000000000000010000000000000000000000000000000000000000001000100000000000000000000000000000000000000000000000000000000000000001100
000000000000000000000000000010010000001100000000000000000000000000000000011111100000000000000000000000000000000000000000000000000000000000000000000000
000000000000000000000000000000000000001100000000000000000000000000000000000001001000000000000000000000000000000000000000000000000000000000000000000000
000000000000000000000000000000000000000000011000000000000000000000000000011011011000100000000000000000000000000000000000000000000000000000000000000000
000000000000000000000000000010110111000000011000000000000000000000000000010111000001010000000000000000000000000000000000000000000000000110000000000000
000000000011000001100000000010001001000010000000000000000000000000000000010111010001010000000000000000000000000000000000000000000000000110000000000000
000000000011000001100000000000111110000010000000000000000000000000000000000100110000100000000000000000000000000000000000000000000000000000000000000000
000000000000000000000000000000000000000010000000000000000000000000000000000101000000000000000000000000000000000000000000000000000000000000000000000000
000000000000000000000000000000000000000000000000000000000000000000000000000111000000000000000000000000000000010000000000000000000000000000000000000000
000000000000000000000000000000000000000000000000000000000000000111000000000000000000000000000000000000000000101000000000000000000000000000000000000000
000000000000000000000000000000000001100000000000000000000000000000000000000000000000000000000000000000000001001000000000000000000000000000001100000000
000000000000000000000000000000000001100000000000000000000000000000000000000000000000000000000000000000000000110000000000011000000000000000010010000000
000000000000000000000000000000000000000000000000000000000000000000000000000000000000000000000000000000000000000000000000011000000000000000010100000000
000000000000000000000000000000000000000000000000000000001000000000000000000000000000000000000000000000000000000000000000000000000000000000001000000000
000000000000000000000000000000000011000000000000000000010100000000000000000000000000000000000000000000000000000000000000000000000000000000000000000000
000000000000000000000000000000000011000000000000000000010100000000000000000000000000000000000000000000000000000000000000000000000000000000000000000000
000000000000000000000000000000000000000000000000000000001000000000000000100000000000000000000000000000000000000000000000000000000000000000000000000000
000000000000000000000000000000000000000000000000000000000000000000000001010000000000000000000000000000000000000000000000000000000000000000000000000000
000000000000000000001100000000000000000000000000000000000000000000000001010000000000000000000000000000000000000000000000000000000000000000000000000000
000000000000000000001100000000000000000000000000000000000000000000000000100000000000000000000000000000000000000000000000000000011000000011000000000000
000000000000000000000000000000000000000000000000000000000000000000000000000000000000000000000000000000000000000000000000000000100100000100100000000000
000000000000000000000000000000000000000000000000000000000000000000000000000000000000000000000000000000000000000000000000000000011000000011000000000000
000000000000000000000000000000000000000000000000000000000000000000000000000000000000000000000000000000000000000000000000000000000000000000000000000000
000000000000000000000000000000000100000000000000000000000000000000000000000000000000000000000000000000000000000000000000000000000000100000000000000000
000000000000000000000000000000001100000000000000000000000000000000000000000000000011000000000000110000000000000000000000000000000001010000000000000000
000000000000000000000000000000001010000000000000000000000000000000000000000001000011000000000000110000000000000000000000000000000001010000000000000000
000000000000000000000000000000000000000000000000000000000000000000000001100110110000000000000000000000000000000000000000000000000000100000000000000000
000000000000000000001100011000000000000000000000000000000000000000000001100111110000000000000000000000000000000000000000000000000000000000000000000000
000000000000000000010010011000000000000000000000000000000000000000000011100010010000000000000000000000000000000000000000000000000000000000000000000000
000000000000000000010100000000000000000000000000100000000000000000000000000001000000000000000000000000000000000000000000000000000000000000000000000000
000000000000000000001000000000000000000000000001010000000000000000000000000001001000000000000000000000000000000000000000000000000000000000010000000000
000000000000000000000000000000000000000000000001010000000000000000000000000000000000000000000000000000000000000000000000000000000000000000101000000000
000000000000000000000000000000000000000000000000100000000000000000000000000000011000000000000000000000000000000000000000000000000000000000101000000000
