000000000000000000000000010000001001011100000000000000000000000000000000000000000000000000000000000000000000000000000000000000000000001000010000000000
000000000000000000000000000000000100100000000000000000000000000000000000000000000000000000000000001000000000000000000000000000000000001000000000000000
000000000000000000000000000000000111100000011000000000000000000000000000000000000000000000000000001000000000000000000000000000000000001000000000000000
000000000000000000000000000000000001000000011000000000000000000000000000000000000000000000000000001000000000000000000011000000010000000000000000000000
000000000000000000000000000000000000000110000000011100000000000000000000000000000000000000000000000000000000000000000100100000010000000000000000000000
000000000000000000000000000000000000000001000000000000000000000000000000000000000000000000000000000000000000000000000010100000010000000000000000000000
000000000110000000000000000000000000000110000001000001000000000001100000000000000000000000000000000000000000000000000001000000000000000000000000000000
000000001001000000000000000000000000000110000001000001000000000001100000000000000000000000000000000000000000000000000000000000000000000000000000000000
000000001001000000000000000000000000001100000001000001000000000000000000000000000000000000000000000000000000000000000000000000000000000000000000000000
000000000110000000000000000000000000011011000000000000000000000000000000000000000000000000000000000000000000000000000000000000000000000000000000000000
000000000000000000000000000000000000100000000000011100000000000000000000000000000000000000000000000000000000000000000000000000000000000000000000000000
000000000000000000000000000000000110101100010000000000000000000000000000000000000000000000000000000000000000000000000000000000100000000000000000000000
000000000000000000000000000000000000110001010000000000000000000000000000000000000000000000000000000000000000000000000000000000100000000000000000000000
000000000000000000000000000000000000000000000000000000000000000000000000000000000000000000000001000000000000000000000000000000100000000000000000000000
000000000000000000000000000000000000000000000000000000000000000000000000000000000000000000000010100000000000000001100000000000000000000000000000000000
000000000110000000000000000000000000000000000000000000000000000000000000000000000000000000000010100000000000000001100000000000000000000000000000000000
000000000110000000000000000000000000000000000000000000000000000000000000000000000000000000000001000000000000000000000000000000000000000000000000000000
000000000000000000000000000000000000000000000000000000000000000000000000000000000000000000000000000000000000000000000000000000000000000000000000000000
000000000000000000000000000000000000000000000000000000000000000000000000000000000000000000110000000000000000000000000000000000000000000000000000000000
000000000000000000000000000000000000000000000000000000000000000000001000000000000000000001001000000000000000000000000000000111000000000000000000000000
000000000010000000000000000000000000000000000000000000000000000000010100000000000000000000110000000000000000000110000000000000000000000000000000000000
000000000101000011000000000000000000000000000000000000000000000000001000000000000000000000000000000000000000000110000000000000000000000000000000000000
000000000101000011000000000000001000000000000000000000000000000000000000000000000000000000000001000000000000000000000000000000000000000000000000000000
000000000010000000000000000000001000000000000000000000000000000000000000000001000000000000000010100000000000000000000000000000000001100000000000000000
000000000000000000000000000000001000000000000000000000000000000000000000000010100000000000000010100000000000000000000000000000000001100000000000000000
000000000000000000000000000000000000000000000000000000000000000000000000000010010000000000000001000000000000000011100000000000000000000100000000000000
000000000000000000000000000000000000000000000000000000000000000000000000000001100000000000000000000000000000000000000000000000000000000100000000000000
000000000000000000000000000000000000000000000000000000000000000000000000000000000000000000000000000000000000000000000000000000000000000100000000000000
000000000000000000000000000000000000000000000000000000000000000011000000000000000000000000000000000000000000000000000000000000000001100000000000000000
000000000000000000000000000000000000000000000000000000000000000011000000000000000000000000000000000000000000000000000000000000000010010000000000000000
000000000000000000000000000000000000000000000000000000000000000000000000000000000000000000000000000000000000000000000000001000000001010000000000000000
000000110000000000000000000000000000000000000000000100000000000000000000000000000000000000000000000000000000000000000011110100000000100000000000000000
000000110000000000000000000000000111000000000000000100000000000000000000000000000000000000000000000000000000000001010000000000000000000000000000000000
000000000000000000000000000000000000000000000000000100000000000000000000000000000000000011000000000000000000000001010000101000000000000000000000000000
000000000000000000000000000000000000000000000000000000011000000000000000000000000000000011000000000000000000000000100010100000000001100000000000000011
000000000000000000000000000000000000000000000000000000100100000000000000000000000000000000000000000000000000000000000001010000000000100000000000000011
000000000000000000000000000000000000011000000000000000011000000000000000000000000000000000000000000000000000000000010010010000000100000000000000000000
000000000000000000000000000000000000011000000000000000000000000000000000000000000000000000000000000000000000000000101010110000000110000000000000000000
000000000000000000000000000000000000000000000000000000000000000000000000000000001000000000000000000000000000000001000010001000000000000000000000000000
000000000110000000000000000000000000000000000000000000000000000000000000000000010010000000000000000000000000000001000010011100000000000000000000000000
000000001001000000000000000000000000000000000000000000000000000000000000000000010010000000000000000000000000000001110110101000000000000000000000000000
000000000001100000000000000000000000000000000000000000000000000000000000000000000100000000000000000000000000000000000000110000000000000000000000000000
000000000010000000000000000000000000000000000000000110000000000000000000000000000000000000000000000000000000000000000000100000000000000000000000000000
000000000011000000000000000000000000000000000000001001000000000000000000000000000000000010000000000000000000000000000000000000000000000000000000000000
000000011111000000000000000000000000000000000000001010000000000000000000000000000000000101000000000000000000000000000000000000000000000000000000000000
000000100000100000000001100000000000000000000000000100000000000000000000000000000000000011000000000000000000000000000000000000000000000000000000000000
000000000011000000000010010000000000000000000000000000000000000000000000000000000000000000000000000001000000000000000000000000000000000111100000000000
000000001111000000000001100000000000000001100000000000000000000000000000000001000000000000000110000010100000000000000000000000000000001000010000111000
000000000000000000000000000000000000000001100000000000000000000000000000000001000000000000000110000010100000000000000000000000000000000000010001011000
000000000001100000000000000000000000000000000000000000000000000000000000000001000000000000000000000001000000000000000000000000000001100001000000010000
000000000000110000000000000000000000000000000000000000000000000000000000000000000000000000000000000000000000000000000000000000000001000100000011100000
000011000111110100000000000000000000000000000000000000000000000000000000000000000000000000000000110000000000000000000000000000000001001001000001000000
010001001111111110000000000000000000000000000000000000000000000001100000000000000000000000000001001000000000000000000000000000000001001111000000000000
000000001000010011000000000000000000000000000000000000000000000001100110000000000000000000000000110000000000000000000000000000000000000000000000000000
010100000000110100000000000000000000000000000000000000000000011000000110000000000000000000000000000000000000000000000110000000000001101101000011000000
001000000000011000000000000000000000000000000000000000000000011000000000000000000000000000000000000001000000000000001001101100001110100010000001011000
000000000000000000000000000000000000000000000000000000000000000000000000000000000000000000000000000010100000000000011011010100001100110110000101011000
000000000000000100000000011000000000000000000000000000000000000000000000000001100000000000000000000010100000000000011011011000000000011100000101011000
000000000000000100000000101100000000000000000000000000000000000000000000000010010000000000000000000001000000000000011111000000000000001000000101000000
000000000000001010000000101000000000000000000000000000000000000000000000000001010000000000000000000000000000000000000100000010100000000000000011100000
000000000011101000000000010000000000000000000000000000000000000000000000000000100000000000000000000000000000000000000000000010100000000000000000000000
100000000100011000000000000000000000000000000000000000000000011000000000000000000000000000000000000000000110000000000000000011000000000000000000000001
010000000000000100000000000000000000000000001100000000000000011000000000000000000000000000000000000000000110000110000100000000000000000000000000000010
000000011001001000000000000000000001010000001100000000000000000000000000000000000000000000000000000000000000000110001010000000000000000000000000000010
000000111001011000000000000000000001111000000000000000000000000000000001100000000000000000000000000000000000000000000100000000000000000000000000000010
001000100000000000000000000000000000000100000000000000000000000000000010010000000000000000000000000000000000000000000000011000000000000000000000000001
110001101000000000000000000000100000000000000000000000000000000000000001100000000000000100000000000000000000000000000000011000000000000000000000000000
000000000000000000000000000001010000100000000000000000000000000000000000000000000000001010000000001000000000000000000000000000000000000000000000000000
000000000000000000000000000010001000100100000000000000010000110000000000000000000000000100000000010100000000000100000000000000000000000000000000000000
000000000000000000000000000001010000111000000000000000010001001000000000000000000000000000000000010010000000001100000000000000000100000000000000000000
000000000000000000000000000000100000000000000000000000010000110000000000011100000000000000000000001100000000001010000000000000000100000000000000000000
000000000000000000000000000000000000100000000000000000000000000000000000110100000000000000000000000000000011000000000000000000000100000000000000000000
000000000000000000000000000000000001001000000000000000000000000000000000001110000000000000000000000000000100100000000000000000000000000000000000000000
000000000000000000000000000000000000001000000000000000000000000000000000000000000000000000000000000000000011000000000000000001000000000000111100000000
000000000000000000000000000000000000111100001100000000000000000000000000000100000000000000000000000000000000000000000000000001000000000000000010000000
000000000000000000000000000111000000000110000010000000000000000000000011000010000000000000000000000000000000000000000000000001000000000000100101100000
000000000000000000000000000000000000000010011100000000000000000000000011000010000000000000000000000000000000000000000000000000000000000001000000000000
000000000000000000000000000000001000000110000000100000000000000000000010000000000000000000000000000000000000000000000110000000000000000001000000010000
000000000000000000000000000000010110111000000000100000000000000000000010100000000000000000000000000000000000000000000101000000000000000001000000100000
000000000000000000000000000000110110010111000000100000000000000000000010100000000000000000000000000000000000000000000001000000000000000001000100000000
000000000000000000000000000001100110010000000000000000010000001110000000110110110000000000000000000000000000000000000101000000000000000001000100000000
000000000000000000000000000001101100000000000000000110101000010010000000011110111000000000000000000000000000000000000110000000000000000001000000000000
000000000000000000000000000001101100000000000000001010101000000010000000100010110000000000000000000000000000000000000000000000000000000000001100000000
001100000000011000000000000000010000010000000000000001010000000100000010111110000000000000000000000000000000000000000000000000000000000000011100000000
010011000000011000000000000000000000110000000000000000000000100100000010000010000000000000000000000000000000000000000000000000000000000000000000000000
010000000111111000000000000000000001001000000000001010000000101000000010110010000000000000000000000000000000000000000000000000000011000100000000000000
011101000010000000000000000011000011000000000000000000000000000000000010000100000000000000000000000000000000000000000000000000000001001011000000000000
010000100100000000000000000100100011001101110000000000000000000001100011000000000000000000000000000000000000000000000000000000000000001000100000000000
110100100000000000000000000010100000000001100000000000000000000010010001011100000001100000000000000000000000000000000000000000000000000000110000000000
001100100000000011000000000001000000000000000000000000000000000010010000000100000001100000000000000000000000000000000000000000000011000111000000000000
000001000000000100100000000000000000000010000000000000000000000001110000011000000000000000000000000000000000000000000000000000000011000000011000000000
000000000000000011000000000000000000000000100101110000000000000001100000000000000000000000000000000000000000000000000000000000000000000000111000000000
000000000000000000000110000000000000000011100110110000000000000000000000000000000000000000000000000000000000000000000000000000000000000011010000100000
000000000010000000000110011100011100000010100010000000000000000000000000000000000000000000000000000001100000000000000000000000000000000011000000010000
000000000010000000000000000000000000000000011000000010000000000000000000000101000000000000000000000001100000000000000000000000000000110000000000000000
000000000010000000000000000001000000000000001000000101000000000000000000000101000000000000000000000000000000000000000000000000000000110000100101100000
000000000000000000000000000001000000000000000000000101000000000000000000000010000000000000000000000000000000000000000000000000000000000000000010000000
000000000000000000000000000001000000000000000000000010000000000000000000000000000000000000000000000000000000000000000000000000000000000000111100000000
000000000000000000000000000000000000000000000000000000000000000000000001000000010000000000000000000000000000000000000000000000000000000000000000000000
000000000000000000000000000000000000001100000000000000000000000000000111110000010100000000000000000000000000000000000000000000000000000000000000000000
000000000010000000000000000000000000001100000000000000000000000000000110111000000100000000000000000000000000000000000000000000000000000000000000000000
000000000101000000000000000000000000000000000000000000000000000000000111110000010100000000000000000000000000000000000000000000000000000000000000000000
000000000100100000000110000000000000000000000000000000000000000000000001000000101000000000000000000000000000000000001000000000000000000000000000000000
000000000011000000000110000110000000000000000000000000000000000000000000000001101100000000000000000000000000000000010100000000000000000000000000000000
000000000000000000000000000110000000000000000000000000000000000000000000000001101000000000000000000000000000000000100100000000000000000000000000000000
000000000000000000000000000000000000000000000000000000000000000000000000000000110000000000000000000000000000000000011000000000000000001100000000000000
000000000000000000000000000000000000000000000000000000000000000000000000000000000000000000000000000000000000000000000000000000000000010100000000000000
000000000000000000000000000000000000000000000000000000000000000000000000000000000000000000000000000000000000000000000000000000000000001000000000000000
000000000000000000000000000000000000000000000000000000000000000000000000000000000000000000000000000000000000000000000000000000000000000000000000000000
000000000100000000000000000000000000000000000000000000000000000000000000000000000000000000000000000000000000000000000000000000000000000000000000000000
000000001010000000000000000000000000000000000000000000000000000000000000000000000000000000000000000000000000000000000000000000000000000000000000000000
000000001010000000000000000000000000001100000000000000000000000000000000000000000000000000011000000000000000000000000000000000000000000000000000000000
000000000100000000000000001100000000001100000000000000000000000001100000000100000000000000100100000000000000000000000000000000000000000111000000000000
000000000000000000000000001100000000000000000000000000000000000000000000001100110000000000011000000000000000000000000000000000000000000000000000000000
000000000000000000000000000000000000000000000000000000000000000100010000011100000100000000000000000000000000000000000000000000000000000000000000000000
000000000000000000000000000000000000000000000000000000000111001000000000000001001000000000000000000000000000000000000000000000000000000000000000000000
000000000001000000000000000000000011100000000000000000000110000100100000000010110000000000000000000000000000000000000000000000000000000000000000001100
000000000001000000000000000000000000000000000000000000000001000011000000000001000000000000000000000000000000000000000000000000000000000000000000001100
000000000001000000000000000000000000001000000000000000000000000000000000000000000000000000000000000000000000000000000000000000000000000000000000000000
000000000000000000000000000000011000001000000000000000000011000000000000000000000000000000000000000000000000000000000000000000000000000000000000000000
000000000000000110000000000000011000001000000000000000000100000000000000000000000000000000000000000000000000000000000000000000000000000000000000000000
000000000000001001000000000000000000000000000000000000000100100000000000000000000000000000000000000000000000000000000000000000000000000110000000000000
000000000000000110000000000000000011100000110000000000000110010000000000000000000000000000000000000000000000000000000000000000000000000110000000000000
000000000000000000000001100110000000000000110000000000000001110000000000000000000000000000000000000000000000000000000000000000000000000000000000000000
000000000000000000000001100110011000000000000000000000000001110000100000000000000000000000000000000000000000000000000000000000000000000000000000000000
000000000011000000000000000000011000001100000000000000000000000000100000000000000000000000000000000000000000010000000000000000000000000000000000000000
000000000101000000000000000000000000010010000000000000000000000000100000000000000000000000000000000000000000101000000000000000000000000000000000000000
000110000010000000000000000000000000001100000000000000000000000000000011000000000000000000000000000000000001001000000000000000000000000000001100000000
000110000000000000000000000000000000000000000000000000000000001110000100100000000000000000000000000000000000110000000000011000000000000000010010000000
000000000000000000000000000000000000000000000000000000000000000000000011000000000000000000000000000000000000000000000000011000000000000000010100000000
000000000000000000000000000000000000000000000000000000000000000000000000000000000000000000000000000000000000000000000000000000000000000000001000000000
000000000000000000000000000000000000000000000000000000000000000000000000000000000000000000000000000000000000000000000000000000000000000000000000000000
000000000000000000000000001100000000000000000000000000000000000000000000000000000000000000000000000000000000000000000000000000000000000000000000000000
000000000000000000000000001100000000000000000000000000000000001000000000000000000000000000000000000000000000000000000000000000000000000000000000000000
000000000000000000000111000000000000000000000000000000000000010100000000000000000000000000000000000000000000000000000000000000000000000000000000000000
000000000000000000000000000000000000000000000000000000000000010100000000000000000000000000000000000000000000000000000000000000000000000000000000000000
000000000000000000010000010000000000000000000000000000000000001000000000000000000000000000000000000000000000000000000000000000011000000011000000000000
000000000000000000010000010000000000000000000000000000000000000000000000000000000000000000000000000000000000000000000000000000100100000100100000000000
000000000000000000010000010000000000000000000000000000000000000000000000000000000000000000000000000000000000000000000000000000011000000011000000000000
000000000000000000000000000000000000000000000000000000000000000000000000000000000000000000000000000000000000000000000000000000000000000000000000000000
000000000000000000000000000000000000000000000000000000000000000000000000000000000000000000000000000000000000000000000000000000000000100000000000000000
000000000000000000000000000000000000000000000000000000000000000000000000000000000000000000000000110000000000000000000000000000000001010000000000000000
000000000000011100000000000000000000000000011000000000000000000000000000000000000000000000000000110000000000000000000000000000000001010000000000000000
000000000000000000000000000000000000000000100100000000000000000000000000000000000000000000000000000000000000000000000000000000000000100000000000000000
000000000001000001000000000000000000000000011000000000000000000000000000000000000000000000000000000000000000000000000000000000000000000000000000000000
000000000010100010100000000000000000000000000000000000000000000000000000000000000000000000000000000000000000000000000000000000000000000000000000000000
000000000010100010100000000000000000000000000000000000000000000000000000000000001100000000000000000000000000000000000000000000000000000000000000000000
000000000001000001000000000000000000000100000000000000000000000000000000000000001100000000000000000000000000000000000000000000000000000000010000000000
000000000000000000000000010000000011011010000000000000000000000000000000000000000000000000000000000000000000000000000000000000000000000000101000000000
000000000000000000000000010000000101111010000000000000000000000000000000000000000000000000000000000000000000000000000000000000000000000000101000000000
