10000000000001111110000000000000111000000000000001
00000000000000000110000000000000000000000000000000
00000000000111000000000000000000000000000000000000
00000000000000000000000000000000000000000000000000
00000000000000000000000000000000000000000000000000
00000000000000000000011000000000000000000000000000
00000110000000000000101000000000000100000000000000
00001001000000000000010000000000000100000000000111
00000110000000000000000000000000000100000000000000
01100000001100110000000000000000000000100000000000
10010000001100110000000101110000000000100000000000
10010000000000000000001011110001100000100000000000
00110000000000000000001100000010010000000000110000
00000000000000000000000000000001100000000000111100
00000000000000000000000000000000000000000000010001
01000000000000000000000000000111000000000000001001
01110000000000000100100000001000100000000000001001
00000000000000001000000000001000000000000000000110
10000000000000100000000000000100100000000000000001
11100000000000100001000000000010000000000000000000
00100000000001000001000000000010001000000000000010
00010000000100001001000000000111000111110000000011
00010000000010000001000000110010000111111100000100
01100000000000000000000000100100101000010100010010
00000000000000000000100000110000000000011110001000
00000000000000000000100000000000000000000100000000
00000000000000000000100000001000000000011000000000
00011000001100000000000000001110000000000000000001
00011000011100000000001000000000000000000011000110
00000000100010000000011101000000000000000000000001
01110100011100000000000001000010011000000000000000
00110110011000000000000000000100011000000000000000
00001100000001000000000000000000000000000000000000
00000000000011110000000000000000000000000011000000
00010010000100111110000000001100000000000001000100
10110110000101111001000000100100000000000011000101
01000110000010000000110000000010000000000011100101
11100000000001000110110000111100000000000001010000
10010000000000000001101111000000000000000001010000
00110000011101110001101101101100000000000000110000
00110000010001000000110010010001000001000000000100
00000000110100010000000001001001000001100000111010
00000000110101100000000000100100000001001001100000
00000110000100110000000000110100101100001000101110
00010000011100000000000001000001101010110000011000
00000000101110011100000000000001000010000000000000
11000000000010011111000000000011000011000000000000
11010111000010001101100000011000000100000000000011
10000011000000000000000011011001001100000000000110
10000000000000111010000000100000100100000000000010
