000000001010000000000000000000000110000000000000000000000000000000000000000000000000000000000000000000000000010010000000000000000000000000000000000000
000000000100000000000000000000000000000000000000000000000000000000000000110000000000000000000000000000000000001011000000000000000000000000000000000000
000000000000000000000000000000000000000000000000000000000000000000000000110000000110000000000000011100000000000000100000000000000011000000000000000000
100000000000000000000000000000000000000000000000000000000000000000000000000000001000000000000000000000000000000011011000000000000001100000000100000001
010000000000000000000000000000000000000000000001000000000000000000000000000000000001000000000000000000000000000000000000000000000100100000000011000010
100000000000000000000000000000000000000000000001000000100000000000000000000000000110000000000000000000000000000000000000000000000000101100000011000010
000000000000000000000000000000000000000000000001000000100000000001100000000000000000000000000000000000000001100000000000000000011001001100000011000001
000000000000000000000000000000000000110000000000000000100000000001100000110000000000000000000000000000000001100000000000000000011000000001101110000000
000000000000000000000000000000000000110000000000000000000000000000000000110000000000000000000000000000000000000000000000000000000000000110111100000000
000000000000000000000000000000000000000000000000000000000000000000000000000000000000000000000000000000000000000000000000000000000011000010001000000000
000000000000000000000000011000000000000000000000000000000000000000000000000000000000000000000000000000000000000000000000000000000000011111000000000000
000000000000000000000000010100000000000000000000000000000000000000000000000000000000000000000000000000000000000000000000000000000011001000000000000000
001110000000000000000000001000000000000000000000000000000000000000000000110000000000000000000000110000000000000000000000000000000001001000000000000000
110110000000000000000000000000000000000000000000000000000000000000000000110000000000000000000000110000000000000000000000000000000001110000000000000000
111000000000000000000000000000000000000000000000000000000000000000000000000000000000000000000000000000000000000000000000000000000000000000000000000000
000000000000000000000000000000000000000000000000000000000000000000000000000000110000000000000000000000000000000000000000000000000000000000000000000000
000000000000000000000000000000000000000000000000000000000000000000000000000000010110000000000000000000000000000000000000000000000000000000000000000000
000000000000000000000000000000000000000000000000000000000000000000000001000010000111110000000000000000000000000000000000000000000000000000000000000000
000000000000000000000000000000000000000000000000000000000011000000000010100010000000001000000000000000000000000000000000000000000000000000000000100000
000000000000000000000000000000000000000000000000000000000011000000000001000010000011101110000000000000000000000000000000000000000000000101100001110000
000000000000000000000000000000000000000000000000000000000000000000000000000000000010110111000000000000000000000000000000000000000000001101000010101000
000000000000000000000000000000000000000000000000000000000000000000000000000000000001100000100000000000000000000000000000000000001000110001000010001000
000000000000000000000000000000000000000000001100000000000000000000000000000000000001111100110000000000000000000000000000000000011110110110001100000110
000000000000000000000000000000000000000000001100000000000000000000000000000001111110101110100000000000000000000000000000000000100101010110010000100001
100000000000000000000000000000000000000000000000000000000000000000000000000001101000000001000011000000000000000000000000000000000011011000111001010011
000000000000000000000000000000000000000000000000000000000000000000000000000000111000011110000011000000000000000000000000000000000010110000010000100001
000000000000000000000000000000000000000000000000000000000000000000000000000000000000011000000000000001100000000000000000000000000000000000001100000110
000000000000000000000000000000000000000000000000000000000000000000000000000000000000000000000000000010010000000000110000000011010000000000000010001000
000000000000000000000000000000000000000000000000000000000000000000000000000000000000000000000000000001100000000000110000000011011000000000000010101000
000000000000000000000000000000000000000000011000000000000000000000000000000000000000000000000000000000000000000000000000000101011000000000000001110000
000000000000000000000000000000011000000000011000000000000000000000000000000000000000000000100000000000000000000000000000000100110000000000000000100000
000000000000000000000000000000011000000000000000000000000000000000000000000000000000000000100000000000000000000000000000000011100000000000000000000000
000000000000000000000000000000000000000000000000000000000000000000000000000000000000000000000000000000000000000000000000000001000000000000000000000000
000000000000000000000000000000000000000000000000000000000000000000000000010000000000000000000000000000000000000000000000000000000000000000000000000000
000000000000000000000000000000000000000000000000000000000000000000000000101000000000000000000000000000000000000000000000000000000000000000000000000000
000000000000000000000000000000000000000000000000000000000000000000000000100100000000000000000000000000000000000000000000000000000000000000000000000000
000000000000000000000000000000000000000000000011000000000000000000000000011000000000000010000000000000000000000001100000000000000000000000000000000110
000000000000000000000000000000000000000000000100100000000000000010000000000000000000000101000000000111000001100001110000000000000000000100000000001001
000000000000000000000000000000000000000000000011000000000000000010000000000000000000000101000000000000000001011000011000000000000000001010000000000110
000000001100000000000000000000000000000000000000000000000000000010000000000000000000000010000000000000000000010000000000000000000000001010000000000000
000000001100000000000000000000000000000000000000001100000000000000000000000000000110000000000000000000100000110000000000000000000000000100000000000000
000000000000000000000000000000000000000000000000010010000000111000111000000000000110000000000000000001010000110110000000000000000000000000000000000000
000000000000011100000000000000000000000000000000001100000000000000000000000000000000000000001100000001001000001110000000000000000011000000011000000000
000000000000011011000000000000000000000000000000000000000000000010000000000000000000000000010010000000110000000000000000000000000100100000100100000000
000011100000011011001100000000000000000000000000000000000000000010000000000000000000000000010000000000000000000000000000000000000011000000011000000000
000000100000000000001110000000000000000000000000000000000000000010000000000000000000000000010010000000000000000000000000000000000000000000000000000000
000001011000000000000000000000000000000110000000000000000000000000000000000000000000000000010011000000000000000000000000000000000000000100000000000000
000001111000000000001101000000000000000110000000000000000000000000000000000000000000000000111101000000000000000000000000000000000000001010000000000000
000010000110000000010101000000000000000000000000000000000000000000000010000000000000000000100001000000000000000000000000000000000000001010000000000000
000111000010000000101100000000000000110000000000000000000000000000000101000000001000000000011001001100000000000000000000000000000000000100000000000000
000100010010000000100000111000000001001000000000000000000000000000000110000000001000000000001100010010000000000000000000000000000000000000000000000000
000100111100000000011100000000000000110000000000000000000000000000000000000000001000000000000000001100000000111000110000000000000000000000000000000000
000100100000000000000000100000000000000010000000000000000000000000000000000000000000000000000000000000000000000000000000000000000000000000000000000000
000010100000000000000010000100000000000010000000001100000000000000000000000011100011100000000000000000000000000000000000000000000000000000000000000000
000000000000000000000100000100000000000010000000001100000000000000000000000000000000000000000000000000000000000000000000000000000000000000000000000000
000000000000000000001000001000000000000000000000000000000000000000000000000000001000000000000000000000000010000000000000000000000000000000000000000000
000110000000000000000100010000000000110000000000000000000000000000000000000000001000000000000000000000000111000000000000000011100001100000000000000000
001001000000000000000011000000000000110000000000000000000000000000000000000000001000000000000000000000001111000000000000000010100001100000000000000000
000110000000000000000000000000000000000000000000000000000000000000000000000000000000000000000000000000011000000100000000000100100000000000000000000000
000000000000000000000000000000010000000000000000000000000000000000000000000000000000000000000000000000111000000010000000000111111000000000000000000000
000000000111000000000000000000101000000000000000000000000000000000000000000000000111000000000000000000011000000110000000000000100100000001100110000000
000000000000000000000000000000100100000000000000000000000000000000000000000000000101000000000000000000001111000000000000000000111000000000110111000000
000000000000000000000000110000011000000000000000000000000000000000000000000000000101000000000000000000000111000000000000000000011000000000000011110000
000000000000000000000001001000000000000000000000000000100000000000000000000000000000111000000000000000000010000000000000000000000000000000000011010000
000000000000000000000001001000000000000000000001110001010000000000000001000000000000001000000000000000000000000001000000000000000000000000000001100000
000000010000000000000000110000000000000000000000000000000000000000000010100000000000111000000000000000000000000001100000000000000000000000000000000000
000110101000000000000000000000000000000000000000000000110000000000000010100000000000000000000000000000000000000010100000000000000000000000000000000000
000110100100000000000000000000000000000000000000000000111000000000000001000000000000000000000000000000000000000000000000000000000000000000000000000000
000010001000000000000000000000000000000000000000000000000111000000000000000000000000000000000000000000000000000000000000000000000000000000000000000000
010001001000000000000000000000000000000000000000000000100011000000000000000000000000000000000000000000000000000000000000000000000000000000000000000001
001001010000000000000000000000000000000000000000000000000000100000000001100000000000000000000000000000000000000000000000000000000000000000000000000000
100100110000000000000000000000000000000000000000000000000011000000000001100000000000000000000000000000000000000000000000000000000000000000000000000001
111000000000000000000000000000000000000000000000001110011010000000000000000000000000000000000000100000000000000000000000000000000000000000000000000000
010001100000000000000000000000000000000000000000001101011000000000000000000000000000000000000001100000000000000000000000000000000000000000000000000000
000000000000000000000000000000000000110000000000001101011000000000000000000000000000000000000001000010000000000000000000000000000000000000000000000000
000000000000000000000000000000000000110000000000000000011000000000000000110000000000000000000000010101100000000000000000000000000000001000100000000000
000000000000000000000000000000000000000000000000000000010000000001101100110000000000000000000000010001000000000000000000000000000000010100111000000000
000000000000000000000000000000000000000000000000000001010000000000001100000000000000000000010000000110000000000000000000000000000000111100100101100000
000000000000000000000000000000000000000000000000000000100000000001100010000000000000000000101000010000000000000000000000000000000000000000000001100000
000000000000000000000000000000000000000000000000000000000000000000000000000000000000000001101100000000000000000000000000110001000010100100011100000000
000000000100000000000000000000000000000000000000000000000000000000000000000000000000000011010001011000000000000000000000110010000010011011100101011000
001100000100000000000000000000000000000000000000000000000000000000000000000000000000000001100000100000000000000000000000000110000010010110100011011000
001100000100000000000000000000000000000000000000000000000000000000000000000000000000000000000000000000000000000000000000000110001000000000000011100000
000000000000000000000000000000000000000000000000000000000000000000000000000000000000000000000000000000000000000000000000000010110000000000000000000000
000000000000000000000000000000000000000000000000000000000000000000000000000000000000000000000000000000000000000000000011000000011000000000000000000000
000000110000000000000000000000000000000000000000000000000000000000000001000000000000000000000000000000000000000000000100100000011000000000000000000000
000000110000000000000000000000000000000000000000000000000000000000000010100000000000000000000000000000000000000000000011000110111000000000000000000000
000000000011010111000100000000000000000000000000000000000000000000000100010000000000000000000000000000000000000000000000011101010000000000000000000000
000000000001110010111100000000000000000000000000000000000000000010000010100000000000000000000000000000000000000000000000000000100000000000000011000000
000000000000000000101000000000000000000000000000000000000000000111000001000000000000000000000000000000000000000000000000000000000000000000000011000000
000000000000000111111000000000000000000000000000000000000000001101100000000000000000000000000000000000000000000000000000011001000000000000000110000000
000000000000000110010000000000000000000011000000000000000000000111000000000000000000001000000000000000000000000000000000000110000000000000010010000000
000110000000000001100000000001100000000011000000000000000000000010000000000000000000000110000000000000000000000000000000000000000000000000000010000000
001001000000000000000000000001100000000000000000000000000000000000000000000000000000001000000100000000000000000000000000000000000000000000010000000000
000110000000000000000000000000000000000000000000000000000000000000000000000000000000101000000100000000000000000000000000000000000000000000000111000000
000000000011100000000000000000000000000000000000000000000000000000000000110111000000110000000101000000000000000000000000000000000000000000000011100000
000000000100000000000000000000000000000000000000000000000000000000000000100000100000010000000011100000000000000000000000000000000000000000000010100000
000000000100000000000000000000000000000000000000000000000000000000000000100000010000000000000110110000000000000000000000000000000000000000000100100000
000000001001100000000000000000000000000000000000000000000000000000000000000001100000000000000001110000000000000000000000000000000000000000000000000000
000000011100000010000000000011100000000000000000000000000000000000000000101100000000000000000000000011100000000000000000000000000000000000000111000000
000000001011101110000000000000000000000000000000000000000000000000000000101000000000000001110000000011011000000000000000000000000000000000000000000000
001011000111110100000000000000000000000000000011000000000000011100000000111000000000000000110000000001011000000000000000000000000000000000000000000000
001011000011111000000000000000000000000000000011000000000000000000000000000000000000000000010000000000110000000000001000000000000001100000110000000000
000100100000000000000000000000000000000000000000000000000001000001000000000000000000000000010000000000000000000000010100000000000000000001001000000000
000001100000000000000000000000000000110000000000000000000001000001000000000000000000000010100000000000000000000000100100000000000000000000110000000000
000001100000000000000000000000000000110000000000000000000001000001000000000000000000000000000011000000000000000000011000000000000000000000000000000000
000000000000000000000000000011000000000000000000000000000000000000000000000000000000001011011100100000000000000000000000000000000000000000000000000000
000000000000000000000000000100100000000000000000000000000000011100000000111000000000001000111011100000000000000000000000000000000000000011100000000000
000000000000000000000000000101000000000000000000000000000000000000000000100100000000000010000011000000000000000000000000000000000000000101100000000000
000000110000000000000000000010000000000000000000000000000000000001100000100010000000000000100000000000000000000000000000000000000000001000000000000000
000001011000000000000000000000000000000000000000000000000000000010010000000010000000000011100000000000000000000000000000000000000000000101100000000000
000000000100000000000000000000000000000000000000000000000000000001100000100010000000000011000000111000000000000000000000000000000000000011100000000000
000001111000000000000000000000000001000000000000010000000000000000000000100100000000000111000000000000000000000000000000000000000000000000000000000000
000001101000100000000000100000000010100011000000010000000000000000000000111000000000000001000000000100000000000000000000000000000000000000000000000100
000110101000010000000001000000000010100011000000010000000000000000000000000000000010000000000001000100000000000000000000000000000000000000000000001100
001000101000001010000001000100000001000000000000000000000000000000000000000000000101000000000110100100000000000000000000000000000000000000000100010001
101000110000000001000001000000000000000000000000000000000000000000000000000000000110000000000000001100000000000000000000000000000000000000000100010001
000100000110011110000000011100000000000000000000000000000000000000000000000000000000000000000101111000000000000000000000000000000000000000000100000101
000011010000000100000000000000000000000000000000000000000000000000000000000000000000000000000010000000000000000000000000000000000000000000000101001110
000000110110000001100000000000000011100000000000000000000000000000000000000000000000000000000000000000000000000000000000000000000000000000001101000000
000000000000000010010000000000000100100000000000000000000000000000000000000000011000000000000000000000000000000000000000000000000000000000000100110010
000000000000000110001000000000000100010000000000000000000000000000000000000000100100000011000000000000000000000000000000000000000000000000000000001110
000000000000011001101000000000001101110000000000000000000000000000000000000000011000000011000000000000000000000000000000000000000000000000000000000000
000000000000001000000000000000001000000000000000000000000000000000000000000000000000000000000010000000000000000000000000000000000000000000001000000000
000000000000001001000000000000000111110000000000000000000000000000000000000000000000000000000101000000000000000000000000000000000000000000011101000000
000000000000000110000000000000000011110000000000000000000000100000000000000000000000000000000101000000000000000000000000000000000000000000100000011100
000000000000000010000000000000000000000000000000000000000000100000000000000000000000000000000010000000000000000000000000000000000000000000011000100100
000000000000000000000001110000000000000000000000000000000000100000000000000000000100000000000000000000000000000000000000000000000000000100001110111000
000000000000000000111000000111000000000000000000000000000000000000000000000000000100000000000000000000000000011000000000000000000000001110000000010000
000000000000000000111000001001100000000000100000000000000000000000000000000000000100000000000000000000000000011000000000000000000000011011000000000000
000000000000000010000100000000010000000001010011100000000000000000000000000000000000000000000000000000000000000000000000000000000000111010000000000000
000000000000000111111000000000110000000010010000000000000000000000000000000000000000000000000000000000000000000000000000000000000000110100000000000000
000000000000000000011000000000000000100001100000001000001100000000000000000000000000000000000000000000000000000000000000000000000000110010000000000000
000000000000000010100000000000000001010001000000001000010010000000000000000000000000000000000000110000000000000000000000000000000000010110000000000000
000000000000000000000000011100000001100000000000001000001100000000000000000000000000000000000000110000000000000000000000000000000000001000000000000000
000000000000001100000000000000000000100110000000000000000000000000000000000000000000000000000000000000000000000000000000000000000000000000000000000000
000000000000000000000000000000000000011100000000000010000000000000000000000000000000000000000110000000000000000000000000000000000000000000000000000000
000000000000000000000000110001000000001000000000000101000000000000000000000000000000000000001001000000000000000000000000000000111000000000000000000000
000000000000000000000000110010100000000000001100000101000000000000000000000000000000000000000101000000000000000000000000000001000100000000000000000000
000110000000000000000000000010010000000000001100000010000000000000000000000000110000111000000010000000000000000000000000000001001100000010100000000000
000110110000000000000000000001100000000000000000000000000000000000000000000000110000000000000000000000000000000000000000000000000000000100001100000000
000100010000000000000000000000000000000000000000000000000000000000000000000000000000000000000000000000000000000000000000000100000000000100001011000000
000000001000000000000001000000000000000000000000001100000000000000000000000000000111000000000000000000000000000000000000000100011000000000101010100000
000001110000000000000011100000000000000000000000001100000000000000000000000110000000000000000000000000000000000000000000000000001000000001001000010000
000000110111000000000100000000000000000000000000000000000000000000000001000110000000000000000000000000000000000000000000000010000001001001110011100000
000101000000010000000011100100000000000000000000000000000000000000000010100000000000000000000000000000000000000000000000000001011000000101010000000000
000111000100011000000000000010000000000000000000100000000000000000000001000000000000000000000000000000000000000000000000000000000101000011001011000000
011001000000000100000001101100000000000000000001010000000000000000000000000000000000000000000000000000000000000000000000000000000000000000000010100000
011010000000111000000001001000000000000000000001010000000000000000000000000000000000000000000000000000000000000000000000000000000000000000000001110000
001100001100010000000001110000000110000000000000100000000000000000000000000000000000000000000000000000000000000100000000000000000000000000000001100000
