000000000000000000000000000000000110000000000000000000000000000000000000000000000000000000000000000000000000000000000000000000000000000000000000000000
000000000000000000000000000000000000000000000000000000000000000000000000110000000000000000000000000000000000000000000000000000000000000000000000000000
000000000000001000000000000000000000000000000000000000000000000000000000110000000110000000000000011100000000000000000000000000000000000000000000000000
000000000000010100000000000000000000000000000000000000000000000000000000000000001000000000000000000000000000000000000000000000000000000000000000000000
000000000000100100000000000000000000000000000001000000000000000000000000000000000001000000000000000000000000000000000000000000000000000000000000000000
000000000000011000000000000000000000000000000001000000100000000000000000000000000110000000000000000000000000000000000000000000000000000000000000000000
000000000000000000000000000000000000000000000001000000100000000001100000000000000000000000000000000000000001100000000000000000000000000000000000000000
000000000000000000000000000000000000110000000000000000100000000001100000110000000000000000000000000000000001100000000000000000000000000000000000010000
000000000000110000000000000000000000110000000000000000000000000000000000110000000000000000000000000000000000000000000000000000000000000000000000100010
000000000001011000000000000000000000000000000000000000000000000000000000000000000000000000000000000000000000000000000000000000000000000000000000010001
000000000001001000000000011000000000000000000000000000000000000000000000000000000000000000000000000000000000000000000000000000000000000000000000000011
000000000000101100000000010100000000000000000000000000000000000000000000000000000000000000000000000000000000000000000000000000010000000000001110000000
000000000000001000000000001000000000000000000000000000000000000000000000110000000000000000000000110000000000000000000000000000101000000000010011000000
000000000000000000000000000000000000000000000000000000000000000000000000110000000000000000000000110000000000000000000000000001101100000000011000100000
000000000000000000000000000000000000000000000000000000000000000000000000000000000000000000000000000000000000000000000000000001000000000000000110010010
000000000000000000000000000000000000000000000000000000000000000000000000000000000000000000000000000000000000000000000000000001000011000111000010010001
001000000000000000000000000000000000000000000000000000000000000000000000000000000000000000000000000000000000000000000000000001101000000000000001010101
111100000010000000000000000000000000000000000000000000000000000000000001000000000000000000000000000000000000000000000000000000101000000000000000111111
100100010000100000000000000000000000000000000000000000000011000000000010100000000000000000000000000000000000000000000000000000010000000000111000000001
100000000000100000000000000000000000000000000000000000000011000000000001000000000000000000000000000000000000000000000000000000000000000000000000000000
110111000000010000000000000000000000000000000000000000000000000000000000000000000000000000000000000000000000000000000000000000000000000000000000000000
100010000000010000000000000000000000000000000000000000000000000000000000000000000000000000001100000000000000000000000000000000000000000000000000000000
010010100000100000000000000000000000000000001100000000000000000000000000000000000000000000010010000000000000000000000000000000000000000000000001000000
010100000000000000000000000000000000000000001100000000000000000000000000000000000000011000001010000000000000000000000000000000000000000000000011101100
010000000001000000000000000000000000000000000000000000000000000000000000000000000000100100000100000000000000000000000000000000000000000000011111111100
111100000111110000000000000000000000000000000000000000000000000000000000000000000000011000000000000000000000000000000000000000000000000001100100000000
101000000110010000000000000000000000000000000000000000000000000000000000000000000000000000000000000001100000000000000000000000000000000100001000000001
010000010100110000000000000000000000000000000000000000000000000000000000000000000000000000000000000010010000000000110000000000000000001110100000000000
010010100111000000000000000000000000000000000000000000000000000000000000000000000000000000000000000001100000000000110000000000000000011001100000001100
000001000000000000000000000000000000000000011000000000000000000000000000000000000000000000000000000000000000000000000000000000000000001111100000010000
000000000000000000000000000000011000000000011000000000000000000000000000000000000000000000000000000000000000000000000000000000000000000111000000000000
000000000000000000000000000000011000000000000000000000000000000000000000000000000000000000000000000000000000000000000000000000000000000010000000000000
000000000000000000000000000000000000000000000000000000000000000000000000000000000000000000000000000000000000000000000000000000000000000000000000000000
000000000000000000000000000000000000000000000000000000000000000000000000010000000000000000000000000000000000000000000001000000000000000100000000000000
000000000000000000000000000000000000000000000000000000000000000000000000101000000000000000000000000000000000000000000010000000000000001010000000000000
000000000000000000000000000000000000000000000000000000000000000000000000100100000000000000000000000001110000000000000010000010000000010001000000000000
000000000000000000000000000000000000000000000011000000000000001100000000011000000000000010000000000001010000000000000110000011000000101010000000110000
000000000000000000000000000000000000000000000100100000000000001100000000000000000000000101000000000010010000000000000011100010110010000100000001001000
000000000000000000000000000000000000000000000011000000000000000000000000000000000000000101000000000011100000000000000000100001110110011000000000110000
000000000000000000000000000000000000000000000000000000000000000000000000000000000000000010000000000011100000000000000000000000010010010001100000000000
000000000000000000000000000000000000000000000000001100000000000000000000000000000110000000000000000001001000000000000000000001100001000000000000000000
000000000000000000000000000000000000000000000000010010000000000000000000000010000110000000000010000001100100000000000000000000000000000010100000000000
000000000000000000000000000000000000000000000000001100000000111000000000000010000000000000000101000000000100000011000000000000000000000000000000000000
000000000000000000000000000000000000000000000000000000000000111000000000000010000000000000000011000000100101100101000000000000000000101000000000000000
100000000000000000000000000000000000000000000000000000000000010100000000000000000000000000000000000000001111101110000000000000000001000000000000000001
010000000000000000000000000000000000000000000000000000000000001110000000000000111000000000000000000000000011010100000000111000000000100001000000000001
110000000000000000000000000000000100000110000000000000000000000110000000000000000000000000000000000001000100100000000001000100000000010000000000000000
000000000000000000000000000010000110000110000000000000000001011010000000000010000000000000000110000000100100111000000001100010000000001000000000000000
000000000000000000000001100101001011000000000000000000000000011100000000000010000000000000000110000000010000000000000000000001000000000001000000000000
000000000000000000000010100011000010100000000000000000000001001100000000000010000000000000000000000000000000000000000000001001000000001100000000000000
000000000011000000000110110000000001100000000000000000000000110000110000000000000000000000000000000000000000000000000000000001000000000000000000000000
000000000011000000000111000000000000000000000000000000000000100001010000000000000000000000000000000000001001100000000001100010000000000000000000000000
000000000000000000000110000000000000001110000000000000000000000001110000000000000000000000000000000000001111101100000001000100000000000000000000000000
000000000000000000000000000000000000000000000000001100000110000000000000000000000000000000000000000000000111111100000000111000000000000000000000000000
000000000000000000000001011100000011100000000000001100000110001100000000100000000000010000000000000000000000011100000000000000000000000000000000000000
000000000000000000000110011100000000100000000000000000000000001100000011100110000000101000000000000000000000111000110000000000000000000000000000000000
000110000000011011000001000110000000100000000000000000000000000110000001000110000000100100000000000000000000000110000000000000000000000000000000000000
001001000000001011000000001110000000000000000000000000000000000011100000000000000000011000000000000000000000000011110000000000000000000000000000000000
000110000000010110000000010100000011000000000000000000000000100110010000000000000000000000000000000000000000001000110000000000000000000000000000000000
000000000000000000000000011000000011000000000000000000000001010000101000110000000000000011000000000000000000001000000000000000000000000000000000000000
000000000000110000110000010000000001100000000000000000000001010000101000110000000000000011000000000000000000000110110000000000000000000000000000000000
000000000010000001000000000000101100100000000000000000000000100000011000000000000000000000000000000000000000000001000000000000000000000000000000000000
000000000100010000101000000000101000000000000000000000000000000000000000000000000000000000000000000000000000000000000000000000000000100000000000000000
000000000011100000010000000000110100000000000000000000000000000000000000000000000000000000000000000000000000000000000000000000000001010000000000000000
000000000000000000000000000100010100010000000000000001000000000000000000000100000000000000000000000000000000000000000000000000000001010000000000000000
000000000000000000000000010010011000100000000000000001000000100100000000000100000000000000000000000000000000000000000000000000000000100000000000000000
000000000000000000000000011010010011000000000000000001000001000100000010000000000000000000000000000000000000000000000000000000000000000000000000000000
000000000000001011111100011100100010000000000000000000000001000100001001000000000000000000000000000000000000000000000000000000000000000000000000000000
000000000000001110110000000000011000000000000000011100011101110000000010000000000000000000000000000000000000000000000000000000000000000000000000000000
000000000000000000000010000000000000000000000000000000000000001100001000000000000000001000000000000000000000000000000000000000000000000000000000000000
000000000000001111101110000000000000000000000000000000000000001010011000000000000000010000000000000000000000000000000000000000000000000000000000000000
000000000000001000100000000000000000000000000000000000000000001010000000000000000000000100000000000000000000001000000000000000000000000000000000000000
000000000000000111000000000000000000000000000000000000000000000000000000000000000010000011000000000000000000001000000000000000000000000000000000000000
000000000000000110100000011000001000100000000000000000000000000000000000000000000101100111000000000000000000001000000000000000000000000000000000000000
000001110000000001000000010100010101010000000000000000000000000000000000000000000101101100000000000000000000000000000000000000000000000000000000000000
000000000000000000000000001100100001010000000000000000000000000000000000000000000010011000000000000000000000000000000000000000000000000000000000000000
000100000100000000000000000000010110100000000000000000000000000000000000000000000000000010000000000000011000000000000000000000000000000000000000001100
000100000100000000000000000000001000000000000000000000000000000000000000000000000000000110000000000000011000000000000000000000000000000000000000001100
000100000100000000000000000000000000000000000000000000000000000000000000000000000001000100000000000000000000000000001100000000000000000000000000000000
000000000000000000000000000000000000000000000000000000000000000000000000000000000010010000000000000000000000000000010010000000000000000000000000000000
000001110000000000000000000000000000000000000000000000000000000000000000000000000110100000000000000000000000000000100100000000000000000000000000000000
000000000000000000000000000000000000000000000000000000000000000000000000000000000010000000000000000000000000000001000000000000000000000000000000000000
000000000000000000000000000000000000000000000000000000000000000000000000000000000000000000000000000000000000000000101000000000000011000000000000000000
000000000000000000000000000000000000000000000000000000000000000000000000000000000000000000000000000000000000000000111000000000000011000000000110000000
000000000000000000000000000000000000000000000000000000000000000000000011100000000000000000000000000000000000000000000000000000000000000000001010000000
000000110000000000000000000000000000000000000000000000000000000000000000000000000000000000000000000000000000000000000000000000000000000000000100000000
000000110000000000000000000000000000000000000000000000000000000010000000000000000000000000000000010000000000000000000000000000000000000000000000000000
000000000011000000000000000000000000000000000000000000000000000010000000000000000000000000000000111000000000000000000000000000000000000000000000000000
000000000100100000000000000000000000000000000000000000000000000010000000000000000000000000000001001100000000000000000000000000000011100000000000000000
000000000010100000000000000000000000000000000000000000000000000000000000000000000000000000000011000000000000000000000000000000000000000000000000000000
000000000001000000000000000000000000000000000000000000000000111000000000000000000000000000000010100110000000000000000000000000000000000000001100000000
000000000000000000000000000000001110000011000000000000000000000000000000000000000000011000000001101101000000000000000000000000000000000000001100000000
000000000000000000000000000001111000000011000000000000000000000010000011000000000000100100000000100000100000000000000000000000000000000000000000000000
000000000000000000000000000001110100000000000000000000000000000010000010010000000000011000000000000001000000000000000000000000000000000000000000000000
000000000000000000000000000000000000000000000000000000000000000010000000001000000000000000000000010001000000000000000000000000000000110000000000000000
010000000000000000000000000000000000000000000000000000000000000000000001000100000100000000000000010100000000000000000000000000000000110000000000000000
101000000000000000000000000000000000000000000000000000000000000000110000000000011010000000000000000000000001110000000000000000000000000000000000000000
101000000000000000000000000000000000000000000000000000000000000000101000011100000011000000000000000000000011110000000000000000000000000000000000000000
010000000000000000000000011000000000000000000000000000000000000000011000000000000001000000000010000000010110001000000000000000000000000000000000000000
000000000000000000000000100100000000000000000000000000000110110000000010000000011001100000000111000000100010010000000000000000000000000000000000000000
000000000000000000000000111110000000000000000000000000000110110000000110000000010001000000000100100001000100000000000000000000000000000000000000000000
000000111000000000000000100111000000000000000000000000000000000000000000000000010000000000000001110001000000000000000000000000000000000000000000000000
000000000000000000000001101010000000000000000000000000000000000000000001110000110010000000000000010000111000000000001000000000000000000000000000000000
000000000000000000000000101100011000000000000000000000000000000000000010001011010100000000110001010000001000000000010100000000000000000000000000000111
000000000000000000000000110010000000000000000000000000000000000000000100000001011000110000011001100000000000000000100100000000000000000000000000000000
000000000000000000000000010010000000000000000000000000000000000000000100000011010011001000000000000000000000000000011000000000000000000000000000000000
000000000000000000000000000010000000000000000000000000000000000000000100000010010000000000000000000000000000000000000000000000000000000000000000000000
000000000000000000000000001010000000000000000000000000000000000000000010001000010100000000000000000000000000000000000000000000000000000000000000000000
000000000000000000000000001100000000000000000000000000000000000000000001110000001001100110000011000000000000000000000000000000000000000111000000000000
000000000000000000000000010010000000000000000000000000000010000000000000000000101101100101001000010000000000000000000000000000000000000000000000000000
000000000000000000000000011100000000000000000000000000000101000000000000000000110000001001000000010000000000000000000000000000000000000000000000000000
000000000000000000000000001100000000000000000010000000000101000000000000000000000000000101000000000000000000000000000000000000000000000000011110000100
000000000000000000000000000000000000000000000000000000000010000000000000000000000000000110001110000000000000000000000000000000000000000000110101000001
000000000000000000000000000000000000000000011000000000000000000000000000000000000000000000000000000000000000000000000000000000000000000000010001000111
000000000000000000000000111000000000000000101100000001100000001100000000000000000000000000000000000000000000000000000000000000000000000000001110001110
000000000110000000000000111000000000000000111100000010010000010010000011101100000000000000000000000000000000000000000000000000000000000000000100111000
110000000011000000000011000100000000000000000110110001100000001100000000000000000000000000000000000000000000000000000000000000000000000000000000110000
100000000100000000000100000100000000000000000110100000000000000000000000000010000000000000000000000000000000000000000000000000000000000000000000000000
100000000000000000000100100010000000000000000010000000000010000000000000110010000000000000000000000000000000000000000000000000000000000000000000000000
000001100000000000000111100010000000000000000000000000000101000000000000110110000000000000000000000000000000000000000000000000000000000000000000000000
000011101000000000000000000010000000000000000000000000000101000000000000011000000000000000000000000000000000000000000000000000000000000000000000000000
000010011000000000000000001010000000000000000000000000000010000000000000000000000000000000000000000000000000000000000000000000000000000110000000000000
000001100000000000000000001010000000000000000000000001000000000000000000000000000000000000000000000000000000000000000000000000000000000110000000000000
000000000000000000000000000000000001000000000000000010100000000000000000000000000000000000000000000000000000000000000000000000000000000000000001000000
000000000011000000000100000100000010100000000000000010100000000000000000000000000000000000000000000000000000000000000000000000000000000000000001000000
000000000101000000000000111000000010100000000000000001000000000000000000000000000000000000000000000000000000000000000000000000000000000000000001000000
000000000101000000000001000000000001000000000000000000000000000000000000000000000000000000000000000000000000000000000000000000000000000000000000000110
000000000110000000000001001000000000000000000000000000000000000000000000000000000100000000000000000000000000000000000000000000000000110000000000001001
000000000000000000000000101000000000000000000000000000000000000000000000000000000100000000000000000000000000011100000110000000000000110000000011011000
000000000000000000000000010000000000000000000000000000000000000011000000000000000100000000000000000000000000010010000000100000000000000000000100100111
000000000000000000110000000000000000000000000000000000000000000000000000000000000000000000000000000000000000011101000010100000000000000000000101001010
000000000000000000110000000000000000000000000000000000000000001001011000000000000000000000000000000000000000000000000000100000000000000000000011101100
000000000000000000000000000000000000000000000000000000000000010110000000000000000000000000000000000000000000000000000011000000000000000000000000000010
000000000000000000000000000000000000000000000000000000000000111010000000000000000000000000000000110000000000000000000011000000000000000000000001000100
000000000000000000000000000000000000001100000000011000000000011011000000000000000000000000000000110000000000000000000000000000000000000000000010011000
000000000000000000000000000000000000001100000000011000000000001000000000000000000000000000000000000000000000000000000000000000000000000000000111000000
000000000000000000000000000000000000000000000000000000011000000010001111000000000000000000000110000000000000000000000000000000000000000000000111000000
000000000000000000000000000000000000000000000000000000100100000000000001100000000000000000001001000000000000000000000000000000000000000000000100000000
000000000000000000000000000000000000000000000000000000011000000000010010100000000000000000000101000000000000000000000000000000000000000000000101000000
000000000000000000000000000000000000000000000000000000000000000000001010100100000001000000000010000000000000000000000000000000000000000001000100100000
000000000000000000000000000000000000000000000000000000000000000000000001001100000010000000000000000000000000000000000000000000000000000011000010100000
000000000000000000000000000000000000000000000000000000000000000000000000000000110000010000000000000000000000000000000000000000000000000100000010000000
000000000000000000000000000000000000000000000000000000000000000000000000000000110110010000000000000000000000000000000000000000000000000011000110101000
000000000000000000000000000000000000000000000000000000000000000000000000000000111110100000000000000000000000000000000000000000000000000001001000111100
000000000000000000000000000000000000000000000000000000000000000000000000000010001101000000000000000000000000000000000000000000000000000000000000000111
000000000000000000000000000000000000000000000000000000000000000000000000000000001001000000000000000000000000000000000000000000000000000000001100000011
100000000000000000000000000000000000000000000000100000000000000000000000000000001101100000000000000000000000000000000000000000000100000000000001110001
000000001100000000000000000000000000000000000001010000000000000000000000000000001001100000000000000000000000000000000000000000001001000000000000110011
000000001100000000000000000000000000000000000001010000000000000000000000000000000110000000000000000000000000000000000000000000001001000000000000000000
000000000000000000000000000000000110000000000000100000000000000000000000000000000000000000000000000000000000000000000000000000000010000000000000000000
