001100001000001000000001010000000110000000000000000000000000000000000000000000000000000000000000000000000000000000000000000000000000000000000001100000
000000000111100000000000000000000000000000000000000000000000000000000000110000000000000000000000000000000000000000000000000000000001100000000000000000
000000000000000000000000000000000000000000000000000000000000000000000000110000000110000000000000011100000000000000000000000000000001010000000000000000
100000000000000000000000000000000000000000000000000000000000000000000000000000001000000000000000000000000000000000110000000000000000100000000010000001
010000000000000000000000000000000000000000000001000000000000000000000000000000000001000000000000000000000000000000000000000000000000010000000101000010
100000000000000000000000000000000000000000000001000000100000000000000000000000000110000000000000000000000000000000000000000000000011010011000010000010
000000000000000000000000000000000000000000000001000000100000000001100000000000000000000000000000000000000001100000000000000000001111011100100000000001
000000000000000000000000000000000000110000000000000000100000000001100000110000000000000000000000000000000001100000000000000000000000010100110100000000
000000000000000000000000000000000000110000000000000000000000000000000000110000000000000000000000000000000000000000000000000000000000110001100010000000
000000000000000000000000000000000000000000000000000000000000000000000000000000000000000000000000000000000000000000000000000000000000111000100010000000
001000000000000000000000011000000000000000000000000000000000000000000000000000000000000000000000000000000000000000000000000000000001000000111100000000
010100000000000000000000010100000000000000000000000000000000000000000000000000000000000000000000000000000000000000000000000000000011100000000000000000
100010000000000000000000001000000000000000000000000000000000000000000000110000000000000000000000110000000000000000000000000000000010110000000000000000
100010000000000000000000000000000000000000000000000000000000000000000000110000000000000000000000110000000000000000000000000000000011100000000000000000
100010000000000000000000000000000000000000000000000000000000000000000000000000011111000000000000000000000000000000000000000000000001010000000000000000
010100000000000000000000000000000000000000000000000000000000000000000000000000011111100000000000000000000000000000000000000000000000100000000000000000
001000000000000000000000000000000000000000000000000000000000000000000000000001100101010000000000000000000000000000000000000000000000000000000000000000
000000000000000000000000000000000000000000000000000000000000000000000001000110111000000000000000000000000000000000000000000000000000000000000000000000
000000000000000000000000000000000000000000000000000000000011000000000010100110110000000000000000000000000000000000000000000000000000000000000000000000
000000000000000000000000000000000000000000000000000000000011000000000001000000000000000000000000000000000000000000000000000000000000100000000001110000
000000000000000000000000000000000000000000000000000000000000000000000000000000010011000000000000000000000000000000000000000000010001011010000001110000
000000000000000000000000000000000000000000000000000000000000000000000000000000101001000000000000000000000000000000000000000000110011001100000000000000
000000000000000000000000000000000000000000001100000000000000000000000000000000100001000001011000000000000000000000000000000000101000101000010000000000
000000000000000000000000000000000000000000001100000000000000000000000000000000001010000010001000000000000000000000000000000000000000001000000000000011
000000000000000000000000000000000000000000000000000000000000000000000000000000000000000100010011000000000000000000000000000000000000000101011000000011
000000000000000000000000000000000000000000000000000000000000000000000000000000110000001001100011000000000000000000000000000000000000101000110000000011
000000000000000000000000000000000000000000000000000000000000000000000000000000000000000110000000000001100000000000000000000000000000010000000000000000
000000000000000000000000000000000000000000000000000000000000000000000000000000000000000000000000000010010000000000110000000111000000000000000000000000
000000000000000000000000000000000000000000000000000000000000000000000000000000000000000000000000000001100000000000110000001001000000000000000001110000
000000000000000000000000000000000000000000011000000000000000000000000000000000000000000000000000000000000000000000000000001110000000000000000001110000
000000000000000000000000000000011000000000011000000000000000000000000000000000000000000000000000000000000000000000000000001100000000000000000000000000
000000000000000000000000000000011000000000000000000000000000000000000000000000000000000000000000000000000000000000000000000000110000000000000000000000
000000000000000000000000000000000000000000000000000000000000000000000000000000000000000000000000000000000000000000000000000100010000000000000000000000
000000000000000000000000000000000000000000000000000000000000000000000000010000000000000000000000000000000000000000000000000011100000000000000000000000
000000000000000000000000000000000000000000000000000000000000000000000000101000000000000000000000000000000000000000000000000001000000000000000000000000
000000000000000000000000000000000000000000000000000000000000000000000000100100000000000000000000000000000000000000000000000000000000000000000000000000
000000000000000000000000000000000000000000000011000000000000000000000000011000000000000010000000000000000000110000000000000000000000000000000000000110
000000000000000000000000000000000000000000000100100000000000000010000000000000000000000101000000000111000000001000011000000000000000000100000000001001
000000000000000000000000000000000000000000000011000000000000000010000000000000000000000101000000000000000000011000011000000000000000001010000000000110
000000001100000000000000000000000000000000000000000000000000000010000000000000000000000010000000000000000000000000000000000000000000001010000000000000
000000001100000000000000000000000000000000000000001100000000000000000000000000000110000000000000000000100000000000000000000000000000000100000000000000
000000000000000000000000000000000000000000000000010010000000111000111000000000000110000000000000000001010000001000000000000000000000000000000000000000
000000000000110011000000000000000000000000000000001100000000000000000000000000000000000000001010000001001000110010000000000000000011000000011000000000
000001000000000001000000000000000000000000000000000000000000000010000000000000000000000000000010000000110000011100000000000000000100100000100100000000
000110110000000011000000000000000000000000000000000000000000000010000000000000000000000000010001000000000000001000000000000000000011000000011000000000
000001110000000000000000000000000000000000000000000000000000000010000000000000000000000000110111000000000000000000000000000000000000000000000000000000
000000110100000000001000000000000000000110000000000000000000000000000000000000000000000000100110000000000000000000000000000000000000000100000000000000
000000010001000000011000000000000000000110000000000000000000000000000000000000000000000001101000000000000000000000000000000000000000001010000000000000
000000010001000000100001100000000000000000000000000000000000000000000010000000000000000001001000001000000000000000000000000000000000001010000000000000
000000000000100000101111110000000000110000000000000000000000000000000101000000001000000000101000011100000000000000000000000000000000000100000000000000
000001100001000001101000010000000001001000000000000000000000000000000110000000001000000000110000010010000000000000000000000000000000000000000000000000
000001110110000000000111000000000000110000000000000000000000000000000000000000001000000000000000001100000000111000000000000000000000000000000000000000
000000110000000000000011000000000000000010000000000000000000000000000000000000000000000000000000000000000000000000000000000000000000000000000000000000
000000000000000000000000000000000000000010000000001100000000000000000000000011100011100000000000000000000000000000000000000000000000000000000000000000
000000000000000000011000001100000000000010000000001100000000000000000000000000000000000000000000000000000110000000000000000001000000000000000000000000
000000000000000000011100001100000000000000000000000000000000000000000000000000001000000000000000000000001000000000000000000011100000000000000000000000
000110000000000000011010000000000000110000000000000000000000000000000000000000001000000000000000000000000000000000000000000111110001100000000000000000
001001000000000000000110000000000000110000000000000000000000000000000000000000001000000000000000000000110000000000000000001100111001100000000000000000
000110000000000000000000000000000000000000000000000000000000000000000000000000000010000000000000000001000000000000000000011100111000000000111000000000
000000000000000000000000000000010000000000000000000000000000000000000000000000000111100000000000000011101001000110000000001110001000000000000000000000
000000000111000000000000000000101000000000000000000000000000000000000000000000001001100000000000000001000000000110000000000011000100000001000100000000
000000000000000000000000000000100100000000000000000000000000000000000000000000001000100000000000000000110000000000000000000011000000000001011000000000
000000000000000000000000110000011000000000000000000000000000000000000000000000000111011100000000000000000000000000000000000000111000000000000000000000
000000000000000000000001001000000000000000000000000000000000000000000000000000000010101100000000000000001000000000100000000000000000000000000011000000
000000000000000000000001001000000000000000000001110000110000000000000001000000000001100110000000000000000110000000110000000000000000000000000010000000
000000000000000000000000110000000000000000000000000000110000000000000010100000000000100100000000000000000000000001010000000000000000000000000011100000
000000000000000000000000000000000000000000000000000001010000000000000010100000000000011000000000000000000000000000000000000000000000000000000000000000
000110000000000000000000000000000000000000000000000000100000000000000001000000000000000000000000000000000000000000000000000000000000000000000000000000
001110000000000000000000000000000000000000000000000000111000000000000000000000000000000000000000000000000000000000000000000000000000000000000000000000
000010000000000000000000000000000000000000000000000000001001100000000000000000000000000000000000000000000000000000000000000000000000000000000000000001
000100000000000000000000000000000000000000000000000000000000010000000001100000000000000000000000000000000000000000000000000000000000000000000000000010
010110000000000000000000000000000000000000000000001100000010010000000001100000000000000000000000000000000000000000000000000000000000000000000000000100
000110000000000000000000000000000000000000000000011100000000100000000000000000000000000000000000000000000000000000000000000000000000000000000000000010
100100000000000000000000000000000000000000000000000000110110000000000000000000000000000000000000000011000000000000000000000000000000000000000000000000
111000000000000000000000000000000000110000000000000000111110000000001000000000000000000000000000000011100000000000000000000000000000000000000000000000
010000000000000000000000000000000000110000000000000000111000000000010101000000000000000000000000000000100000000000000000000000000000000000011110000000
000000000000000000000000000000000000000000000000000000000000000000110000010000000000000000011000111011100000000000000000000000000000011100100000100000
000000000000000000000000000000000000000000000000000000000000000000001100100000000000000000101000011000000000000000000000000000000000000010110000010000
000000000000000000000000000000000000000000000000000000000000000000000001000000000000000011101000100100000000000000000000000000000000011011111000010000
000000000000000000000000000000000000000000000000000000000000000000000000000000000000000110001110110100000000000000000000001000000001000011001001001000
000000000100000000000000000000000000000000000000000000000000000000000000000000000000001100000111111000000000000000000000011110100001001110001100000000
001100000100000000000000000000000000000000000000000000000000000000000000000000000000000100000000000000000000000000000000011101101101000000001110001000
001100000100000000000000000000000000000000000000000000000000000000000000000000000000000010000000000000000000000000000000001111011000110000000010111000
000000000000000000000000000000000000000000000000000000000000000000000000000000000000000000000000000000000000000000000000001110110000000000000000000000
000000000000000000000000000000000000000000000000000000000000000000000011100000000000000000000000000000000000000000000000000110000000000000000000000000
000000110000000000000000000000000000000000000000000000000000000000000000000000000000000000000000000000000000000000000110010111100000000000000000000000
000000110000000000000000000000000000000000000000000000000000000010001000001000000000000000000000000000000000000000000110010001100000000000000000000000
000000000011000001100000000000000000000000000000000000000000000010001000001000000000000000000000000000000000000000000000000101100000000000000000000000
000000000010010000001000000000000000000000000000000000000000000010000000001000000000000000000000000000000000000000000000010110000000000000000000000000
000000000001000010010000000000000000000000000000000000000000000000001000000000000000000000000000000000000000000000000000100000000000000000000010000000
000000000001000011100000000000000000000000000000000000000000111000111011100000000000000000000000000000000000000000000000000000000000000000000101000000
000000000000001001100000000000000000000011000000000000000000000000000000000000000000001100000000000000000000000000000000011000000000000000000000100000
000110000000000000000000000001100000000011000000000000000000000010000000000000000000000110000000000000000000000000000000000100000000000000000100100000
001001000001000011000000000001100000000000000000000000000000000010000000000000000000110110000110000000000000000000000000000000000000000000000010100000
000110000001100000000000000000000000000000000000000000000000000010000000110111000001100010001010000000000000000000000000000000000000000000000001000000
000000000000100000000000000000000000000000000000000000000000000000000000111011000010000100000010100000000000000000000000000000000000000000000000110000
000000001000100000000000000000000000000000000000000000000000000000000001001100000001111000000010110000000000000000000000000000000000000000000000100000
000000011001000000000000000000000000000000000000000000000000000000000001101100000000100000000110001000000000000000000000000000000000000000000011010000
000000100000000000000000000000000000000000000000000000000000000000000000000000000000000000000010010000000000000000000000000000000000000000000000100000
000000010000000000000000000011100000000000000000000000000000000000000001100000000000000000110001000011000000000000000000000000000000000000000100100000
000001100000000000000000000000000000000000000000000000000000000000000001111100000000000000101000000111000000000000000000000000000000000000000011000000
000000000000000000000000000000000000000000000011000000000000011100000000011100000000000000100100000011011100000000000000000000000000000000000000000000
000110110000100000000000000000000000000000000011000000000000000000000000000000000000000000100100000000011000000000001000000000000000000000110000000000
000110000001000000000000000000000000000000000000000000000001000001000000000000000000000000011100000000000000000000010100000000000000000001001000000000
000011010000100000000000000000000000110000000000000000000001000001000000000000000000000001001000000000000000000000100100000000000000000010001000000000
000001100000000000000000000000000000110000000000000000000001000001000000111000000000000010100000100000000000000000011000000000000000000010000000000000
000000000000000000000000000011000000000000000000000000000000000000000000100100000000001100001101110000000000000000000000000000000000000000000000000000
000000000000000000000000000100100000000000000000000000000000011100000001001100000000001001000100000000000000000000000000000000000000000001100000000000
000000011000000000000000000101000000000000000000000000000000000000000001100011000000000110101101110000000000000000000000000000000000000000000000000000
000000111000000000000000000010000000000000000000000000000000000001100000000100100000000010110000000000000000000000000000000000000000011000000000000000
000000000010000000000000000000000000000000000000000000000000000010010000000100100000000001110000010000000000000000000000000000000000000000000000000000
000001111000000000000000000000000000000000000000000000000000000001100000000100100000000000000000011000000000000000000000000000000000000000000000000000
001101101010000000000000000000000001000000000000010000000000000000000001100011000000000000000000000100000000000000000000000000000000000000000000000000
010000000000000000000000000000000010100011000000010000000000000000000001001100000000000000000000111000000000000000000000000000000000000000000000000000
100000100000000000000000000000000010100011000000010000000000000000000000100100000010000000000010000000000000000000000000000000000000000000000000011000
010011000000000100000000100000000001000000000000000000000000000000000000111000000101000000001100100000000000000000000000000000000000000000000000010000
001110000000001110000000101000000000000000000000000000000000000000000000000000000110000000001001000000000000000000000000000000000000000000000000011000
000000000000010011000000101000000011100000000000000000000000000000000000000000000000000000001001000000000000000000000000000000000000000000000000000000
000011011000001000000000001000000100100000000000000000000000000000000000000000000000000000000101000000000000000000000000000000000000000000000001000000
000010000100000000000000000000000100001000000000000000000000000000000000000000000000000000000011000000000000000000000000000000000000000000000100100010
000011001000000000000000000000000000101000000000000000000000000000000000000000011000000000000000000000000000000000000000000000000000000000001000000010
000000110000000000000000000000000101101100000000000000000000000000000000000000100100000011000000000000000000000000000000000000000000000000000000100110
000000000000000000110000000000001011011000000000000000000000000000000000000000011000000011000000000000000000000000000000000000000000000000000000000110
000000000000000001010000000000011010011000000000000000000000000000000000000000000000000000000010000000000000000000000000000000000000000000100000001010
000000000000000100000000000000011011110000000000000000000000000000000000000000000000000000000101000000000000000000000000000000000000000001000000001000
000000000000000100010000000000000111100000000000000000000000100000000000000000000000000000000101000000000000000000000000000000000000000110000001000000
000000000000000000010000000000000000000000000000000000000000100000000000000000000000000000000010000000000000000000000000000000000000001110000001000000
000000000000000110100011100000000000000000000000000000000000100000000000000000000100000000000000000000000000000000000000000000000000010100000000010000
000000000000000110000000000000000000000000000000000000000000000000000000000000000100000000000000000000000000011000000000000000000000001000010000000100
000000000000000110000110100101011000000000100000000000000000000000000000000000000100000000000000000000000000011000000000000000000000000000000000011000
000000000000001100000110000100001000000011011011100000000000000000000000000000000000000000000000000000000000000000000000000000000000001110000001100000
000000000000001101011010000011011000000010001000000000000000000000000000000000000000000000000000000000000000000000000000000000000000010001000000000000
000000000000000110001100000000100001100000011000001000001100000000000000000000000000000000000000000000000000000000000000000000000000010001000000000000
000000000000000000000000000000000010000011000000001000010010000000000000000000000000000000000000110000000000000000000000000000000000100001000000000000
000000000000000000000000011000000100000011000000001000001100000000000000000000000000000000000000110000000000000000000000000000000000010001000000000000
000000000000000000000000111000000011000000000000000000000000000000000000000000000000000000000000000000000000000000000000000000010000010010000000000000
000000000000000000000000111000000000000010000000000010000000000000000000000000000000000000000110000000000000000000000000000000111000000000000000000000
000010000000000000000000001001000000010110000000000101000000000000000000000000000000000000001001000000000000000000000000000001111100000000000000000000
000101000000000000000000010110100000010100001100000101000000000000000000000000000000000000000101000000000000000000000000000000000110000000001100000000
001000100000000000000000000010010000001000001100000010000000000000000000000000110000111000000010000000000000000000000000000000001100000000010010000000
001001000000000000000000000001100000000000000000000000000000000000000000000000110000000000000000000000000000000000000000000000000000000000010011000000
001000111100000000000001000000000000000000000000000000000000000000000000000000000000000000000000000000000000000000000000000000000000000000000011000000
000101000000000000000110110000000000000000000000001100000000000000000000000000000111000000000000000000000000000000000000000000011000000000011011000000
000100000000000000001010110000000000000000000000001100000000000000000000000110000000000000000000000000000000000000000000000000011000000000011011100000
000010010000001000001000110000000000000000000000000000000000000000000001000110000000000000000000000000000000000000000000000000000000000000000011000000
000010111100000100001111100000000000000000000000000000000000000000000010100000000000000000000000000000000000000000000000000000000000000010100110010000
001100011111000010000101000000000000000000000000100000000000000000000001000000000000000000000000000000000000000000000000000000000000000100100001100000
001101100000100010000111000000000000000000000001010000000000000000000000000000000000000000000000000000000000000000000000000000000000000010100010010000
000001000111000010000011001100000000000000000001010000000000000000000000000000000000000000000000000000000000000000000000000000000000000000000010010000
000001001000000100000011011000000110000000000000100000000000000000000000000000000000000000000000000000000000000000000000000000000000000000000010010000
