010100000000100010000000110000000110000000000000000000000000000000000000000000000000000000000000000000000000000000000000000000000001000000000000010011
111100000000000000000000100000000000000000000000000000000000000000000000110000000000000000000000000000000000000000000000000000000111000000000000100000
000110000000000000000000011000000000000000000000000000000000000000000000110000000110000000000000011100000000000000000000000000000010000000000100000000
000000000000000000000000000000000000000000000000000000000000000000000000000000001000000000000000000000000000000000000000000000000001110001100001000000
000000000000000000000000000000000000000000000001000000000000000000000000000000000001000000000000000000000000000000000000000000000000111000100000000000
100000000000000000000000000000000000000000000001000000100000000000000000000000000110000000000000000000000000000000000000000000000000001000100000000001
010000000000000000000000000000000000000000000001000000100000000001100000000000000000000000000000000000000001100000000000000000000000011001100000000010
011000000000000000000000000000000000110000000000000000100000000001100000110000000000000000000000000000000001100000000000000000000000110000000000000100
010000000000000000000000000000000000110000000000000000000000000000000000110000000000000000000000000000000000000000000000000000000000011111000000000000
100000000000000000000000000000000000000000000000000000000000000000000000000000000000000000000000000000000000000000000000000000000000001001000000000011
000000000000000000000000011000000000000000000000000000000000000000000000000000000000000000000000000000000000000000000000000000000000001010000000000000
000000000000000000000000010100000000000000000000000000000000000000000000000000000000000000000000000000000000000000000000000000011001101001000000000000
000000110000000000000000001000000000000000000000000000000000000000000000110000000000000000000000110000000000000000000000000000101000001010100000000110
000001001000000000000000000000000000000000000000000000000000000000000000110000000000000000000000110000000000000000000000000000010001000111100000001001
000000110000000000000000000000000000000000000000000000000000000000000000000000000000000000000000000000000000000000000000000000000000010100100000000110
000000000000000000000000000000000000000000000000000000000000000000000000000000000000000000000000000000000000000000000000000000000001010101000000000000
001000000000000000000000000000000000000000000000000000000000000000000000000000000000000000000000000000000000000000000000000000000001010001000000000000
010100000000000000000000000000000000000000000000000000000000000000000001000000000000000000000000000000000000000000000000000000000111001010000000000000
010100000000000000000000000000000000000000000000000000000011000000000010100000000000000000000000000000000000000000000000000000001001100000000001100000
001000000000000000000000000000000000000000000000000000000011000000000001000000000000000000000000000000000000000000000000000000011011000000000001010000
000000000000000000000000000000000000000000000000000000000000000000000000000000000000000000000000000000000000000000000000000000111001110000010000100000
000000000000000000000000000000000000000000000000000000000000000000000000000000000000000000001100000000000000000000000000000000011000010000101000000000
000000000000000000000000000000000000000000001100000000000000000000000000000000000000111000010010000000000000000000000000000000001111100000110000000000
000000000000000000000000000000000000000000001100000000000000000000000000000000000001111000001010000000000000000000000000000000000111000000000000000011
100000000000000000000000000000000000000000000000000000000000000000000000000000000011000100000100000000000000000000000000000000000010000000000000000100
000000000000000000000000000000000000000000000000000000000000000000000000000000000110011000000000000000000000000000000000000000000000000000000000000011
000000000000000000000000000000000000000000000000000000000000000000000000000000000000110000000000000001100000000000000000000000000000000000000000000000
000000000000000000000000000000000000000000000000000000000000000000000000000000000000111000000000000010010000000000110000000000000000000000000000000000
000000000000000000000000000000000000000000000000000000000000000000000000000000000000000000000000000001100000000000110000000000000000000000000000100000
000000000000000000000000000000000000000000011000000000000000000000000000000000000000000000000000000000000000000000000000000000000000000000000001010000
000000000000000000000000000000011000000000011000000000000000000000000000000000000000000000000000000000000000000000000000000110000000000000000001100000
000000000000000000000000000000011000000000000000000000000000000000000000000000000000000000000000000000000000000000000000000010000000000000000000000000
000000000000000000000000000000000000000000000000000000000000000000000000000000000000000000000000000000000000000000000000001110000000000000000000000000
000010000000000000000000000000000000000000000000000000000000000000000000010000000000000000000000000000000000000000000000000000000001000000000000000000
000010000000000000000000000000000000000000000000000000000000000000000000101000000000000000000000000000000000000000000000000000000001000000000000000000
000101000000000000000000000000000000000000000000000000000000000000000000100100000000000000000000000000000000000000000000000000000000000000000000000000
000000000000000000000000000000000000000000000011000000000000000000000000011000000000000010000000000000000000010000000000000000000000000000000000000110
000000000000000000000000000000000000000000000100100000000000000010000000000000000000000101000000000000011000101000011000000000000000000100000000001001
110000000000000000000000000000000000000000000011000000000000000010000000000000000000000101000000000000100100011000011000000000000000001010000000001100
011000000000000000000000000000000000000000000000000000000000000010000000000000000000000010000000000000100100000000000000000000000000001010000000000111
010000001000000000000000000000000000000000000000001100000000000000000000000000000110000000000000000000100000000000000000000000000000000100000000000010
000000000000000000000000000000000000000000000000010010000000111000111000000000000110000000000000000000000100000000000000000000000000000000000000000000
000000001100000000000000000000000000000000000000001100000000000000000000000000000000000000000000000001000000000000000000000000000011000000011000000000
000000000000000000000000000000000000000000000000000000000000000010000000000000000000000000000000000100000010000000000000000000000100100000100100000001
100000000000000000000000000000000000000000000000000000000000000010000000000000000000000000000000000111010011000000000000000000000011000000011000000000
010000000000000000000000000000000000000000000000000000000000000010000000000000000000000000000000111000000111000000000000000000000000000000000000000001
101000000000000000000000000000000000000110000000000000000000000000000000000000000000000000000001101011000000011110000000000000000000000100000000000000
000000000000000000000000000000000000000110000000000000000000000000000000000000000000000000000011000000100000000010000000000000000000001010000000000000
000000000000000000000000000000000000000000000000000000000000000000000010000000000000000000000000000001000111000100000000000000000000001010000000000000
000000000000000000000000000000000000110000000000000000000000000000000101000000000110000000000000000001000111111000000000000000000000000100000000000000
000000000011000000100000000101000001001000000000000000000000000000000110000000000111001100000000000000101000011000000000000000000000000000000000000000
000000000011000001111011000100100000110000000000000000000000000000000000000000001011100100000001110000010000000000000000000000000000000000000000000000
000000000000000010110111000101000000000010000000000000000000000000000000000001000000100100000000001000100000000000000000000000000000000000000000000000
000000000000000111000011000000000000000010000000001100000000000000000000000011100000011000000001110001000000000000000000000000000000000000000000000000
000000000000000110000000000000000000000010000000001100000000000000000000000110110000000000000000100000000000000000000000000000000000000000000000000000
000000000000000000010000000000000000000000000000000000000000000000000000001100011000000000000000000000000000000000000000000000000000000000000000000000
000110000000001000110010000000000000110000000000000000000000000000000000000101000010000000000000000000000000000000000000000000000000000000000000000000
001001000000001000111010100000000000110000000000000000000000000000000000000000000110000000000000000000000000000000000000000000000000000000000000000000
000110000000001001001000100000000000000000000000000000000000000000000000000001101100000000000000000000000000000000000000000000000000000000000000000000
000000000000000111001011100000010000000000000000000000000000000000000000000000101000000000000000000000000000000110000110000000110000000000000000000000
000000000111000000000111000000101000000000000000000000000000000000000000000000000000000000000000000000000000000110000110000000110000000000000000000000
000000000000000000000000000000100100000000000000000000000000000000000000000010110000000000000000000000000000000000000000000000000000000000000000000000
000000000000000000000000000000011000000000000000000000000000000000000000000001000100000000000000000000000000000000000000000000000000000000000000000000
000100000000000000000010111000000000000000000000000000000000000000000000000000000111000000000000000000000000000000000000000000000000001100000000000000
001110000000000000000011001000000000000000000000000000000000000000000001000000000111000000000000000000000000000000000000000000000001101110000000000000
001011000000000000000001110000000000000000000000000000000100000000000010100000000000000000000000000000000000000000000000000000000011101100000011000000
011100000000000000000000000000000000000000000000000000000100000000000010100000000000000000000000000000000000000000000000000000000001101110000011000000
000000000000000000000000000000000000000000000000000000000000000000000001000000000000000000000000000000000000000000000000000000000000000110000000000000
000000000000000000000000000000000000000000000000000011100000000000000000000000000000000000000000000000000000000000000000000000000000000000000000000000
000000000000000000000000000000000000000000000000000100010100000000000000000000000000000000000000000000000000000000000000000000000000000000000000000000
000000000000000000000000000000000000000000000000000000000010000000000001100000000000000000000000000000000000000000000000000000000000000000000011000000
000001100000000000000000000000000000000000000000001000000000000000000001100000000000000000000000000001000001110000000000000000000000000000000100100000
000010011000000000000000000000000000000000000000001000000000000000000000000000000000000000000000000010100010001000000000000000000000000001110111000000
000001000000000000000000000000000000000000000000000000000000000000000000000000000000000000000000000001100100000100000000000000000000000001110111000000
000000101000000000000000000000000000110000000000000100011000000000000000000000000000000010000000000000001000100010000000000000000000000000000000000000
000000010000000000000000000000000000110000000000000001100000000000000000000000000000000100000000000000001001010010000000000000000000000010100000000000
000000000000000000000000000000000000000000000000000000000000000000000000000000000000000010100000000000001000100010000000000000000000000011000010000000
000000000000000000000000000000000000000000000000000000000000000000000000000000000100000001100001000000000100000100000000000000000000000000100010110000
000000000000000000000000000000000000000000000000000000000000000000000000000000000100000000000000100000000010001000000000000111000000000000010100101000
000000000000000000000000000000000000000000000000000000000000000000000000000000000000000000000000101000000001110000000000000111000000000000000100101000
000110000100000000000000000000000000000000000000000000000000000000000000000000000000000000000000001000000000000000000000010000001000000000000010101100
000010000100000000000000000000000000000000000000000000000000000000000000000000000000000000000001001000000000000000000000000000000100000000000101101000
000000000100000000000000000000000000000000000000000000000000000000000000000000000000000000000010010000000000000000000000000000101000000110000100010000
000000000000000000000000000000000000000000000000000000000000000000000000000000000000000000000011100000000000000000000000000000010000000110000011100000
000000000000000000000000000000000000000000000000000000000000000000000011100000000000000000000100100000000000000000000000000000000000000011100000000000
000000110000000000000000000000000000000000000000000000000000000000000000000000000000000000000010100000000000000000000110000000000000000001010000000000
000000110000000000000000000000000000000000000000000000000000000010000000001000000000000000000010100000000000000000000110000000000000000000000000000000
000000000011000000000000000000000000000000000000000000000000000010000000001000000000000000000010000000000000000000000000000000000000000000110000000000
000000000100100000000000000000000000000000000000000000000000000010000000001000000000001000000000000000000000000000000000000000000000000001010000000000
000000000010100000000000000000000000000000000000000000000000000000000000000000000110010000000011100000000000000000000000000000000000000000100000000000
000000000001000000000000000000000000000000000000000000000000111000000000000000001010110000000001000000000000000000000000000000000000000000100000000000
000000000000000000000000000000000000000011000000000000000000000000000000000000011010110100000000000011000000000000000000000000000000000000000000000000
000100000000000000000000000001100000000011000000000000000000000010000000000000001100011100001101000100100000000000000000000000000000001110001110000000
001010000000000000000000000001100000000000000000000000000000000010000000000000000100000011000111000000000000000000000000000000000000001110001110000000
001100000000000000000000000000000000000000000000000000000000000010000000000000000000011101000010000100000000000000000000000000000000000000000000000000
000000000000000000000000000000000000000000000000000000000000000000000000000000000000011000000000000000000100000000000000000000000000000000000000000000
000000000000000000000000000000000000000000000000000000000000000000000000000000000000000000000000110010000100000000000000000000000000000000000000000000
000011000000000000000000000000000000000000000000000000000000000000000110000000000000000000000001001001001000000000000000000000000000000000000000000000
000011000000000000000000000000000000000000000000000000000000000000001010011000000000000000011000110001000000000000000000000000000000000000000000010000
000000000000000000000000000011100000000000000000000000000000000000011001110000000000000000011000000000110000000000000000000000000000000000000001101100
000000001100000000000000000000000000000000000000000000000000000000001010000000000000000000000000000001101100000000000000000000000000000000000001101100
000000010100000000000000000000000000000000000011000000000000011100000110000100000000011000000000100001100000000000000000000000000000000000000001001100
000000011000000000000000000000000000000000000011000000000000000000000011100000000000000000000001001001100010000000001000000000000000000000000000110000
000000000000000000000000000000000000000000000000000000000001000001000000000011000000000000000010011000010010000000010100000000000000000000000000000000
000000000000000000000000000000000000110000000000000000000001000001000000010011000000000000000011100100001100000000100100000000000000000000000000000000
000000000000000011100000000000000000110000000000000000000001000001000000010001000000000000000001111100000000000000011000000000000000000000000000000000
000000000000001100010000000011000000000000000000000000000000000000000000000110000000000000000000001100000000000000000000000000000000000000000100000000
011000000110001101111000000100100000000000000000000000000000011100010000000100000000000001000000000000000000000000000000000000000000000000000110000000
011001000101000111001100000101000000000000000000000000000000000000110011000000100011000111100011101100000000000000000000000000000000000000010100000000
000110100101000000101000000010000000000000000000000000000000000001000001011000011111011000011100011100000000000000000000000000000000000000001100000101
000100001101100000110000000000000000011100000000000000000000000000100010110000010000100011110101101100000000000000000000000000000000000000010100000101
001110101011000000000000000000000001101010000000000000000000000000010100011000010011000010000010000000000000000000000000000000000000000000011000000101
100000000000000000000000000000000010101010000000010000000000000000100010000000110010101010001100000000000000000000000000000000000000000000000000000000
000100000000000000000000000000000000000100000000010000000000000000100001000100000011000010001100000000000000000000000000000000000000000000000000000001
000100000000000000000000000000000010100000000000010000000000000000100001000100000100000110000000000000000000000000000000000000000000000000000000000001
000000000000111000000000000000000000000000000000000000000000000000010010000000100000000000000000000000000000000000000000000000000000000000000000000001
000000110001001000000000100011000010010000000000000000000000000000011011000000100101100000000000000000000000000000000000000000000000000000000000000000
110000000001001000000000111100110100010000000000000000000000000000000000000000001101000000001110000000000000000000000000000000000000000000000000100000
010100011000000000000001010110100000110000000000000000000000000000000000000000010010000000010001000000000000000000000000000000000000000000000000100000
000000101101000000000001011000001010000000000000000000000000000000000000000000001100000000010001000000000000000000000000000000000000000000000000100000
000000001000000000101101100000001010000000000000000000000000000000000000000000000000000000010001000000000000000000000000000000000000000000000000000000
000000000100101000100100000100001101000000000000000000000000000000000000000000000000000011001110000000000000000000000000000000000000000000000000000000
000000000010001000101000001010000000000000000000000000000000000000000000000000000000000011000000000000000000000000000000000000000000000000000000000000
000000000001100000000000010000010000000000000000000000000000000000000000000000000000000000000010000000000000000000000000000000000000000000000000000000
000000000000000000000000001010010000000000000001000000000000000000000000000000000000000000000101000000000000000000000000000000000000000000000000000000
000000000000000000000000000100011100000000000100100000000000100000000000000000000000000000000101000000000000000000000000000000000000000010000000000000
000000000000000000000000000000001000000000000100000000000000100000000000000000000000000000000010000000000000000000000000000000000000000010000000000000
000000000000000000001100000000111000000000000000001000000000100000000000000000000100000000000000000000000000000000000000000000000000000010000000011000
000000000000000000001100000000110110000001100001000100000000000000000000000000000100000000000000000000000000011000000000000000000000000000000000100100
000000000000000000000000000001101000000001010000100100000000000000000000000000000100000000000000000000000000011000000000000000000000000000000000100100
000000000000000000000000000000000110000000100000111001110000000000000000000000000000000000000000000000000000000000000000000000000000000000000000011000
000000000000000000000000000000011100000000000000011110111100000000000000000000000000000000000000000000000000000000000000000000000000000000000000000000
000000000000000000000000000000011101110000000000000111001100000000000000000000000000000000000000000000000000000000000000000000000000000001000000000000
000000000000000000000000000000100010001000000000000000000010000000000000000000000000000000000000110000000000000000000000000000100000000110000000000000
000000000000000001100000000000100000000000000000000000011100000000000000000000000000000000000000110000000000000000000000000001010000000010000000000000
000000000000000001010000000000000010000110100000000000001000000000000000000000000000000000000000000000000000000000000000000011011000011010000000000000
000000000000000000100000000000011111000000010000000010000000000000000000000000000000000000000110000000000000000000000000000011100000011010000000000000
000000000000000000000000000000000000100000011000000101000000000000000000000000000000000000001001000000000000000000000000000000000000111100000000000000
000000000000000000000000000000000000010000101000000101000000000000000000000000000000000000000101000000000000000000000000000000000001100110000000000000
000000000000000000000000001000000000000101000000000010000000000000000000000000110000111000000010000000000000000000000000000000000001100100000000000000
000000001100000000000000011100000000000010000000000000000000000000000000000000110000000000000000000000000000000000000000000000110000100100000011100000
000000001100000000000000100010000000000000000000000000000000000000000000000000000000000000000000000000000000000000000000000000110000100100000100100000
000000000000000000000000111001000000000000000000001100000000000000000000000000000111000000000000000000000000000000000000000000000000000000000100110000
000000000001000001000000010010000000000000000000001100000000000000000000000110000000000000000000000000000000000000000000000000000000000000000111001011
101000000001100011000000000000000000000000000000000000000000000000000001000110000000000000000000000000000000000000000000000000000000000000000010101000
101100000100000000010000000000000000000000000000000000000000000000000010100000000000000000000000000000000000000000000000000000000000000000000001101011
101110001111000001111000000000000000000000000000100000000000000000000001000000000000000000000000000000000000000000000000000000000000000000000000011000
000011001011100011101100000000000000000000000001010000000000000000000000000000000000000000000000000000000000000000000000000000000000000000000011011010
000011101000000000001000000000000000000000000001010000000000000000000000000000000000000000000000000000000000000000000000000000000000000000000100100000
100110010110100010110000000000000110000000000000100000000000000000000000000000000000000000000000000000000000000000000000000000000000000000000000111111
