001100000000000000001110000000
001100000000000000000001101000
000000000000001100000100010000
000000000000001010000010000000
000000000000001110000001000000
001000000000000111000000000000
010000000000000010100000000000
001100000000000001000000000000
101100000100000000000000000000
010000001110000000000000000001
100000000000000000000000000000
000000010000000000111000000000
000000001000000000000110000000
100000001000000000111110000001
000000000000000000100000000011
000011000000000000000000000100
010011000000000001011000001101
001000000000000001110000000000
010000000000000010010000000100
100000000000000011000000000011
000000000000000000000000000000
000000000000000000000000000000
000000000000000000000000000000
000000000000000000000000000000
010000000000000000011100000000
101000000000000001001000000000
101100000000000010000000000001
000000000000000001001000110000
010000000000000000110000111000
001100000000000000010011101000
