000000000000000000000000000000000000000000000000000000000000000000000000000000000000000000000011000000000000000000010000000000000000100000010000000000
000000000000000000000000000000000000000000000110000000000000000000000000000000000000000000000011000000000000000000000000000000000000000000000000000000
000000000000000000000000000000000000000000000110000000000000000000000000000000000000000000000000000000000000000000000000000000000000000000000000000000
000000000000000000000000000000000000000000000000000000000000000000000000000000000000000000000000000000000000000000000000000000000000000000000000000000
000000000000000000000000000000000000000000000000000000000000000000000000000000000000000000000000000000000000000000000011000000000000000000000000000000
000000000000000000000000000000000000000000000000000000000000000000000000000000000000000000000000000000000000000000000100100000000000000000000000000000
000000000110000000000000000000000000000000000000000000000000000001100000000000000000000000000000000000000000000000000101000000000000000000000000000000
000000001001000000000000000000110000000000000000000000000000000001100000000000000000000010000000000000000000000000000010000000000000000000000000000000
000000001001000000000000000000110000000000000000000000000000000000000000000000000000000111000000000000000000000000000000000000000000000000000000000011
000000000110000000000000000000000000110000000000000000000000000000000000000000000000001110100000000000000000000000000000000000000000000000000000000110
000000000000000000000000000000000000110000000000011000000000000000000000000000000000011000100000000000000000000000000000000000000000000000000000000001
000000000000000000000000000000000000000000000000011000000000000000000000000000000000010111000000000000000000000000000000000000000000000000000000000000
000000000000000000000000000000000000000000000000000000000000000000000000000000000000001110000000000000000000000000000000000001110000000000000000000000
000000000000000000000000000000000000000000000000000000000000000000000000000000000000000000000000000000000000000000000000000000000000000000000000000000
000000000000000000000000000000000000000100000000000000000000000000000000000000000000000010000000000000000000000000000000000000000000000000000000000000
000000000000000000000000000000000000001010000000000000000000000000000000000000001110000111100000000000000000000000000000000000000000000000000000000000
000000000000000000000000000000000000001010000000000000000000000000000000000000010001001101100000000000001100000000000000000000000000000000000000000000
000000000000000000000000000000000000000100000000000000000000000000000000000000010001011110010000000000001100000000000000000000000000000000000000000000
000001100000000000000000000000000000000000000000000000000000000000000000000000010001001000010000000000000000000000000000000000000000000000000000000000
000010001000000000000000000000000011000000011000000000000000000000001000000000001110000100100000000000000000000000000000000000000000000000000000000000
000110000000000000000000000000000100100000100100000000000000000000010100000000000000000111000000000000000000000000000001000000000000000000000000000000
110010000100000000000000000000000011000000011000000000000000000000001000000000000000000000000000000000000000000000000001000000000000000000000000000000
110000000100000000000000000000000000000000000000000000000000000000000000000000000000011100000000000000000000000000000001000000000000000000000000000100
000000000000000000000000000000000000000100000000000000000000000000000000000001000000000000000000000000000000000000000000000000000000000000000000000100
000010001000000000000000000000000000001010000000000000000000000000000000000010100000000000000000000000000000000000000000000000000000000000000000000101
000011100000000000000000000000000000001010000000000000000000000000000000000010010000000000000000000000000000000000000000000000000000000000000000000000
000000000000000000000000000000000000000100000000000000000000000000000000000001100000000000000000000000000000000000000000000000000000000000000000000000
000000000000000000000000000000000000000000000000000000000000000000000000000000000000000000000000000000000000000000000000000000000000000000000000000000
000000000000000000000000000000000000000000000000000000000000000011000000000000000000000000000000000000000000000000000000000000000000000000000000000000
000000000000000000000000000000000000000000000000000000000000000011000000000000000000000000000000000000000001000000000000000000000000000000000000000000
000000000000000000000000011000000000000000000000000000000000000000000000000000000000000000000001100000000010100000000111000000000000000000000000000000
000000000001100000000000011000000010000000000000000000000000000000000000000000000000000000000001100000000010100000000000000000000000000000000000000000
000000000001100000000000000000000010000000000000001110000000000000000000000000000000000000000000000000000001000000010000010000000000000000000000000000
000000000000000000000000000000000010000000000000000000000000000000000000000000000001010000000000000000000000000000010000010000000000000000001010000000
000000000000000000000000000000000000000000000000000000011000000000000000000000000001010000000000000000000000000000010000010000000000000000000100000000
000000000000000000000000000000000000000000000000000000100100000000000000000000000000100000000000000000000000000000000000000000000000000000000000000100
000000000000000000000000000000000000011000000000000000011000000000000000000000000000000000000000000000000000000000000111000000000000000000000000001011
000000000000000000000000000000000000011000000000000000000000000000000000000000000000000010000000000000000000000000000000000000000000000000111000011011
110000000000000000000000000000000000000000000000000000000000000000000000000000000000000101000000000000000000110000000000000000000000000000000000001010
110000000000000000000000000000000000000000000000000000000000000000000000000000001110000000100000000000000000110000000000000000001100000011000010000111
110000000000000000000000000000000000000000000000000000000000000000000000000000001010000110100000000000000000000000000000000000001100000010011110000000
000000000000000000000000000000000000000000000000000000000000000000000000000000000110011101100000000000000000000000000000000000000000000000001001000000
000000000000000000000000000000000000000000000000000110000000000000000000000000000000001110000000000000000000000000000000000000000000000001010000100000
000000000000000000000000000000000000000000000000001001000000000000000000000000000000000000000000000000000000000000000000000000000000000000100000100000
000000000000000000000000000000000000000000000000001010000000000000000000000000000000000000000000000000000000000000000000000000000000000000000001100000
000000000000000000000000000000000000000000000000000100000000000000000000000001100011000000000000000000000000000100000000000000000000000000000011000000
000000000000000000000000000000000000000000000000000000000000000000000000000010010100100000000000000000000000000100000000000000000000000000000000000000
000000000000000000000000000000000000000001100000000000000000000000000000000010100010100000000000000000000000000100000000000000000001100000000000000000
000000000000000000000000000000000000000001100000000000000000000000000000000001000001000000000000000000000000000000000000000000000001010000000000000000
000000000000000000000000000000000000100000000000000000000000000000000000000001100011000000000000000000000000000000000000000000001111111000000000000000
000000000000000000000000000000000000100000000000000000000000000000000000000001100011000000000000000000000000000000000000000000010001101000000000000000
000000000000000000000000000000000000100000000000000000000000000000000000000010100010100000000110000000000001100000000000000000011101111100000000000000
000000000000000000000000000000000000000000000000000000000000000001100000000110000000110000000110000000000001100000000000000000000010111000000000000000
000000000000000000000000000000000000000000000000000000000000000001100110000011000001100000000000000000000000000000000000000000000001001100000000000000
000000000000000000000000000000000000000000000000000000000000011000000110000001000001000000000000000000000000000000000000000000000110000110000000000000
000000000000000101000000000000000000000000000000000000000000011000000000000000111110000000000000000000000000000000000000000000001111011001000000000110
000000000000000101000000000011000000000000000000000000000000000000000000000000011100000000000000000000000000000000010000000000011100100011000000000110
000000000000000100000000000100100000000000000000000000000000000000000000000000001000000000000000000000000000000000001000000000011101100011000000000000
000000000000000000000000000011000000000000000000000000000000000000000000000000100000000100000000000000000000000000100000000000001010001100000000000000
000000000000001110000000110000000000000000000000000000000000000000000000000001110000000100000000000000000000000000100000000000000000111000000000000000
000000000000011111000001010000000000000000000000000000000000000000000000000010001000000100000000000000000000011000000010000000000000111000000000000000
000000000000100000100000100000000000000000000000000000000000000000000000000111011100000000000000000000000000000000000000000000000000000000000000000000
000000000000100100100000000000000000000000000000000000000000000000000000000010000010110001110000000001110001100000101100000000000000000011000000000000
000000000000110101100000000000000000000000000000000000000000000000000000000011101011000000000000000000000001100110100000000000000000000011000000000000
001000000000000000000000000000000000000000000000000000000000000000000000000001000000000100000000000000000000110000101000000000000000000000000000000000
010100000000000000000110000000000000000000000000000000000000000000000000000001111110000100000000000000000000100011011000000000000000000000000000000000
010100000000000000001001000000000000000000000000000000000000000000000000000110110010000100000000000010000000010011110001000000000000110000000000000000
001000000000000000001010000000000000000000000000000000000000000000000000000101110101000000000000000101000000000001000010100000011000110000000000000000
000000000000000000000100000000000000000000000000000000000000100000000001000100110101000000000000000100100000000000000111100010100000000000000000000000
000000000000000000000000000000000000000000000000000000000001010000000011000011110110000000000000000011000000000000000110110110100000000000000000000000
000000000000000000000000000000000000000000000000000000000001100000000101000101000000000000000000000000000000000000001000110110100000000000000000000000
100000000000000000000000000000000000000000000000000000000000000000001100000110000000000000000000000000000000000000000000011000100000000000000000000000
010000000000000000000000000000000000000000000000000000000000000000000110000011000000000000000000000000000000000000000000000000000000001000000000000001
010000000000010000000000000000000000000000000000000000000000000100000010000111000000000000000000000000000000000000000000000000000000111000000000000001
100000001100101000000000000000000000000000000000000000000000001000000000000000000000000000000000000000110110000000000000000011100001000010000000000000
000000100010000100000000000000000000000000000000000000000000001110000000000000000000000000000111000000110110000000000000000010010010001111000000000000
000000100000001000000000000000000000000000000000000000000000000000000000000000000000000000000000000000000000000001001000000010000010001101100000000000
000001000111110000000000000000000000000000000000000000000000000000000000000000000000000000000000000000000000000000110000000000010111000001000000000000
000000110011100000000000000000000000000000000000000000000000000000000000000000000000000000110000000000000000000000000000000000100100100110000000000000
000000110000000000000000000000000000000000000000000000000000000000000000000000000000000000110000000000000000000000000001000000001000010000000000000000
000000000000000000000000000000000000000000000000000000000000000000000000000000000000000000000000110000110000000000000010100000000000000000000000000000
000000000000000010000000000000000000000000000000000000000000001000000000000000000000000000000000100111001000000000000010100000000000000000000000000000
000000000000000101001100000000000000000000000000000000000000001000000001010000000000000000000001100001001000000000000001000000000000000000000000000000
000000000000000110001100000000000000000000000011100000110000001000000010010000001000000000000010000000110000000000000000000000000000000100000000000000
000000000000000000000000000000000000000000000000000001001000000000000110000000010100000000000000000000000000000000000000000000000000001010000000000000
000000000000000000000000000000000000000000000000000000110000000011111001100000010010000000001100000000000000000000000000000000000000001001000000000000
000000000000000000000000000000000000000000000000000000000000000000000101100000010010000000010110101101000000000000000000000000000000000110000000000000
001100000000000000000000000000000000000000000000000000000000001000000011000000010100000000110100000101100000000000000000000000000000000000000000000000
001010000000000000000000000000000000000000000000000000000000001000000000000110000100000000011010001011000000000000000000000000000000000000000000000000
000101000000000000000000011000000000000000000000000000000000001000000000001001111000000000001110001110000000000000000000000000000000000011000000000000
000010000000000000001100011000000110000000000000000000000000000000000000001000010000000000000000000000000000000000000000000001110000000011000001100000
000000000000000000001100000000000110000000000000000000000000000000000000000000010000000000000000000000000000000001100000000001110000000000000010010000
000000000000000000000000000000000000000000011000000000000000000000000000000010100000000000000000000000000000000001100000000000000000000000000010100000
000000000000000000000000000000000000000000011000000000000000000000000110000001000000000000000000000000000000000000000000000000000011000000000001000000
000000000111000000000000000000000000000000000000000000000000000000000110000000000000000000000000000000000000000000000000000000111110100000000000000000
000000000000000000000000000000000000000000000000000000000000000000000000000000000000000000000000000000000000000000000000000010001010110000000000000010
000000000000000000000000000000000000000000000000000000000000000000000000000000000000000000000000000000000000000000000000000000000010000000000000000101
000000000000000000000000000000000100000000000000000000000000000000111000000000000000000000000000000000000000000000000000000100000100000000000000000101
000000000000000000000000000000000100000000000000000000000000000000101000000000000000000000000000000000000000000000000000000000000000000000000000000010
000000000000000000000000000000000100000000000000000000000000000001100100000000000000000000000010100000000000000000000000000000001000000000000000000000
001100000010000000000000000000000000000000000000000000000000000001000100000000000000000000000100101100000000000000000000000001100000000000000001100000
010010000101000000000000000000000001110000000000000000000000000010000000000000001000000000000100000100000000000000000000000000000000000001000010010000
001100000100100000000110000000000000000000000000000000000000000001000100010000010100000000001100000100000000000000000000000000000000000010100001100000
000000000011000000000110000110000000000000000000000000000000000000110010100000010100000000110100001000000000000000000000000000000000000001100000000000
000000000000000000000000000110000000000000000000000000000000000000010101100010001000000110100110000000000000000000000000000000000000000000000000000010
000000000000000000000000000000000000000000000000000000000000000000000001101011000000000001011100000000000000000000000000000000000000001100000000000101
000000000000000000000000000000000000000000000000000000000000000000000001000010000000000000000000000000000000000000000000000000000000010100000000000101
000000000000000000000000000000000000000000000000000000000000000000000010000000000000000000000000000000011000000000000000000000000000001000000000000010
000000000000000000000000000000000000000000000000000000000000000000000000000100000000000000000000000000011000000000000000000000000000000000000000000000
000000000100000000000000000000000000000000000000000000000000000000000100000000000000000000000001100000000000000000000000000000000000000000000000000000
000000001010000000000000000000000000000000000000000000000000000100000010000100000000000000000001100011000000000000000000000000000000000000000000000000
000000001010000000000000000000000000000000000000000000000000000100000001110100000000000000000000000011000000000000000000000000000000000010000000000000
000000000100000000000000001100000000000000000000000000000000000100000000011000000000000000000000000000000000000000000000000000000000000010000000000000
000000000000000000000000001100000000000000000000000000000000100000100000000000000000000000000000000000000000000000000000000000000000000010000000000000
000000000000000000000000000000000000000000000000000000000001010001010000000000000000000000000000000000000000000000000000000000000000000000000000000000
000000000000000000000000000000000001000000000000000000000001010001010000000000000000000000000000011000000000000000000000000000000000000000000000000000
000000000000000000000000000000000001000000000000000000000000100000100000000000000000000000000000011000000000000000000000000000000000000000000000001100
000000000011100000000000000000000001000000000000000000000000000000000000000000000000000000000000000000000000000000000000000000000000000000000000001100
000000000000000000000000000000000000000000000000000000000000000000000000000000000000000000000000000000000000000000000000000000000000000000000000000000
000000000000000000000000000000011000011100000000000000000000000000000000000000000000000000000000000000000000000000000000000000000000000000000000000000
000000000000000110000000000000011000000000000000000000000000000000000000000000000000000000000000000000000000000000000000000000000000000000000000000000
000000000000001001000000000000000001000000000000000000000000000000000000000000000000000000000000000000001110000000000000000000000000000110000000000000
000000000000000110000000000000000001000000110000000000000000000000000011000000000000000000010000000000000000000000000000000000000000000110000000000000
000000000000000000000001100110000001000000110000000000000000000000000011000000000000000000101000000000000000000000000000000000000000000000000000000000
000000000000000000000001100110011000000000000000000000000000000000000000000000000000000001010000000000000000000000000000000000000000000000000000000000
000000000011000000000000000000011000001100000000000000000000000000100000000000000000000001100000000000000000010000000000000000000000000000000000000000
000000000101000000000000000000000000010010000000000000000000000001010000000000000000000000000000000000000000101000000000000000000000000000000000000000
000110000010000000000000000000000000001100000000000000000000000001010000000000000000000000000000000000000001001000000000000000000000000000001100000000
000110000000000000000000000000000000000000000000000000000000000000100000000000000000000000000000011000000000110000000000011000000000000000010010000000
000000000000000000000000000000000000000000000000000000000000000000000000000000000000000000000000100100000000000000000000011000000000000000010100000000
000000000000000000000000000000000000000000000000000000000000000000000000000000000000000000000000011000000000000000000000000000000000000000001000000000
000000000000000000000000000000000000000000000000000000000000000000000000000000000000000000000000000000000000000000000000000000000000000000000000000000
000000000000000000000000001100000000000000000000000001000000000001100000000000000000000000000000000000000000000000000000000000000000000000000000000000
000000000000000000000010001100000000000000000000000010100000000001100000000000000000000000000000000000000000000000000000000000000000000000000000000000
000000000000000000000010000000000000000000000000000010100000000000000000000000000000000000000000000000000000000000000000000000000000000000000000000000
000000000000000000000010000000000000000000000000000001000000000000000000000000000000000000000000000000000000000000000100000000000000000000000000000000
000000000000000000000000000000000000000000000000000000000000000000000000000000000000000000000000000000000000000000010010000000011000000011000000000000
000000000000000000111000111000000000000000000000110000000110000000000000000000000000000000000000000000000000000000010010000000100100000100100000000000
000000000000000000000000000000000000000000000001001000001001000000000000000000000000000000000000000000000000000000001000000000011000000011000000000000
000000000000000000000000000000000000000000000000110000000110000000000000000000000000000000000000000000000000000000000000000000000000000000000000000000
000000000000000000000000000000000000000000000000000000000000000000000000000000000000000000000000000000000000000000011000000000000000100000000000000000
000000000000001000000000000000000000000000000000000001000000000000000000000000000000000000000000110000000000000000011100000000000001010000000000000000
000000000000001000000000000000000000000000000000000010100000000000000000000000000000000000000000110000000000000000100100000000000001010000000000000000
000000000000001000000000000000000000000000000000000010100000000000000000000000000000000000000000000000000000000001101100000000000000100000000000000000
000000000001000001000000000000000000000001000000000001000000000000000000000000000000000000000000000000000000001100101000000000000000000000000000000000
000000000010100010100000000000000000000010100000000000000000000000000000000000000000000000000000000000000000010000110100000000000000000000000000000000
000000000010100010100000000000000000000010100000000000000000000000000000000000001100000000000000000000000000110000110110000000000000000000000000000000
000000000001000001000000000000000000000001000000000000000000000000000000000000001100000000000000000000000000010001010000000000000000100000010000000000
000000000000000000000000000000000000000000000000000000000000000000000000000000000000000000000000000000000000000000000110000000000001010000101000000000
000000000000000000000000111000000000000000000000000000000000000000000000000000000000000000000000000000000000001111101000000000000001010000101000000000
