00010000000000000010000000000000000000000000000000
00100000000000000000000000000000000000000000000000
00000000000000000000000000000000000000100000000000
00000000000000000000000000000000000001010000000000
10000000000000000000000000000000000000110000000000
11100000000000000000000000000000000000000000000001
00010000000000000000000000000000000000000000000001
10010000000000000011000000000000000000000000000000
11100000000000000101000000000000000000000000000000
00000000000000000010000000000000000000000000000000
00000000000000000000000000000000000000000000000000
00000000000000000000000000000000000000000000000000
00000000000000000000000000000001000000000000000000
00000000000000000000000000000001000000000000000000
00000000000000000000000000110111000000000000000000
00000000000000000000000000110100000000000000000000
00000000000000000000001001000100000000000000000000
00000000000000000000010101011000000000000000000000
00000000000000000000100000000000000000000000000000
00000000110000000000010110100000000000000000000000
00000001001001100000100110000000000000000000000000
00000000110001100000111101101000000000000000000000
00000000000000000001000001001000000000000000000000
00000000000000000000000110010000000000000000000000
00000000000000000000000001100000000000000000000000
00011000000000000000000000000000001100000000000000
00011000000000000000000000000000001100000000000000
00000000000000000000000000000000000000000000011000
00000000000000000000000000000000000000000000010100
00000000000000000000000000000000000000000000001100
00000000000000000000000000000000000000000000000000
00001100001100000000000000000000000000001000000000
00001100000000000000000000000000000000010100000000
00000010100000000000000000000000000000001100000000
00000011010000000000000000000000000000000000000000
00000000110000000000000000000000000000000000000000
00000000000000000000000000000000000000000000000000
00000000000011000000000000000000000000000000000000
00000000000011000000000000000000000000000000000000
00000000000000000000000000000000000000000000000000
00000001000000000000000000000000001100000000000000
00000010100000000000000000000000001100000000000000
00000010010000000000000000000000000000000000000000
00000001100000000011000000000000000000000000000000
00000000000000000100110000000000000000000000000000
00000000000000000001110000000000000000000000000000
00000000000000001001011000000000000000000000000000
00111000000000000000111000001110000000000000000000
01000000000000000000001000000000000000000000000000
01001000000000000100001000000000000000000000000000
