000000000000000000000000000000000000000000000000000000000000000000000000000000000000000000000000000000000000000000000000000000000000000000010000000000
000000000000000000000000000000000000000000000110000000000000000000000000000000000000000000000000000000000000000000000000000000000000011100000000000000
000000000000000000000000000000000000000000000110000000000000000000000000000000000000000000000000011100000000000000000000000000000000000000000000000000
000000000000000000000000000000000000000000000000000000000000000000000000000000000000000000000000000000000000000000000011000000000000000000000000000000
000000000000000000000000000000000000000000000000000000000000000000000000000000000000000000000000000000000000000000000100100000111000000000000000000000
000000000000000000000000000000000000000000000000000000000000000000000000000000000000000000000000000000000000000000000010100000000000000000000000000000
000000000110000000000000000000000000000000000000000000000000000001100000000000000000000000000000000000000000000000000001000000000000000000000000000000
000000001001000000000000000000110000000000000000000000000000000001100000000000000000000000000000000000000000000000000000000000000000000000000000000000
000000001001000000000000000000110000000000000000000000000000000000000000000000000000000000000000000000000000000000000000000000000000000000000000000000
000000000110000000000000000000000000110000000000000000000000000000000000000000000000000000000000000000000000000000000000000000000000000000000000000000
000000000000000000000000000000000000110000000000011000000000000000000000000000000000000000000000000000000000000000000000000000000000000000000000000000
000000000000000000000000000000000000000000000000011000000000000000000000000000000000000000000000000000000000000000000000000000000000000000000000000000
000000000000000000000000000000000000000000000000000000000000000000000000000000000000000000000000000000000000000000000000000001110000000000000000000000
000000000000000000000000000000000000000000000000000000000000000000000000000000000000000000000001000000000000000000000000000000000000000000000000000000
000000000000000000000000000000000000000100000000000000000000000000000000000000000000000000000010100000000000000001100000000000000000000000000000000000
000000000000000000000000000000000000001010000000000000000000000000000000000000000000000000000010100000000000000001100000000000000000000000000000000000
000000000000000000000000000000000000001010000000000000000000000000000000000000000000000000000001000000000000000000000000000000000000000000000000000000
000000000000000000000000000000000000000100000000000000000000000000000000000000000000000000000000000000000000000000000000000000000000000000000000000000
000000000000000000000000000000000000000000000000000000000000000000000000000000000000000000110000000000000000000000000000000000000000000000000000000000
000000000000000000000000000000000011000000011000000000000000000000001000000000000000000001001000000000000110000000000000000000000000000000000000000000
000000000000000000000000000000000100100000100100000000000000000000010100000000000000000000110000000000000101000000000000000000000000000000000000000000
000000000000000011000000000000000011000000011000000000000000000000001000000000000000000000000000000000000011000000000000000000000000000000000000000000
000000000000000011000000000000000000000000000000000000000000000000000000000000000000000000000001000000000000110000000000000000000011000000000000000000
000000000000000000000000000000000000000100000000000000000000000000000000000001000000000000000010100001100000101000000000000000000011000000000000000000
000000000000000000000000000000000000001010000000000000000000000000000000000010100000000000000010100001010000010000000000000010000000000000000000000000
000000000000000000000000000000000000001010000000000000000000000000000000000010010000000000000001000000110000000000000000000111000000000000000000000000
000000000000000000000000000000000000000100000000000000000000000000000000000001100000000000000000000000001100000000000000000000100000000011100000000000
000000000000000000000000000000000000000000000000000000000000000000000000000000000000000000000000000000001010000000000000010110100000000000000000000000
000000000000000000000000000000000000000000000000000000000000000011000000000000000000000000000000000000000110000000000000110000100000001000001000000000
000010000000000000000000000000000000000000000000000000000000000011000000000000000000000000000000000000000000000000000000010000110000001000001000000000
000101000000000000000000000000000000000000000000000000000000000000000000000000000000000000000000000000000000000000000000001110100000001000001000000000
000100100000000000000000000000000010000000000000000000000000000000000000000000000000000000000000000000000000000000000000000111000000000000000000000000
000011000000000000000000000000000010000000000000001110000000000000000000000000000000000000000000000000000000000000000000000010000000000011100000000000
000000000000000000000000000000000010000000000000000000000000000000000000000000000000000011000000001100001000000000000000000000000000000000000000000000
000000000000000000000000000000000000000000000000000000011000000000000000000000000000000011000000111110000010000000000000000000000000000000000000000010
000000000000000000000000000000000000000000000000000000100100000000000000000000000000000000000001000000000001000000000000000000000000000000000000000101
000000000000000000000000000000000000011000000000000000011000000000000000000000000000000000000001001100000011000000000000000000000000000000000000000101
000000000000000000000000000000000000011000000000000000000000000000000000000000000000000000000001100111001000100000000000000000000000000000000000000010
000000000000000000000000000000000000000000000000000000000000000000000000000000000000000000000000011000000100110000111000000000000000000000000000000000
000000000110000000000000000000000000000000000000000000000000000000000000000000011100000000000000000011000000100000011000000000000000000000000000000000
000000001001000000000000000000000000000000000000000000000000000000000000000000001110000000000000000011000110000011010100000000000000000000000000000000
000000000110000000000000000000000000000000000000000000000000000000000000000000000000000000000000000100011011100011111111000000000000000000000000000110
000000000000000000000000000000000000000000000000000110000000000000000000000000000000000000000000000011100000000010000111000000000000000000000000111001
000000000000000000000000000000000000000000000000001001000000000000000000000000000000000010000000000011100000001110100111101100000000000000010001010001
000000000000000000000000000000000000000000000000001010000000000000000000000000000000000101000000000000000000001100100110001001000000000011111101001010
000000000000000000000000000000000000000000000000000100000000000000000000000000000000000011000000000000000000000000100110100010000000000111000111100000
000000000000000000000000000000000000000000000000000000000000000000000000000000000000000000000000000000000000000000010000011100000000011001000110011000
000000000000000000000000000000000000000001100000000000000000000000000000000000000000000000000000000000000000000000111000011000000000010011100010010000
000000000000000000000000000000000000000001100000000000000000000000000000000011100000000000000000000000000000000000111000000000000000000001000001010000
000000000000000000000000000000000000100000000000000000000000000000000000000000000000000000000000000000000000000000110000000000000000001001100000000000
000000000000000000000000000000000000100000000000000000000000000000000000000000000000000000000000000000000000000001100001100000000000000111000000000000
000000000000110000000000000000000000100000000000000000000000000000000000000000000000000000000110000000000001100000000001100000000000000000000000000000
000000000000110000000000000000000000000000000000000000000000000001100000000000000000000000000110000000000001100000000000000000000000000000000000000000
000000000100000000000000000000000000000000000000000000000000000001100110000000000000000000000000000000000000000000000000000000000000000000000000000000
000000000100000000000000000000000000000000000000000000000000011000000110000000000000000000000000000000000000000000000000000000000000000000000000000000
000000000100000000000000000000000000000000000000000000000000011000000000000000000000000000000000000000000000000000000000000000000000000000000000000000
000000000000000000000000000011000000000000000000000000000000000000000000000000000000000000000000000000000000000000011100000000000000000000000000000000
000000000000000000000000000100100000000000000000000000000000000000000000000001100000000000000000000000000000000001101100001000000000000000000000000000
000000000000000110000000000011000000000000000000000000000000000000000000000010010000000000000000000000000000000001000110011000000000000000000000000000
000000000000000110000000000000000000000000000000000000000000000000000000000001010000000000000000000000000000001100010000010000000000000000000000000000
000000000000000000000000000000000000000000000000000000000000000000000000000000100000000000000000000000000000001110011000010100000000000000011100000000
000000000000000000000000000000000000000000000000000000000000000000000000000000000000000000000000000000000000001110100000010000000000000000100100000000
000000000000000000000000000000000000000000000000000000000000000000000000000000000000000000000000000000000000000000000000011000000000000000000010000000
000000000000000000000000000000000000000000000000000000000000000000000000000000000000001000000001000000000000110000000000011100000000000000000010000000
000000000000000000000000000000000000000000000000000000000000000000000000000000000000110000000011010000000000000011110000011000000000000000110110000000
000000000000000000000000000000000000000000000000000000000000000000000000000000000011000000100001001000000000110111011000000000000000000000110110000000
110000000000000000000011000000000000000000000000000000000000000000000000000000001100000000100001100100000000010001010000000000000000001000001000000000
110000000000000000000110100000000000000000000000000000000000000000000000000000000000000000100000100100000000001001100000000000000000010000000000100000
100000000000000000000000111000000000000000000000000000000000100000000000000000000100100001000000111000000000000111000000000000000000010000000011110001
100000000000000010000000110011000000000000000000000000000001010000000000000000000011001010000000000000000000000010000000000001100000000000001110001010
000001000000000110000010100011000000000000000000000000000001100000000000000000011100000000000000000000000000000000000000000001100000000000111000101000
000001110001001101000010000000000000000000000000000000000000000000000000000000011000000000000000000000000000000000000000000000000000000000100010110100
000000011011101010000000000000000000000000000000000000000000000000011000000000000000000000000000000000000000000000000000000000000000001010101111100011
000000000000110000000000000000000000110000000000000000000000000000011000000000011100000000000000000000000000000000000000000000000000001000101100000000
000001000100000000000000000001100000110000000000000000000000000000000000000000101000000000000000000000000000000000000000000000000000000000100000000000
000001110000010111000001100001100000000000000000000000000000000000000000000000100000000000000000000000000000000000000000000000000000000010010000000000
000001100000010111000010010000000000000000000000000000000000000000000000000000010000000000000000000000000000000000000000000000000000000110010000000001
100000000000010111000011100000000000000000000000000000000000000000000000000000000000000000000000001000000000000000011000000000000000000011100000000001
100000000000110110000011100000000000000000000000000000000000000000000000000000000000000000000000010100000011000000011000000000000000000001000000000001
000000000000011110000000000000000000000000000000000000000000000000000000000000000000000000000000110000000011000000000000000000000000000000000000000000
000000000000011100000000000110000000000000000000000000000000000000000000000000000000000000000001000110000000000000000000000000000000000000000000000000
000000000000000000100000000111000000000000000000000000000000001000000000000000000000000000000001110000000000000000000000000000000000000000000000000000
000000000000000001010011100110000000000000000000000000000000001000000000000000001110000000000000100000000000000000000000000000000000000000000000000000
000000000000000000000011000000000000000000000011100000110000001000000000000000000000000000000000001110000010000000011000000000000000000000000000000000
000000000000000000000000000000000000000000000000000001001000000000000000000000000000000000000000001110001101100000011000000110000000000000000000000000
000000000000000000000000000000000000000000000000000000110000000011100000000000000000000000000000001000000101010110011000000101000000000000000000000000
000000000000000000000000000000000001000000000000000000000000000000000000000000000000000000000000000001111110110110110000000010000000000011000000000000
001100000000000000000000100000000010000000000000000000000000001000000000000000000000000000000000000001111000010111010000000000000000000011000000000000
001010000000000000000101000000000110000010000000000000000000001000000000000000000000000000000000000000101000000000101100000000000000000000000000000000
000101000000000011000111000000000011000001000000000000000000001000000000000000000000000000000000000000000000011001101100000000000000000000000000000000
000010000000000100100010000000000000000001000000000000000000000000000000000000000000000000000000000000000000000000100010000000000000000000000001100000
000000000000000011000000000000000000000110000000000000000000000000000000000000000000000000000000000000000000000000000100000000000000000000000010010000
000000000000000000000000000000000000000000000000000000000000000000000000000000000000000000000110000000000000000000000000000000000000000000000010100000
000000000000000000000000000000000000111110000000000000000000000000000000000000000000000000000110000000000000000000000000000000000000000000000001000000
000000000111000000000000000000000001111001100000000000000000000000000000000000000000000000000000000000000000000000000000000000000000000000000000000000
000000000000000000000000000000000000000000011000000000000000000000000000000000000000000000000000000000000000000110000000000000000000000000000000000010
000000000000000000000000000000000010111010110000000000000000100000000000000000000000000000000000000000000001001110000000000000000000000000000000000101
000000000000000000000000000000000001000000000000000000000001010000000000000000000000000000000000000000000001111100000000000000000000000000000000000101
000000000000000000000000000000000111000000000000000000000001010000000000000000000000000000000000000000000010001000000000000000000000000000000000000010
000000000000000000000000000000000000000000000000000000000000100000000000000000000000000000000000000000000011011000000000000000000000000000000000000000
001100000010000000000000000000000000000000000000000000000000000000000000000000000000000000000000000000000000000000000000000000000000000000000001100000
010010000101000000000000000000000000000000000000000000000000000000000000000000000000000000000000010000000000000000000000000000000000000001000010010000
001100000100100000000110000000000000000000000000000000000000000000000000000000000000000000000000111000000000000000000000000000000000000010100001100000
000000000011000000000110000110000000000000000000000000000000000000000000000000000000000000000000100110000000000000000000000000000000000001100000000000
000000000000000000000000000110000000000000000000000000000000000000000000110000000000000000000010010110000000000000000000000000000000000000000000000010
000000000000000000000000000000000000000000000000000000000000000000000001010000000000000000000100000001000000000000000000000000000000001100000000000101
000000000000000000000000000000000000000000000000000000000000000000000001100000000000000000000000000010000000000000000000000000000000010100000000000101
000000000000000000000000000000000000000000000000000000000000000000000000000000000000000000001000100010000000000000000000000000000000001000000000000010
000000000000000000000000000000000000000000000000000000000000000000000000000000000000000000001100111000000011000000000000000000000000000000000000000000
000000000100000000000000000000000000000000000000000000000000000000000000000000000000000000000011100000000011000000000000000000000000000000000000000000
000000001010000000000000000000000000000010000000000000000000000000111000000000000000000000000000000000000000000000000000000000000000000000000000000000
000000001010000000000000000000000000000101000000000000000000000000000000000000000000000000000000000000000000000000000000000000000000000010000000000000
000000000100000000000000001100000000001001100000000000000000000011011000000000000000000000000000000000000000000000000000000000000000000010000000000000
000000000000000000000000001100000000001000000000000000000000000011010000000000000000000000000000111000000000000000000000000000000000000010000000000000
000000000000000000000000000000000000000110010000000000000000000001000000000000000000000000000000000000000000000000000000000000000000000000000000000000
000000000000000000000000000000000001000000100000000000110000000000000000000000000000000000000000000000000000000000000000000000000000000000000000000000
000000000000000000000000000000000001000000000000000000110000000000000000000000000000000000000000000000000000000000000000000000000000000000000000001100
000000000011100000000000000000000001000000000000000000000000000000000000000000000000000000000000000000000000000000000000000000000000000000000000001100
000000000000000000000000000000000000000000000000000000000000000000000000000000000000000000000000000000000000000000000000000000000000000000000000000000
000000000000000000000000000000011000011100000000000000000000000000000000000000000000000110000000000000000000000000000000000000000000000000000000000000
000000000000000110000000000000011000000000000000000000000000000000000000000000000000001001000000000000000000000000000000000000000000000000000000000000
000000000000001001000000000000000001000000000000000000000000000000000000000000000000000110000000000000000000000000000000000000000000000110000000000000
000000000000000110000000000000000001000000110000000000000000000000000000000000000000000000010000000000000000000000000000000000000000000110000000000000
000000000000000000000001100110000001000000110000000000000000000000000000000000000000000000101000000000000000000000000000000000000000000000000000000000
000000000000000000000001100110011000000000000000000000000000000000000000000000000000000001010000000000000000000000000000000000000000000000000000000000
000000000011000000000000000000011000001100000000000000000000000000000000000000000000000001100000000000000000010000000000000000000000000000000000000000
000000000101000000000000000000000000010010000000000000000000000000000000000000000000000000000000000000000000101000000000000000000000000000000000000000
000110000010000000000000000000000000001100000000000000000000000000000001100000000000000000000000000000000001001000000000000000000000000000001100000000
000110000000000000000000000000000000000000000000000000000000000000000010010000000000000000000000011000000000110000000000011000000000000000010010000000
000000000000000000000000000000000000000000000000000000000000000000000001100000000000000000000000100100000000000000000000011000000000000000010100000000
000000000000000000000000000000000000000000000000000000000000000000000000000000000000000000000000011000000000000000000000000000000000000000001000000000
000000000000000000000000000000000000000000000000000000000000000000000000000000000000000000000000000000000000000000000000000000000000000000000000000000
000000000000000000000000001100000000000000000000000000000000000000000000000000000000000000000000000000000000000000000000000000000000000000000000000000
000000000000000000000010001100000000000000000000000000000000000000000000000000000000000000000000000000000000000000000000000000000000000000000000000000
000000000000000000000010000000000000000000000000000000000000000000000000000000000000000000000000000000000000000000000000000000000000000000000000000000
000000000000000000000010000000000000000000000000000000010000000000000000000000000000000000000000000000000000000000000000000000000000000000000000000000
000000000000000000000000000000000000000000000000000000101000000000000000000000000000000000000000000000000000000000000000000000011000000011000000000000
000000000000000000111000111000000000000000000000000000101100000000000000000000000000000000000000000000000000000000000000000000100100000100100000000000
000000000000000000000000000000000000000000000000000000100000000000000000000000000000000000000000000000000000000000000000000000011000000011000000000000
000000000000000000000000000000000000000000000000000000100000000000000000000000000000000000000000000000000000000000000000000000000000000000000000000000
000000000000000000000000000000000000000000000000000000100010000000000000000000000000000000000000000000000000000000000000000000000000100000000000000000
000000000000001000000000000000000000000000000000000000010010000000000000000000000000000000000000110000000000000000000000000000000001010000000000000000
000000000000001000000000000000000000000000000000000000001100000000000000000000000000000000000000110000000000000000000000000000000001010000000000000000
000000000000001000000000000000000000000000000000000000000000000000000000000000000000000000000000000000000000000000000000000000000000100000000000000000
000000000001000001000000000000000000000001000000000000000000000000000000000000000000000000000000000000000000000000000000000000000000000000000000000000
000000000010100010100000000000000000000010100000000000000000000000000000000000000000000000000000000000000000000000000000000000000000000000000000000000
000000000010100010100000000000000000000010100000000000000000000000000000000000001100000000000000000000000000000000000000000000000000000000000000000000
000000000001000001000000000000000000000001000000000000000000000000000000000000001100000000000000000000000000000000000000000000000000000000010000000000
000000000000000000000000000000000000000000000000000000000000000000000000000000000000000000000000000000000000000000000000000000000000000000101000000000
000000000000000000000000111000000000000000000000000000000000000000000000000000000000000000000000000000000000000000000000000000000000000000101000000000
