00000000000010001000000010000000111000000000010100
00000000000011001000000000000000111000100000001000
00000000000000000000000000010000100000011100000000
11000000000000010000000000010000011100000000000011
11110000000000010000000000000000011010000000110111
00110000011000101000000111000000000110000000000000
11110000011000001111000000000000000000000000100000
11000000001001001100000000100000000000000000100001
00000000000100010000000000100000000000010000100010
00000000000000000000000100010000000001011000101000
00000110010000000100000100100000000010000100111000
00000101110000000100000000000000000011111010000000
00000000001110001100000000000000000010011011000000
00000000000000000000000000000000110100100110000000
01100000000000000001100000000001011011000000000000
01100000000000000010100000000000010001000000000000
00000000000000000111000000000010000100100000000000
00000101000000000100000000000001000001010000000000
00000100000001100000000000000001000100000000000000
00000000000000000000000000000000001000000000000000
10000011000001010000000110000000100000000011011000
01000000111000110000000110000001010000000011000000
10100000000100000000000000000000001000000011000101
10110000000000000000000000000001001000000000100001
10100000101000000000000001001000111110000000100011
01000000000000000000000011001000101000000000010011
00000000000010000000001100000001111000000000001011
00000000000001000001010011000010100000000000000000
00000000000100000001000100000000100010000000000000
00000000000100100110011000000010110011000000000000
00000000000000100110001000010110010001000000000000
00000000000010100000000100011000000100000000000000
00000000000001000000000011100000000000000000000000
00000110000000000000000000000110111011100000100000
01000001000000000000000000001011110000000000010011
01000110000000100000000000010011011111100001010011
00110000000011110000000000010000000101100011000010
10001000000000010000000000000000000000001100001011
10000010110010010000000000000000000000010000000100
01000010001001111001110000000000000000110100011100
00100000011000011110010000000000000000101001000000
10101000011000000010110000000000000010110001000011
10100000000000001000000000000000001110100010000100
00000000101100001111000000000000011100000000000111
10001000110000011100000000000000100111000000000000
10111000000000000000000000000000111110000000001101
00010000000000110001100001100000101100000000011000
00001000000000000001100111100001100000000000001000
11001000000001100000011001100001000000000000011010
00111000000011100000000111100001100000110000000000
