000011101110000000000000000000
000011010100000000000000000000
000000011000000000000000000000
000000000000000000000000000000
000000000000000000000000000000
000000000000000000000000000000
000000000000000000000001110000
000000000000000000000000000000
000000000000000000000000000000
000000000000000000000000000000
000000000000000000000000000000
000000000000000000000000000000
000000000000000000000000000000
000000000000000000000000000000
000000000000000000000000000000
000000000000000000000000000000
000000000000000000000000000000
000000000000000000000000001110
000000000000000000000000000000
000000000000000010100000000000
000000000000000010100000000000
000000000000000010100000000000
000000000011100000110000000000
000000000001100000000011100000
000000000010001000000000000000
000000000000001000010000000000
000000000000001000100000000000
000000000000000111000000000000
000000000000000000000000000000
000011000110000000000000000000
