000000000000001000000000000000000110000000000000000000000000000000000000000000000100000000000000000000000000000000000000000000000000000000000000000000
000000000000011100000000000000000000000000000000000000000000000000000000110000010100000000000000001000000000000000000000000000000000000000000000000000
000000000001110110000000000000000000000000000000000000000000000000000000110000011000000000000000001000000000000000000000000000000000000000000000000000
000000000001110011000000000000000000000000000000000000000000000000000000000000001100000000000000001000000000000000000000000000000000000000000000000000
000000000001000010000000000000000000000000000000000000000000000000000000000000001100000000000000000000000000000000000000000000000000000000000000000000
000000000000001100000000000000000000000000000011100000000000000000000000000000000000000000000000000000000000000000000000000000000000000000000000000000
000000000000010000000000000000000000000000000000000001110000000001100000000000000000000000000000000000000001100000000000000000000000000000000000000000
000000000100011000000000000000000000110000000000000000000000000001100000110000000000000000000000000000000001100000000000000000000000000000000000000000
000000000000001000000000000000000000110000000000000000000000000000000000110000000000000000000000000000000000000000000000000000000000000000000000000000
000000000001111100000000000000000000000000000000000000000000000000000000000000000000000000000000000000000000000000000000000000000000000000000000000011
000000000001001010000000011000000000000000000000000000000000000000000000000000000000000000000000000000000000000000000000000000000000000000000000000011
000000000010000001000000010100000000000000000000000000000000000000000000000000000000000000000000000000000000000000000000000000000000000000000000000000
000000000001000001000000001000000000000000000000000000000000000000000000110000000000000000000000110000000000000000000000000000000000000000000000100000
000000000000110110000000000000000000000000000000000000000000000000000000110000000000000000000000110000000000000000000000000000000000000011000000011000
000000000000001000000000000000000000000000000000000000000000000000000000000000000000000000000000000000000000000000000000000000000110000011000000111000
001100000000000000000000000000000000000000000000000000000000000000000000000000000000000000000000000000000000000000000000000000011001000000000000000000
010010000000000000000000000000000000000000000000000000000000000000000000000000000000000000000000000000000000000000000000000000011000100000000000000000
100011000000000000000000000000000000000000000000000000000000000000000001000000000000000000000000000000000000000000000000000000010001000000010000000001
100010000000100000000000000000000000000000000000000000000011000000000010100000000000000000000000000000000000000000000000000000001110000000010000000010
000000000001010000000000000000000000000000000000000000000011000000000001000000000000000000000000000000000000000000000000000000000000000000010000000000
010000000001001000000000000000000000000000000000000000000000000000000000000000000000000000000000000000000000000000000000000000000000000000000000000000
010000000000110000000000000000000000000000000000000000000000000000000000000000000000000000001100000000000000000000000000000000000000000000000000000000
101001000000000000000000000000000000000000001100000000000000000000000000000000000000000000010010000000000000000000000000000000000000000000000000000000
110001000000000000000000000000000000000000001100000000000000000000000000000000000000011000001010000000000000000000000000000000000000000000000011000001
011100000000000000000000000000000000000000000000000000000000000000000000000000000000100100000100000000000000000000000000000000000000000000011100100011
110100000011100000000000000000000000000000000000000000000000000000000000000000000000011000000000000000000000000000000000000000000000011001100000100000
011000000010100000000000000000000000000000000000000000000000000000000000000000000000000000000000000001100000000000000000000000000000010101100011000000
111000000011100000000000000000000000000000000000000000000000000000000000000000000000000000000000000010010000000000110000000000000000001000100100000000
000000000001000000000000000000000000000000000000000000000000000000000000000000000000000000000000000001100000000000110000000000000000000110000000000000
000000000111100000000000000000000000000000011000000000000000000000000000000000000000000000000000000000000000000000000000000000000000000010000000000000
000000000100010000000000000000011000000000011000000000000000000000000000000000000000000000000000000000000000000000000000000000000000000000000000000000
000000000010010000000000000000011000000000000000000000000000000000000000000000000000000000000000000000100000000000000000000000000000000000000000000000
000000000011100000000000000000000000000000000000000000000000000000000000000000000000000000000000000001110000000000000000000000000000000000000000000000
000000000000000000000000000000000000000000000000000000000000000000000000010000000000000000000000000010101000000000000000000000000000000010000000000000
000000000000000000000000000000000000000000000000000000000000000000000000101000000000000000000000000111011100000000011000001100000000000100000000000000
000000000000000000000000000000000000000000000000000000000000000000000000100100000000000000000000000010101000000001000000010010011100000000000000000000
000000000000000000000000000000000000000000000011000000000000001100000000011000000000000010000000000001110000000001000000001100011000010000000000110000
000000000000000000000000000000000000000000000100100000000000001100000000000000000000000101000000000000010000000001000000000000011011000000000001001000
000000000000000000000000000000000000000000000011000000000000001000000000000000000000000101000000000000000000000000100100000000001010001000000000110000
000000000000000000000000000000000000000000000000000000000000111000000000000000000000000010000000000000100000000000001100000000100000000000000000000000
000000000000000000000000000000000000000000000000001100000001111000000000000000000110000000000000000010100100000000000000011001000110110000000000000000
000000000000000000000000000000000000000000000000010010000011001100000000000000000110000000000010000001011010000000000000000100100100000000000000000000
000000000000000000000000000000000000000000000000001100000001000000000000000111000000000000000101000001100010000000000001011100011100000000000000000000
000000000000000000000000000000000000000000000000000000000000100000000000000000000000000000000011000011101100010000000011000000000000000000000000000000
100000000000000000000000000000000000000000000000000000000000100000000000000000010000000000000000000000000101001000000010000100000000001100000000000001
010000000000000000000000000000000000000000000000000000000000011100000000000000010000000000000000000000000011010000000010110010000011011000000000000001
110000000000000000000000000000000000000110000000000000000000010010000000000000010000000000000000000000000000000000000010000010000010010000000000000000
000000000000000000000000000000000000000110000000000000000000011010000000000000000000000000000110000000010011100000000010111110000011000000000000000000
000000000000000000000000000011000000000000000000000000000000001100000000000111000000000000000110000000001000000000000000100010110000000000000000000000
000000000000000000000000000011000000000000000000000000000000000000000000000000000000000000000000000000001000000000000000011110111000000000000000000000
000000000011000000000000000000000000000000000000000000000000000001101000000000000000000000000000000000000000000000000000100010110000000000000000000000
000000000011000000000000000000000000000000000000000000000000000001100100000000000000000000000000000000001100000000000010111110000000000000000000000000
000000000000000000000000000000000000000000000000000000000000000001000100000000000000000000000000000000010010000000000010000010000000000000000000000000
000000000000000000000110000000000000000000000000001100000000000001001000000000000000000000000000000000001100000000000010110010000000000000000000000000
000000000000000000000110000000000000000000000000001100000000000000100000000110000000010000000000000000000000000011000010000100000000000000000000000000
000000000000000000000000000000000100000000000000000000000000000000000000000110000000101000000000000000000000000011000011000000000000000000000000000000
000110000000001110000000000000001011001000000000000000000000110000000000000001000000100100000000000000000000000110000001011100000000000000000000000000
001001000000011001000000000000011011001000000000000000000000101000000000000110000000011000000000000000000000001100000000000100000000000000000000000000
000110000000101000100000000000001000000000000000000000000001001000111000000110000000000000000000000000000000001100010000011000000000000000000000000000
000000000000100000000000000000000100000000000000000000000001001111110010000000000000000011000000000000000000000100010000000000000000000000000000000000
000000000000000000000000000000000011000000000000000000000001110010000010000000000000000011000000000000000000000000010000000000000000000000000000000000
000000000000010001010000000000000001000000000000000000000000000011010010000000000000000000000000000000000000000000000000000000000000000000000000000000
000000001000000000011000000110000000000000000000000000000000000000100000000000000000000000000000000000000000000101100000000000000000100000000000000000
000000010000100010011100000101000000000000000000000000000000000000000000000000000000000000000000000000000000000011000000000000000001010000000000000000
000000001100001011001000000101000000000000000000000001000001100000000000000000000000000000000000000000000000000010000000000000000001010000000000000000
000000001100010110011000000110000000000000000000000010100010100000000000000000000000000000000000000000000000000000000000000000000000100000000000000000
000000000001100100010100000000001100000000000000000000000000100000000000000000000000000000000000000000000000000000000000000000000000000000000000000000
000000000000000100110100011100010010000000000000001100001000100000000000000000000000000000000000000000000000000000000000000000000000000000000000000000
000000000000000010001100000000010100000000000000001001000011100000000000000000000000000000000000000000000000000000000000000000000000000000000000000000
000000000000000001101100000000001000000000000000001000101010000000000000000000000000000000000000000000000000000000000000000000000000000000000000000000
000000000000000000000000100000000000000000000000000000010011110000000000000000000000000000000000000000000000000000000000000000000000000000000000000000
000000000000000000000001010000001000000000000000000000000000100000000000000000000000000000000000000000000000000000000000000000000000000000000000000000
000000000000000000000011011000001000000000000000000000000000000000000000000000000101000000000000000000000000011100000000000000000000000000000000000000
000000100000001000000001000011111000000000000000000000000000000000000000000000001001000000000000000000000000000000000000000000000000000000000000000000
000000100000000110000001100011100000011000000000000000000000000000000000000000001001000001000000000000000000000000000000000000000000000000000000000000
000000100000001000000000010100010000100100000000000000000000000000000000000000000100000011010000000000000000000000000000000000000000000000000000000000
000000000000000110000000000111100000101000000000000000000000000000000000000000000000000011001000000000011000000000000000000000000000000000000000001100
001110001110000000000000000111000000010000000000000000000000000000000000000000000000000011111100000000011000000000000000000000000000000000000000001100
000000000000000000000000000000000000000000000000000000000000000000000000000000000000000001001000000000000000000000000000000000000000000000000000000000
000000100000000000000000000000000000000000000000000000000000000000000000000000010000000010110000000000000000000000000000000000000000000000000000000000
000000100000000000000000000000000000000000000000000000000000000000000000000000010000000010000000000000000000000000000000000000000000000000000000000000
000000100000000000000000000000000000000000000000000000000000000000000000000000010000000011000000000000000000000000000000000000000000000000000000000000
000000000000000000000000000000000000000000000000000000000000000000000000000000000000000000000000001000000000000000010000000000000011000000000000000000
000000000000000000000000000000000000000000000000000000000000000000000001000000000000000000000000000100000000000000101000000000000011000000000110000000
000000000000000000000000000000000000000000000000000000000000000000000001000000000000000000000000010010000000000000110000000000000000000000001010000000
000000110000000000000000000000000000000000000000000000000000000000000001000000000000000000000000000110000000000000000000000000000000000000000100000000
000000110000000000000000000000000000000000000000000000000000000000000000000000000000000000000000000110000000000000000000000000000000000000000000000000
000000000011000000000000000000000000000000000000000000000000000111000000000000000000000000000011000100000000000000000000000000000001000000000000000000
000000000100100000000000000000000000000000000000000000000000000000000000000000000000000000000011000100000000000000000000000000000001000000000000000000
000000000010100000000000000000000100000000000000000000000000010000000000000000000000000000000000001000000000000000000000000000000001000000000000000000
000000000001000000000000000000001110000000000000000000000000010000000000000000000000000000000000000000000000000000000000000000000000000000001100000000
000000000000000000000000000000011011000011000000000000000000010000000000000000000000000000000000000001000000000000000000000000000000000000001100000000
000000000000000000000000000000111011100011000000000000000000000000000011000000000000000000000001110111000000000000000000000000000000000000000000000000
000000000000000000000000000000011011000000000000000000000000000111000011000000000000000000000110110011000000000000000000000000000000000000000000000000
000000000000000000000000000000001110000000000000000000000000000000000000000000000000000000000001001100000000000000000000000000000000110000000000000000
010000000000000000000000000000000100000000000000000000000000000000000000000000000000000000000000000000000000000000000000000000000000110000000000000000
101000000000000000000000000000000000000000000000000000000000000000110000000000000000000000001010000000000000011000000000000000000000000000000000000000
101000000000000000000000000000000000000000000000000000000000000000110000000000000011000000011000000000000000011000000000000000000000000000000000000000
010000000000000000000000000000000000000000000000000000000000000000000000000000000100100000001100001000000000000000000000000000000000000000000000000000
000000000000000000000000000000000000000000000000000000000110110000000000000000000100100000000000001110000000000000000000000000000000000000000000000000
000000010000000000000000000000000000000000000000000000000110110000000000000000000011000000000110001110000000000000000000000000000000000000000000000000
000000010000000000000000000000000000000000000000000000000000000000000000000000000000000000001111100110000000000000000000000000000000000000000000000000
000000010000000000000000100011000000000000000000000000000000000000000000000000000000001000000000011100000000000000001000000000000000000000000000000010
000000000000000000000001010110000000000000000000000000000000000000000011001110110000001101010111111000000000000000010100000000000000000000000000000010
000000000000000000000000100010000000000000000000000000000000000000000010000000011000011010101110000000000000000000100100000000000000000000000000000010
000000000000000000000001010000000000000000000000000000000000000000000010110110011000000000110000000000000000000000011000000000000000000000000000000000
000000000000000000000000100000000000000000000000000000000000000000001010001000000000111100000000000000000000000000000000000000000000000110000000000000
000000000000000000000000000000000000000000000000000000000000000000010010110000000000001101000000000000000000000000000000000000000000000100100000000000
000000000000000000000000000011000000000000000000000000000000000000010000110000000000111000000000000000000000000000000000000000000000000100100000000000
000000000000000000000000000100100000000000000000000000000010000000000000111000000000001110000000000000000000000000000000000000000000000001000000000000
000000000000000000000000010000100000000000000000000000000101000000000001000000000000100000000000000000000000000000000000000000000000000111000000000000
000000000000000000000000100000100000000000011000000000000101000000000011000000000001100110000000000000000000000000000000000000000000000000000000000001
000000000000110000000000100011000000000000111001100000000010000000000011011000000001101000000000000000000000000000000000000000000000000000111000000001
100000000001010000000000000000000000000000000011100000000000000000000000100000000000011000000000000000000000000000000000000000000000000001000000000010
000000000000010000000000000000000000000000000000000001100000001100000000000000000000000000000000000000000000000000000000000000000000000000110000000101
000000000000000000000000110000000000000000000110000010010000010010000000000000000000000000000000000000000000000000000000000000000000000000000000000111
000000000000000001110001010000000000000000000111000001100000001100000000000000011000000000000000000000000000000000000000000000000000000000000000000010
000000000000000011000101110000000000000000000010000000000000000000000000000000011000000000000000000000000000000000000000000000000000000000000000000000
000111000000000110010110000000000000000000000110000000000010000000000000000000000100000000000000000000000000000000000000000000000000000000000000000000
000101000000000010000010000000000000000000000100100000000101000000000000000000011000000000000000000000000000000000000000000000000000000000000000000000
001001000001000001100100000000000000000000000111000000000101000000000000000000011000000000000000000000000000000000000000000000000000000000000000000000
001010000001100000000100001000000000000000000010000000000010000000000000000000000000000000000000000000000000000000000000000000000000000110000000000000
000100000010110000000000001000000000000000000000000001000000000000000000000000000000000000000000000000000000000000000000000000000000000110000000000000
000000000001111000000000000000000001000000000000000010100000000000000000000000000000000000000000000000000000000000000000000000000000000000000000001100
000000000001001100000000000000000010100000000000000010100000000000000000000000000000000000000000000000000000000000000000000000000000000000000000000110
000000000000001110000000000011100010100000000000000001000000000000000000000000000000000000000000000000000000110000000000000000000000000000000001011000
000000001111001100000000000111000001000000000000000000000000000000000000000000000000000000000000000000000000110000000000100000000000000000000000100000
000000010000000000000000000010000000000000000000000000000000000000000000000000000000000000000000000000000011010000000001100000000000110000001100000000
000000010000000000000000000000000000000000000000000000000000000000000000000000001110000000000000000000001000110000000011100000000000110000010010000000
000000001100000000000000000000000000000000000000000000000000001000000000000000000000000000000000000000001010100000000000010100000000000000010100000000
000000000000000000110000000000000000000000000000000000000000011100000000000000000000000000000000000000000010100000000000110100000000000000001000000000
000000000000000000110000000000000000000000000000000000000000010010000000000000000000000000000000000000000000101000000001001100000000000000000000000000
000000000000000000000000000000000000000000000000000000000000000111000000000000000000000000000000000000000001000100000011100000000000000000000000000000
000000000000000000000000000000000000000000000000000000000000000000000000000000000000000000000000110000000000011100000101100000000000000000000000000000
000000000000000000000000000000000000001100000000011000000000000000000000000000000000000000000000110000000000001100000111000000000000000000000000000000
000000000000000000000000000000000000001100000000011000000000000000000000000000000000000000000000000000000000000000000010000000000000000000000000000000
000000000000000000000000000000000000000000000000000000011000000000000000000000000000000000000110000000000000000000000000000000000000000111000000000000
000000000000000000000000000000000000000000000000000000100100000000000000000000000000000000001001000000000000000000000000000000000000001001000000110000
000000000000000000000000000000000000000000000000000000011000000000000000000000001111100000000101000000000000000000000000000000000000001100100011001000
000000000000000000000000000000000000000000000000000000000000000000000010000000000001100000000010000000000000000000000000000000000000110001100000000100
000000000000000000000000000000000000000000000000000000000000000000000010000001000101100000000000000000000000000000000000000000000001001000000100010100
000000000000000000000000000000000000000000000000000000000000000000000010000010100000011000000000000000000000000000000000000000000001001000000100011010
000000000000000000000000000000000000000000000000000000000000000000000000000100100100011100000000000000000000000000000000000000000001001000000100101000
000000000000000000000000000000000000000000000000000000000000000000000000000011000010000010000000000000000000000000000000000000000000110011000010001000
000000000000000000000000000000000000000000000000000000000000000000000000000000000000011010000000000000000000000000000000000000000000001100010001000010
000000000000000000000000000000000000000000000000000000000000000000000000000000000011101100000000000000000000000000000000000000000000001000100001000110
000000000000000000000000000000000000000000000000100000000000000000000000000000000010000000000000000000000000000000000000000000000000000110000000011000
000000001100000000000000000000000000000000000001010000000000000000000000000000000000000000000000000000000000000000000000000000001110000000000000000000
000000001100000000000000000000000000000000000001010000000000000000000000000000001100000000000000000000000000000000000000000000000111000000000000000000
000000000000000000000000000000000110000000000000100000000000000000000000000000010010000000000000000000000000000000000000000000000000000000000000000000
