000000000000000000000000010000000110001000000000000000000000000000000000000000000000000000000000000000000000000000000000000000000000001000010000000000
000000000000000000000000000000001100110100000000000000000000000000000000000000000000000000000000001000000000000000000000000000000000001000000000000000
000000000000000000000000000000011001010110011000000000000000000000000000000000000000000000000000001000000000000000000000000000000000001000000000000000
000000000000000000000000000000000100000100011000000000000000000000000000000000000000000000000000001000000000000000000011000000010000000000000000000000
000000000000000000000000000000000000000000000000011100000000000000000000000000000000000000000000000000000000000000000100100000010000000000000000000000
000000000000000000000000000000000000000000000000000000000000000000000000000000000000000000000000000000000000000000000010100000010000000000000000000000
000000000110000000000000000000000000000000000001000001000000000001100000000000000000000000000000000000000000000000000001000000000000000000000000000000
000000001001000000000000000000000000000000000001000001000000000001100000000000000000000000000000000000000000000000000000000000000000000000000000000000
000000001001000000000000000000000000000000000001000001000000000000000000000000000000000000000000000000000000000000000000000000000000000000000000000000
000000000110000000000000000000000000001100000000000000000000000000000000000000000000000000000000000000000000000000000000000000000000000000000000000000
000000000000000000000000000000000000010010000000011100000000000000000000000000000000000000000000000000000000000000000000000000000000000000000000000000
000000000000000000000000000000000000110010000000000000000000000000000000000000000000000000000000000000000000000000000000000000100000000000000000000000
000000000000000000000000000000000000011001000000000000000000000000000000000000000000000000000000000000000000000000000000000000100000000000000000000000
000000000000000000000000000000000000001111000100000000000000000000000000000000000000000000000001000000000000000000000000000000100000000000000000000000
000000000000000000000000000000000000000000000010000000000000000000000000000000000000000000000010100000000000000001100000000000000000000000000000000000
000000000110000000000000000000000001100000000100000000000000000000000000000000000000000000000010100000000000000001100000000000000000000000000000000000
000000000110000000000000000000000001100000000000000000000000000000000000000000000000000000000001000000000000000000000000000000000000000000000000000000
000000000000000000000000000000000000000000000000000000000000000000000000000000000000000000000000000000000000000000000000000000000000000000000000000000
000000000000000000000000000000000000000000000000000000000000000000000000000000000000000000110000000000000000000000000000000000000000000000000000000000
000000000000000000000000000000000000000000000000000000000000000000001000000000000000000001001000000000000000000000000000000111000000000000000000000000
000000000010000000000000000000000000000000000000000000000000000000010100000000000000000000110000000000000000000110000000000000000000000000000000000000
000000000101000011000000000000000000000000000000000000000000000000001000000000000000000000000000000000000000000110000000000000000000000000000000000000
000000000101000011000000000000001000000000000000000000000000000000000000000000000000000000000001000000000000000000000000000000000000000000000000000000
000000000010000000000000000000001000000000000000000000000000000000000000000001000000000000000010100000000000000000000000000000000001100000000000000000
000000000000000000000000000000001000000000000000000000000000000000000000000010100000000000000010100000000000000000000000000000000001100000000000000000
000000000000000000000000000000000000000000000000000000000000000000000000000010010000000000000001000000000000000011100000000000000000000100000000000000
000000000000000000000000000000000000000000000000000000000000000000000000000001100000000000000000000000000000000000000000000000000000000100000000000000
000000000000000000000000000000000000000000000000000000000000000000000000000000000000000000000000000000000000000000000000011000000000000100000000000000
000000000000000000000000000000000000000000000000000000000000000011000000000000000000000000000000000000000000000000000000111111000001100000000000000000
000000000000000000000000000000000000000000000000000000000000000011000000000000000000000000000000000000000000000000000001101011100010010000000000000000
000000000000000000000000000000000000000000000000000000000000000000000000000000000000000000000000000000000000000000000001111001000001010000000000000000
000000110000000000000000000000000000000000000000000100000000000000000000000000000000000000000000000000000000000000000011100001000000100000000000000000
000000110000000000000000000000000111000000000000000100000000000000000000000000000000000000000000000000000000000001100011010000000000000000000000000000
000000000000000000000000000000000000000000000000000100000000000000000000000000000000000011000000000000000000000001100100100010000000000000000000000000
000000000000000000000000000000000000000000000000000000011000000000000000000000000000000011000000000000000000000000000010000100000001100000000000000011
000000000000000000000000000000000000000000000000000000100100000000000000000000000000000000000000000000000000000000000001001000000000100000000000000011
000000000000000000000000000000000000011000000000000000011000000000000000000000000000000000000000000000000000000000000001000000000100000000000000000000
000000000000000000000000000000000000011000000000000000000000000000000000000000000000000000000000000000000000000000000000010000000110000000000000000000
000000000000000000000000000000000000000000000000000000000000000000000000000000001000000000000000000000000000000000000000101000000000000000000000000000
000000000000000000000000000000000000000000000000000000000000000000000000000000010010000000000000000000000000000000011100011000000000000000000000000000
000000010000000000000000000000000000000000000000000000000000000000000000000000010010000000000000000000000000000000001000000000000000000000000000000000
000000011000000000000000000000000000000000000000000000000000000000000000000000000100000000000000000000000000000000000100000000000000000000000000000000
000000101000000000000000000000000000000000000000000110000000000000000000000000000000000000000000000000000000000000000000000000000000000000000000000000
000000000000000000000000000000000000000000000000001001000000000000000000000000000000000010000000000000000000000000000000000000000000000000000000000000
000001100000000000000000000000000000000000000000001010000000000000000000000000000000000101000000000000000000000000000000000000000000000000000000000000
000000110110000000000001100000000000000000000000000100000000000000000000000000000000000011000000000000000000000000000000000000000000000000000000000000
000000110100000000000010010000000000000000000000000000000000000000000000000000000000000000000000000001000000000000000000000000000000000000000000000000
000000010001000000000001100000000000000001100000000000000000000000000000000001000000000000000110000010100000000000000000000000000000000000001100000000
000000000000000000000000000000000000000001100000000000000000000000000000000001000000000000000110000010100000000000000000000000000000000000011010000000
000000010010000000000000000000000000000000000000000000000000000000000000000001000000000000000000000001000000000000000000000000000000000000001011000000
000000000000000000000000000000000000000000000000000000000000000000000000000000000000000000000000000000000000000000000000000000000000000000000010000000
000011001110100000000000000000000000000000000000000000000000000000000000000000000000000000000000110000000000000000000000000000000000001000001000000000
001001000000100000000000000000000000000000000000000000000000000001100000000000000000000000000001001000000000000000000000000000000000010100000010000000
001000000000000000000000000000000000000000000000000000000000000001100110000000000000000000000000110000000000000000000000000000000000110110010001000000
001011000000000000000000000000000000000000000000000000000000011000000110000000000000000000000000000000000000000000000000000000011000010010000001100000
000000000000000000000000000000000000000000000000000000000000011000000000000000000000000000000000000001000000000000000100000000111000011000001100010000
010100000000000101110000000000000000000000000000000000000000000000000000000000000000000000000000000010100000000000000100001111100100001000000011100000
001000000000011010001001000000000000000000000000000000000000000000000000000001100000000000000000000010100000000000011100001111011000000000000000000000
000000000000011000000111000000000000000000000000000000000000000000000000000010010000000000000000000001000000000000000000001100100000000000000000000000
000000000000010011111110000000000000000000000000000000000000000000000000000001010000000000000000000000000000000000000000000010100000000000000000000000
111000000100001010000100001100000000000000000000000000000000000000000000000000100000000000000000000000000000000000000000000011000000000000000000000000
111000011011000000000000001100000000000000000000000000000000011000000000000000000000000000000000000000000110000000000000000000000000000000000000001000
010000011011000000000000000000000000000000001100000000000000011000000000000000000000000000000000000000000110000110000100011000000000000000000000000000
000100011001000000000000000000000011100000001100000000000000000000000000000000000000000000000000000000000000000110001010011000000000000000000000000110
110110000110000000000000000000000000010000000000000000000000000000000001100000000000000000000000000000000000000000000100000000000000000000000000000111
001100000000000000000000000000000000010000000000000000000000000000000010010000000000000000000000000000000000000000000000011000000000000000000000001011
001000000000000000000000000000001100100000000000000000000000000000000001100000000000000100000000000000000000000000000000011000000000000000000000100000
001000000000000000000000000000010111100010000000000000000000000000000000000000000000001010000000001000000000000000000000000000000000000000000000000100
000000000000000000000000000000010110110010000000000000010000110000000000000000000000000100000000010100000000000000000000000000000000000000000000010000
001000000000000000000000000000001100111010000000000000010001001000000000000000000000000000000000010010000000000000000000000000000100000000000000000010
100000000000000000000000000000001100111000000000000000010000110000000000000000000000000000000000001100000000000000000000000000000100000000000000000000
000000000000000000000000000000000000010100000000000000000000000000000000001100000000000000000000000000000010000001000000000000000100000000000000000000
000000000000000000000000000000000000010001000000000000000000000000000000001010000000000000000000000000000010000011100000000000000000000000000000000000
000000000000000000000000000000000000010001000000000000000000000000000000000110000000000000000000000000000010001101100000000001000000000000000000000000
000000000000000000000000000000000000001110000000000000000000000000000000000000000000000000000000000000000000111110000010000001000000000000000000000000
000000000000000000000000000111000000000000000000000000000000000000000000000000000000000000000000000000000001000100000111000001000000000000010000000000
000000000000000000000000000000000000000000000000000000000000000000000000010000000000000000000000000000000010000001000110100000000000000000101000000000
000000000000000000000000000000000000100000001110000000110000000000000000111000000000000000000000000000000010001110110110110000000000000001101100000000
000000000000000000000000000000000001111000000110000001111000000000000001001100000000000000000000000000000010001110100111100000000000000000000100000000
000000000000000000000000000000000011000100000100000011000100000000000001100010000000000000000000000000000001000001100000000000000000000000000101000000
000000000001000000000000000000000100000010001000000000000000000000000000000011000000000000000000000000000000000000000110000000000000000000000010110000
000000000110010000000000000000000101000010000000111010101000000000000000000011100000000000000000000000000000000000000100000000000000000001101000101000
000000110000110000000000000000000100000010000000110011010000000000000000000011000000000000000000000000000000001100000000000000000000000011000001111000
000001001110110000000000000000000111001000000000000010001000000011000001100010000000000000000000000000000000001100000000000000000000001110010000000000
000010001000000000000000000000000110101100000000000001001000001000000001001100000000000000000000000000000000000000000000000000000000010100100010000000
000001010000000000000000000000000000110000000000000000111000000100010000111000000000000000000000000000000000000000000000000000000000100010100000000000
010000100000000000000000000011000001100000000000000000000000000100001000010000000000000000000000000000000000000000000000000000000000010100100010000000
101000000000000000000000000100100000000000000000000000000000000010110000000000000000000000000000000000000000000000000000000000000001111110010000000000
101000000000000000000000000010100000000111000000000000000000000011100000000000000001100000000000000000000000000000000000000000000001000011000001111000
010000000000000011000000000001000000000000000001000000000000000000000000000000000001100000000000000000000000000000000000000000000001000001101000101000
000000000000000100100000000000000000000000010001000000000000000000000000000000000000000000000000000000000000000000000000000000000000000000000010110000
000000000000000011000000000000000000000000110000100000000000000000000000001010000000000000000000000000000000000000000000000000000000000000000101000000
000000000000000000000110000000000000000000100101000000000000000000000000000110000000000000000000000000000000000000000000000000000000000000000100000000
000000000010000000000110011100011100000000011111000000000000000000000000000100000000000000000000000001100000000000000000000000000000000001101100000000
000000000010000000000000000000000000000000001110000010000000000000000000000000000000000000000000000001100000000000000000000000000000110000101000000000
000000000010000000000000000001000000000000000000000101000000000000000000000000000000000000000000000000000000000000000000000000000000110000010000000000
000000000000000000000000000001000000000000000000000101000000000000000000000000000000000000000000000000000000000000000000000000000000000000000000000000
000000000000000000000000000001000000000000000000000010000000000000000000000000000000000000000000000000000000000000000000000000000000000000000000000000
000000000000000000000000000000000000000000000000000000000000000000000000000000000000000000000000000000000000000000000000000000000000000000000000000000
000000000000000000000000000000000000001100000000000000000000000000000000000010000000000000000000000000000000000000000000000000000000000000000000000000
000000000010000000000000000000000000001100000000000000000000000000000000001101100000000000000000000000000000000000000000000000000000000000000000000000
000000000101000000000000000000000000000000000000000000000000000000000110001101100001000000000000000000000000000000000000000000000000000000000000000000
000000000100100000000110000000000000000000000000000000000000000000000011001101100010100000000000000000000000000000001000000000000000000000000000000000
000000000011000000000110000110000000000000000000000000000000000000000000000010000010110000000000000000000000000000010100000000000000000000000000000000
000000000000000000000000000110000000000000000000000000000000000000000000000000000001000000000000000000000000000000100100000000000000000000000000000000
000000000000000000000000000000000000000000000000000000000000000000000000000000000000000000000000000000000000000000011000000000000000001100000000000000
000000000000000000000000000000000000000000000000000000000000000000000000000000000000000000000000000000000000000000000000000000000000010100000000000000
000000000000000000000000000000000000000000000000000000000000000000000000000000000000000000000000000000000000000000000000000000000000001000000000000000
000000000000000000000000000000000000000000000000000000000000000000000000000000000000000000000000000000000000000000000000000000000000000000000000000000
000000000100000000000000000000000000000000000000000000000000000000000000000000000000000000000000000000000000000000000000000000000000000000000000000000
000000001010000000000000000000000000000000000000000000000000000000000000000000000000000000000000000000000000000000000000000000000000000000000000000000
000000001010000000000000000000000000001100000000000000000000000000000000000011111000000000011000000000000000000000000000000000000000000000000000000000
000000000100000000000000001100000000001100000000000000000000000000000000000011000000000000100100000000000000000000000000000000000000000111000000000000
000000000000000000000000001100000000000000000000000000000000000001000000000001100000000000011000000000000000000000000000000000000000000000000000000000
000000000000000000000000000000000000000000000000000000000100000001000000000010100000000000000000000000000000000000000000000000000000000000000000000000
000000000000000000000000000000000000000000000000000000001110001111000000000001000000000000000000000000000000000000000000000000000000000000000000000000
000000000001000000000000000000000011100000000000000000011110001110000000000001000000000000000000000000000000000000000000000000000000000000000000001100
000000000001000000000000000000000000000000000000000000000000000100000000000000000000000000000000000000000000000000000000000000000000000000000000001100
000000000001000000000000000000000000001000000000000000000000000000000000000000000000000000000000000000000000000000000000000000000000000000000000000000
000000000000000000000000000000011000001000000000000000110000000000000000000000000000000000000000000000000000000000000000000000000000000000000000000000
000000000000000110000000000000011000001000000000000000110001110000000000000000000000000000000000000000000000000000000000000000000000000000000000000000
000000000000001001000000000000000000000000000000000000000001111000000000000000000000000000000000000000000000000000000000000000000000000110000000000000
000000000000000110000000000000000011100000110000000000000000100110000000000000000000000000000000000000000000000000000000000000000000000110000000000000
000000000000000000000001100110000000000000110000000000000000000000000000000000000000000000000000000000000000000000000000000000000000000000000000000000
000000000000000000000001100110011000000000000000000000000000100000100000000000000000000000000000000000000000000000000000000000000000000000000000000000
000000000011000000000000000000011000001100000000000000000000100000100000000000000000000000000000000000000000010000000000000000000000000000000000000000
000000000101000000000000000000000000010010000000000000000000100000100000000000000000000000000000000000000000101000000000000000000000000000000000000000
000110000010000000000000000000000000001100000000000000000000000000000011000000000000000000000000000000000001001000000000000000000000000000001100000000
000110000000000000000000000000000000000000000000000000000000001110000100100000000000000000000000000000000000110000000000011000000000000000010010000000
000000000000000000000000000000000000000000000000000000000000000000000011000000000000000000000000000000000000000000000000011000000000000000010100000000
000000000000000000000000000000000000000000000000000000000000000000000000000000000000000000000000000000000000000000000000000000000000000000001000000000
000000000000000000000000000000000000000000000000000000000000000000000000000000000000000000000000000000000000000000000000000000000000000000000000000000
000000000000000000000000001100000000000000000000000000000000000000000000000000000000000000000000000000000000000000000000000000000000000000000000000000
000000000000000000000000001100000000000000000000000000000000001000000000000000000000000000000000000000000000000000000000000000000000000000000000000000
000000000000000000000111000000000000000000000000000000000000010100000000000000000000000000000000000000000000000000000000000000000000000000000000000000
000000000000000000000000000000000000000000000000000000000000010100000000000000000000000000000000000000000000000000000000000000000000000000000000000000
000000000000000000010000010000000000000000000000000000000000001000000000000000000000000000000000000000000000000000000000000000011000000011000000000000
000000000000000000010000010000000000000000000000000000000000000000000000000000000000000000000000000000000000000000000000000000100100000100100000000000
000000000000000000010000010000000000000000000000000000000000000000000000000000000000000000000000000000000000000000000000000000011000000011000000000000
000000000000000000000000000000000000000000000000000000000000000000000000000000000000000000000000000000000000000000000000000000000000000000000000000000
000000000000000000000000000000000000000000000000000000000000000000000000000000000000000000000000000000000000000000000000000000000000100000000000000000
000000000000000000000000000000000000000000000000000000000000000000000000000000000000000000000000110000000000000000000000000000000001010000000000000000
000000000000011100000000000000000000000000011000000000000000000000000000000000000000000000000000110000000000000000000000000000000001010000000000000000
000000000000000000000000000000000000000000100100000000000000000000000000000000000000000000000000000000000000000000000000000000000000100000000000000000
000000000001000001000000000000000000000000011000000000000000000000000000000000000000000000000000000000000000000000000000000000000000000000000000000000
000000000010100010100000000000000000000000000000000000000000000000000000000000000000000000000000000000000000000000000000000000000000000000000000000000
000000000010100010100000000000000000000000000000000000000000000000000000000000001100000000000000000000000000000000000000000000000000000000000000000000
000000000001000001000000000000000000000000000000000000000000000000000000000000001100000000000000000000000000000000000000000000000000000000010000000000
000000000000000000000000010000000001100000000000000000000000000000000000000000000000000000000000000000000000000000000000000000000000000000101000000000
000000000000000000000000010000000011110000000000000000000000000000000000000000000000000000000000000000000000000000000000000000000000000000101000000000
