000000000000000000000000000000001010111000000000000000000000000000000000000000000000000000000000000000000000000000000000000000000000000000010000000000
000000000000000000000000000000000100010000000000000000000000000000000000000000000000000000000000000000000000000000000000000000000000011100000000000000
000000000000000000000000000000000011100000011000000000000000000000000000000000000000000000000000011100000000000000000000000000000000000000000000000000
000000000000000000000000000000000000000000011000001000000000000000000000000000000000000000000000000000000000000000000011000000000000000000000000000000
000000000000000000000000000000000000000000000000001000000000000000000000000000000000000000000000000000000000000000000100100000111000000000000000000000
000000000000000000000000000000000000000000000000001000000000000000000000000000000000000000000000000000000000000000000010100000000000000000000000000000
000000000110000000000000000000000000000000000000000000000000000001100000000000000000000000000000000000000000000000000001000000000000000000000000000000
000000001001000000000000000000000000000000000011100011100000000001100000000000000000000000000000000000000000000000000000000000000000000000000000000000
000000001001000000000000000000000001110000000000000000000000000000000000000000000000000000000000000000000000000000000000000000000000000000000000000000
000000000110000000000000000000000010000011100000001000000000000000000000000000000000000000000000000000000000000000000000000000000000000000000000000000
000000000000000000000000000000000100001000000000001000000000000000000000000000000000000000000000000000000000000000000000000000000000000000000000000000
000000000000000000000000000000001000101000000000001000000000000000000000000000000000000000000000000000000000000000000000000000000000000000000000000000
000000000000000000000000000000001001000000000000000000000000000000000000000000000000000000000000000000000000000000000000000001110000000000000000000000
000000000000000000000000000000001010000000000000000000000000000000000000000000000000000000000001000000000000000000000000000000000000000000000000000000
000000000000000000000000000000000000000000000000000000000000000000000000000000000000000000000010100000000000000001100000000000000000000000000000000000
000000000110000000000000000000000000000000000000000000000000000000000000000000000000000000000010100000000000000001100000000000000000000000000000000000
000000000110000000000000000000000000000000000000000000000000000000000000000000000000000000000001000000000000000000000000000000000000000000000000000000
000000000000000000000000000000000000000000000000000000000000000000000000000000000000000000000000000000000000000000000000000000000000000000000000000000
000000000000000000000000000000000000000000000000000000000000000000000000000000000000000000110000000000000000000000000000000010000000000000000000000000
000000000000000000000000000000000000000000000000000000000000000000001000000000000000000001001000000000000000000000000000000010000000000000000000000000
000000000010000000000000000000000000000000000000000000000000000000010100000000000000000000110000000000000000000110000000000010000000000000000000000000
000000000101000011000000000000000000000000000000000000000000000000001000000000000000000000000000000000000000000110000000000000000000000000000000000000
000000000101000011000000000000000000000000000000000000000000000000000000000000000000000000000001000000000000000000000000000000000000000000000000000000
000000000010000000000000000000011100000000000000000000000000000000000000000001000000000000000010100000000000000000000000000000000001100000000000000000
000000000000000000000000000000000000000000000000000000000000000000000000000010100000000000000010100000000000000001000000000000000001100000000000000000
000000000000000000000000000000000000000000000000000000000000000000000000000010010000000000000001000000000000000001000000000000000000000000000000000000
000000000000000000000000000000000000000000000000000000000000000000000000000001100000000000000000000000000000000001000000000000000000001110000000000000
000000000000000000000000000000000000000000000000000000000000000000000000000000000000000000000000000000000000000000000000000000000000000000000000000000
000000000000000000000000000000000000000000000000000000000000000011000000000000000000000000000000000000000000000000000000000000000001100000000000000000
000000000000000000000000000000000000000000000000000000000000000011000000000000000000000000000000000000000000000000000000000000000010010000000000000000
000000000000000000000000000000000000000000000000000000000000000000000000000000000000000000000000000000000000000000000000000000000001010000000000000000
000000110000000000000000000000000010000000000000000000000000000000000000000000000000000000000000000000000000000000000000000000000000100000000000000000
000000110000000000000000000000000010000000000000001110000000000000000000000000000000000000000000000000000000000000000000000000000000000000000000000000
000000000000000000000000000000000010000000000000000000000000000000000000000000000000000011000000000000000000000000001110000000000000000000000000000000
000000000000000000000000000000000000000000000000000000011000000000000000000000000000000011000000000000000000000001111001101000000001100000000000000011
000000000000000000000000000000000000000000000000000000100100000000000000000000000000000000000000000000000000000110101011010100000001100000000000000011
000000000001000000000000000000000000011000000000000000011000000000000000000000000000000000000000000000000000000100100000001110000110000000000000000000
000000000010100000000000000000000000011000000000000000000000000000000000000000000000000000000000000000000000000111000000001100000110000000000000000000
000000000001100000000000000000000000000000000000000000000000000000000000000000000000000000000000000000000000000000000001011000000000000000000000000000
000000000000110000000000000000000000000000000000000000000000000000000000000000011100000000000000000000000000000000001011011000000000000000000000000000
000000000000000000000000000000000000000000000000000000000000000000000000000000001110000000000000000000000000000000010111011000000000000000000000000000
000000000000000000000000000000000000000000000000000000000000000000000000000000000000000000000000000000000000000000010011110000000000000000000000000000
000000000000000000000000000000000000000000000000000110000000000000000000000000000000000000000000000000000000000000001000100100000000000000000000000000
000000001000000000000000000000000000000000000000001001000000000000000000000000000000000010000000000000000000000000000110000100000000000000000000000000
000000001100000000000000000000000000000000000000001010000000000000000000000000000000000101000000000000000000000000000000111000000000000000000000000000
000000000010000000000001100000000000000000000000000100000000000000000000000000000000000011000000000000000000000000000000000000000000000000000000000100
000000011011000000000010010000000000000000000000000000000000000000000000000000000000000000000000000001000000000000000000000000000000000111100000001010
000000000011110000000001100000000000000001100000000000000000000000000000000000000000000000000110000010100000000000000000000000000000001000010000011010
000000011101001100000000000000000000000001100000000000000000000000000000000011100000000000000110000010100000000000000000000000000000001001101010010100
000000000000000010000000000000000000000000000000000000000000000000000000000000000000000000000000000001000000000000000000000000000010001111000000100000
000000000001000010100000000000000000000000000000000000000000000000000000000000000000000000000000000000000000000000000000000000001100000101111101000000
000111000011000010010000000000000000000000000000000000000000000000000000000000000000000000000000110000000000000000000000000000000100000011000000001000
011000000001000011111000001000000000000000000000000000000000000001100000000000000000000000000001001000000000000000000000000000000111000000001110011100
011011000000000000010000011100000000000000000000000000000000000001100110000000000000000000000000110000000000000000000001000000000011110110000001100000
000000000000100000010000101010000000000000000000000000000000011000000110000000000000000000000000000000000000000000010110010000000000000100000000101100
000000000000000000100000100010000000000000000000000000000000011000000000000000000000000000000000000001000000000000101000000000000010011011000011000100
000000000000000111000011000001100000000000000000000000000000000000000000000000000000000000000000000010100000000000000010001000000010010001110010010100
000000000000000011000100001000010000000000000000000000000000000000000000000001100000000000000000000010100000000000011110001000000001100000101000100110
000000000110000101001110010100111000000000000000000000000000000000000000000010010000000000000000000001000000000000000001100000000000000000100100000110
000000001101001101000100001000010000000000000000000000000000000000000000000001010000000000000000000000000000000000000000000000000000000000011000000000
000000011110001010000011000001100000000000000000000000000000000000000000000000100000000000000000000000000000000000000000000000000000000000000000100000
000000011000100000000000100010000000000000000000000000000000011000000000000000000000000000000000000000000110000000000000000000000000000000000000100000
000000011100100000000000101010000000000000001100000000000000011000000000000000000000000000000000000000000110000110000100000000000000000000000000000000
000001010101110111000000011100000000000000001100000000000000000000000000000000000000000000000000000000000000000110001010000000000000000000000000000000
000110100001000110000000001000000000000000000000000000000000000000000001100000000000000000000000000000000000000000000100000000000000000000000000000000
000110110000000100000000000000001110001000000000000000000000000000000010000000000000000000000000000000000000000000000000011000000000000000000000000000
000000000000000000000000000000011010001010000000000000000000000000000011010000000000000100000000000000000001110000000000011000000000000000000000000000
000000000000000000000000000000000011000001000000000000000000000000000001010000000000001010000000001000000001000000000000000000000000000000000000000000
000000000000000000000000001110010110001110000000000000000000110000000001101100000000000100000000010100000000100000000000000000000000000000000000000000
000000000000000000000000000000000000010000000000000000111001001000000000001010000000000000000000010010000000000000000000000000000000000000000000000000
000000000000000000000000000000100000000000000000000000000000110000000000001001000000000000000000001100000000000000000000000000001110000000000000000000
000000000000000000000000000010010010000000000000000000000000000000000000001101000000000000000000000000000011000000000000000000000000000000000111100000
000000000000000000000000000010000101000000000000000000000000000000000000111011000000000000000000000000000100100000000000000000000000000000000110110000
000000000000000000000000000010110011011000000000000000000000000000000010111000000000000000000000000000000011000000000111000000000000000000000001101000
000000000000000000000000000110100000011000010000000000000000000000000000100010100000000000000000000000000000000000001001000011100000000001100000001000
000000000000000000000000000111011000000100010000000000000000000000010001000001000000000000000000000000000000000000001000100000000000000001000000010000
000000000000000000000000000000000000100100100000000000000000000000100000110000000000000000000000000000000000000000010000000000000000000000000000000000
000000000000000000000000000000001010110100101000000000000000000000101101001000000000000000000000000000000000000000001100011000000000000000000000000000
000000000000000000000000001000010100011111100100000000000000000010000001111000000000000000000000000000000000000000000010000010000000000000000000000000
000000000000000000000000001000011000000001101000000000001000010100010010001100000000000000000000000000000000000000000001000010000000000000001111000000
000000000000000000000000000000000100000111000000001110000010001111000111001000000000000000000000000000000000000000000010000010000000000000010000100000
000000000000000000000000000000001000001110000000011110000000000000110000001010000000000000000000000000000000000000001100011000000000001000000001100000
000000000000000000000000000100110000010010000000100010010010000000010001100001000000000000000000000000000000000000010000000000000000001010011001100000
000000000000001000000000000000010000110110000000011010010100000000000000001010000000000000000000000000000000000000001000100000000000000010001101100000
000000000000010100000000000000100000010000000000001101101000010000001000111000000000000000000000000000000000000000001001000000000000001010000101000000
000000000000100100000000000010100000000000000000000000011000001110000101100000010000000000000000000000000000000000000111000000000000001100000010000000
000000000000011000000000000011000000000000011000000000000000001101000011000001010000000000000000000000000000000000000000000000000111001110000000000000
000000000000000000000000000000000000000011101100000000000000000110100011001100000000000000000000000000000000000000000000000000000111000100000000000000
110000000000000000000000000000000000000100110000000000000000000001000100100000010001100000000000000000000000000000000000000000000111011000000000000000
110000000000000011000000000001100000001101010000000000000000000000000011010000010001100000000000000000000000000000000000000000000100110000000000000000
000000000000000100100000000000000000001100000000000000000000000000000000011001100000000000000000000000000000000000000000000000000011000000000000000000
000000000000000011000000000000000000000100000000000000000000000000000000011011000000000000000000000000000000000000000000000000000000000000010000000000
000000000000000000000110001000001000000000000000000000000000000000000000001010000000000000000000000000000000000000000000000000000000000000110000000000
000000000000000000000110001000001000000000000000000000000000000000000000000100000000000000000000000001100000000000000000000000000000000001100011000000
000000000111000000000000001000001000000000000000000010000000000000000000000000000000000000000000000001100000000000000000000000000000000011100011100000
000000000000000000000000000000000000000000000000000101000000000000000000000000000000000000000000000000000000000000000000000000000000000001100100100000
000000000000000000000000000011100000000000000000000101000000000000000000000000000000000000000000000000000000000000000000000000000000000000100001110000
000000000000000000000000000000000000000000000000000010000000000000000000000000000000000000000000000000000000000000000000000000000000000000010001101000
000000000000000000000000000000000000000000000000000000000000000000000000000000001000000000000000000000000000000000000000000000000000000000000111110000
000000000000000000000000000000000000001100000000000000000000000000000000001000010100000000000000000000000000000000000000000000000000000000000011100000
000000000010000000000000000000000000001100000000000000000000000000000000001000100100000000000000000000000000000000000000000000000000000000000000000000
000000000101000000000000000000000000000000000000000000000000000000000000001100000000000000000000000000000000000000000000000000000000000000000000000000
000000000100100000000110000000000000000000000000000000000000000000000000000000010100000000000000000000000000000000001000000000000000000000000000000000
000000000011000000000110000110000000000000000000000000000000000000000000000000000110000000000000000000000000000000010100000000000000000000000000000000
000000000000000000000000000110000000000000000000000000000000000000000000001000010010000000000000000000000000000000100100000000000000000000000000000000
000000000000000000000000000000000000000000000000000000000000000000000000001001001100000000000000000000000000000000011000000000000000001100000000000000
000000000000000000000000000000000000000000000000000000000000000000000000001000011000000000000000000000000000000000000000000000000000010100000000000000
000000000000000000000000000000000000000000000000000000000000000000000000000110110000000000000000000000000000000000000000000000000000001000000000000000
000000000000000000000000000000000000000000000000000000000000000000000000000000110000000000000000000000000000000000000000000000000000000000000000000000
000000000100000000000000000000000000000000000000000000000000000000000000000000000000000000000000000000000000000000000000000000000000000000000000000000
000000001010000000000000000000000000000000000000000000000000000000000000000100000000000000000000000000000000000000000000000000000000000000000000000000
000000001010000000000000000000000000001100000000000000000000000000000000010001000000000000011000000000000000000000000000000000000000000010000000000000
000000000100000000000000001100000000001100000000000000000000000000000000100000000000000000100100000000000000000000000000000000000000000010000000000000
000000000000000000000000001100000000000000000000000000001110000000000001000001000000000000011000000000000000000000000000000000000000000010000000000000
000000000000000000000000000000000000000000000000000000000000000000000001000110000000000000000000000000000000000000000000000000000000000000000000000000
000000000000000000000000000000000001000000000000000000000010001100000001000100000000000000000000000000000000000000000000000000000000000000000000000000
000000000000000000000000000000000001000000000000000000100100001100000000100000000000000000000000000000000000000000000000000000000000000000000000001100
000000000011100000000000000000000001000000000000000001011000000000000000011100000000000000000000000000000000000000000000000000000000000000000000001100
000000000000000000000000000000000000000000000000000001000010000000000000000000000000000000000000000000000000000000000000000000000000000000000000000000
000000000000000000000000000000011000011100000000000000101100000000000000000000000000000000000000000000000000000000000000000000000000000000000000000000
000000000000000110000000000000011000000000000000000000000001000000000000000000000000000000000000000000000000000000000000000000000000000000000000000000
000000000000001001000000000000000001000000000000000000000010000000000000000000000000000000000000000000000000000000000000000000000000000110000000000000
000000000000000110000000000000000001000000110000000000000010000000000000000000000000000000000000000000000000000000000000000000000000000110000000000000
000000000000000000000001100110000001000000110000000000000001101011000000000000000000000000000000000000000000000000000000000000000000000000000000000000
000000000000000000000001100110011000000000000000000000000010000110000000000000000000000000000000000000000000000000000000000000000000000000000000000000
000000000011000000000000000000011000001100000000000000000000001100110000000000000000000000000000000000000000010000000000000000000000000000000000000000
000000000101000000000000000000000000010010000000000000000000011000000000000000000000000000000000000000000000101000000000000000000000000000000000000000
000110000010000000000000000000000000001100000000000000000000000000000011000000000000000000000000000000000001001000000000000000000000000000001100000000
000110000000000000000000000000000000000000000000000000000000001100000100100000000000000000000000000000000000110000000000011000000000000000010010000000
000000000000000000000000000000000000000000000000000000000000000100000011000000000000000000000000000000000000000000000000011000000000000000010100000000
000000000000000000000000000000000000000000000000000000000000000000000000000000000000000000000000000000000000000000000000000000000000000000001000000000
000000000000000000000000000000000000000000000000000000000000000000000000000000000000000000000000000000000000000000000000000000000000000000000000000000
000000000000000000000000001100000000000000000000000000000000000000000000000000000000000000000000000000000000000000000000000000000000000000000000000000
000000000000000000000010001100000000000000000000000000000000001000000000000000000000000000000000000000000000000000000000000000000000000000000000000000
000000000000000000000010000000000000000000000000000000000000010100000000000000000000000000000000000000000000000000000000000000000000000000000000000000
000000000000000000000010000000000000000000000000000000000000010100000000000000000000000000000000000000000000000000000000000000000000000000000000000000
000000000000000000000000000000000000000000000000000000000000001000000000000000000000000000000000000000000000000000000000000000011000000011000000000000
000000000000000000111000111000000000000000000000000000000000000000000000000000000000000000000000000000000000000000000000000000100100000100100000000000
000000000000000000000000000000000000000000000000000000000000000000000000000000000000000000000000000000000000000000000000000000011000000011000000000000
000000000000000000000000000000000000000000000000000000000000000000000000000000000000000000000000000000000000000000000000000000000000000000000000000000
000000000000000000000000000000000000000000000000000000000000000000000000000000000000000000000000000000000000000000000000000000000000100000000000000000
000000000000001000000000000000000000000000000000000000000000000000000000000000000000000000000000110000000000000000000000000000000001010000000000000000
000000000000001000000000000000000000000000011000000000000000000000000000000000000000000000000000110000000000000000000000000000000001010000000000000000
000000000000001000000000000000000000000000100100000000000000000000000000000000000000000000000000000000000000000000000000000000000000100000000000000000
000000000001000001000000000000000000000000011000000000000000000000000000000000000000000000000000000000000000000000000000000000000000000000000000000000
000000000010100010100000000000000000000000000000000000000000000000000000000000000000000000000000000000000000000000000000000000000000000000000000000000
000000000010100010100000000000000000000000000000000000000000000000000000000000001100000000000000000000000000000000000000000000000000000000000000000000
000000000001000001000000000000000110000000000000000000000000000000000000000000001100000000000000000000000000000000000000000000000000000000010000000000
000000000000000000000000000000000111100000000000000000000000000000000000000000000000000000000000000000000000000000000000000000000000000000101000000000
000000000000000000000000111000001000010000000000000000000000000000000000000000000000000000000000000000000000000000000000000000000000000000101000000000
