10000100000000001101000000000000011000000000000001
00010000000010000010000000000000000000000000000000
00000000000010000000000000000000000000000000000000
00000000000010000000000000000000000000000000000000
00000000000000000000000000000000000000000000000000
00000000000000000000011000000000000000000000000000
00000110000000000000101000000000000000000000000010
00001001000000000000010000000000001110000000000010
00000110000000000000000000000000000000000000000010
01100000001100110000000000000000000000000000000000
01100000001100110000000010100000000001110000000000
10100000000000000000001100110001100000000000000000
01100000000000000000001100000010010000000000110000
00100000000000000000000000000001100000000000011100
00110000000000000000000000000000000000000000000010
01110000000000000000000000000000000000000000001111
00100000000000000011000000001111100000000000001100
00000000000000000111100000000111100000000000000010
00000000000000001111010000000011000000000000100001
11000000000001111000000000000000000000000000000000
01100000000100001110000000000100001000100000000000
10100000000101000111000000000011010101001000000111
01100000000010000001000000010010111001001000010001
01100000000000000000000000111100011000100100010101
00000000000000000000000000010000000000001100001000
00000000000000000001110000000000000000100100000000
10000000000000000000000001000000000000011000000000
00010000001000000000000010011100000000000001000010
00011000111100000000101000000110000000000010000010
10001000000010000000011010011110000000000001000010
00011100100100000000000001111100011000000000000000
01100100011000000000000000011000011000000000000000
00000100000000000000000000000000000000000000000100
00001000000011100000000000000000000000000011010000
00111100000100110000000000001000000000000001010100
00000110000100001111000000111100000000000001000111
01000000000011000110100000010010000000000001001001
11110010000000001000101000111100000000000001000000
00000000000000100001000101000000000000000000110000
01001000011010000000101001011100000010000000110000
00110000100100110000110010000111000000100000000000
00000000000110000000000001100110000000100000111110
00000000110101100000000000000100000000111000100110
00000011101000100100000000010101010100110000101100
00001101011000100100000001101101001010100000010000
00011110000100000000000001101110000011000000000000
01111011000011110111000011001010000010000000000000
01000011000001101001000011011010000000000000000011
00000000000000000001000001010000001100000000000010
10000010000001110000000000100001100100000000000010
