000000000000000000000000000000000000000000000000000000000000000000000000000000000000000000000000000000000000000000000000000000000000000000010000000000
000000000000000000000000000000000000000000000000000000000000000000000000000000000000000000000000000000000000000000000000000000000000011100000000000000
000000000000000000000000000000000000000000011000000000000000000000000000000000000000000000000000011100000000000000000000000000000000000000000000000000
000000000000000000000000000000000000000000011000001000000000000000000000000000000000000000000000000000000000000000000011000000000000000000000000000000
000000000000000000000000000000000000000000000000001000000000000000000000000000000000000000000000000000000000000000000100100000111000000000000000000000
000000000000000000000000000000000000000000000000001000000000000000000000000000000000000000000000000000000000000000000010100000000000000000000000000000
000000000110000000000000000000000000000000000000000000000000000001100000000000000000000000000000000000000000000000000001000000000000000000000000000000
000000001001000000000000000000110000000000000011100011100000000001100000000000000000000000000000000000000000000000000000000000000000000000000000000000
000000001001000000000000000000110000000000000000000000000000000000000000000000000000000000000000000000000000000000000000000000000000000000000000000000
000000000110000000000000000000000000110000000000001000000000000000000000000000000000000000000000000000000000000000000000000000000000000000000000000000
000000000000000000010100000000000000110000000000001000000000000000000000000000000000000000000000000000000000000000000000000000000000000000000000000000
000000000000000000011000000000000000000000000000001000000000000000000000000000000000000000000000000000000000000000000000000000000000000000000000000000
000000000000000000001000000000000000000000000000000000000000000000000000000000000000000000000000000000000000000000000000000001110000000000000000000000
000000000000000000000000000000000000000000000000000000000000000000000000000000000000000000000001000000000000000000000000000000000000000000000000000000
000000000000000000000000000000000000000000000000000000000000000000000000000000000000000000000010100000000000000001100000000000000000000000000000000000
000000000110000000000000000000001000000000000000000000000000000000000000000000000000000000000010100000000000000001100000000000000000000000000000000000
000000000110000000000000000000000110000000000000000000000000000000000000000000000000000000000001000000000000000000000000000000000000000000000000000000
000000000000000000000000000000000000000000000000000000000000000000000000000000000000000000000000000000000000000000000000000000000000000000000000000000
000000000000000000000000000000000000000000000000000000000000000000000000000000000000000000110000000000000000000000000000000010000000000000000000000000
000000000000000000000000000000000000000110010000000000000000000000001000000000000000000001001000000000000000000000000000000010000000000000000000000000
000000000010000000000000000000000000001110010000000000000000000000010100000000000000000000110000000000000000000110000000000010000000000000000000000000
000000000101000011000000000000000000011000000000000000000000000000001000000000000000000000000000000000000000000110000000000000000000000000000000000000
000000000101000011000000000000000000000100000000000000000000000000000000000000000000000000000001000000000000000000000000000000000000000000000000000000
000000000010000000000000000000000000000000000000000000000000000000000000000001000000000000000010100000000000000000000000000000000001100000000000000000
000000000000000000000000000000000000000000000000000000000000000000000000000010100000000000000010100000000000000001000000000000000001100000000000000000
000000000000000000000000000000000000000000000000000000000000000000000000000010010000000000000001000000000000000001000000000000000000000000000000000000
000000000000000000000000000000000000000000000000000000000000000000000000000001100000000000000000000000000000000001000000000000000000001110000000000000
000000000000000000000000000000000000000000000000000000000000000000000000000000000000000000000000000000000000000000000000000000000000000000000000000000
000000000000000000000000000000000000000000000000000000000000000011000000000000000000000000000000000000000000000000000000000000000001100000000000000000
000000000000000000000000000000000000000000000000000000000000000011000000000000000000000000000000000000000000000000000000000110000010010000000000000000
000000000000000000000000000000000000000000000000000000000000000000000000000000000000000000000000000000000000000000000000001011000001010000000000000000
000000110000000000000000000000000010000000000000000000000000000000000000000000000000000000000000000000000000000000000000001000100000100000000000000000
000000110000000000000000000000000010000000000000001110000000000000000000000000000000000000000000000000000000000000110000000111000000000000000000000000
000000000000000000000000000000000010000000000000000000000000000000000000000000000000000011000000000000000011000001001000000010000000000000000000000000
000000000000000000000000000000000000000000000000000000011000000000000000000000000000000011000000000000000101000000101000000000000000000000000000000011
000000000000000000000000000000000000000000000000000000100100000000000000000000000000000000000000000000000010000000010000000000000000000000000000000011
000000000000000000000000000000000000011000000000000000011000000000000000000000000000000000000000000000000000000000000000000000000010000000000000000000
000000000000100000000000000000000000011000000000000000000000000000000000000000000000000000000000000000000000000000000000000000000101000000000000000000
000000000001010000000000000000000000000000000000000000000000000000000000000000000000000000000000000000000000000000000000000000000110000000000000000000
000000000001010000000000000000000000000000000000000000000000000000000000000000011100000000000000000000000000000000000000000000000000000000000000000000
000000000000100000000000000000000000000000000000000000000000000000000000000000001110000000000000000000000000000000000000000000000000000000000000000000
000000000000000000000000000000000000000000000000000000000000000000000000000000000000000000000000000000000000000000000000000000000000000000000000000000
000000000000000000000000000000000000000000000000000110000000000000000000000000000000000000000000000000000000000000000000000000000000000000000000000000
000000000000000000000000000000000000000000000000001001000000000000000000000000000000000010000000000000000000000000000100000000000000000000000000000000
000000000000000000000000000000000000000000000000001010000000000000000000000000000000000101000000000000000000000000001010000000000000000000000000000000
000000000000000000000001100000000000000000000000000100000000000000000000000000000000000011000000000000000000000000010001000000000000000000000000000000
110000000000000000000010010000000000000000000000000000000000000000000000000000000000000000000000000001000000000000010001000000000000000000000000000000
000000000000000000000001100000000000000001100000000000000000000000000000000000000000000000000110000010100000000000010001000000001100000000000000000010
101100000000001110000000000000000000000001100000000000000000000000000000000011100000000000000110000010100000000000001010000000001100000000000000000110
000100000000001110000000000000000000000000000000000000000000000000000000000000000000000000000000000001000000000000000100000000000000000000000000001101
001100000000010001000000000000000000000000000000000000000000000000000000000000000000000000000000000000000000000000000000000000000000000000000000011101
000000000000011011000000011000000000000000000000000000000000000000000000000000000000000000000000110000000000000000000000000000000000000000000000011001
000000000000000000000000100010000000000000000000000000000000000001100000000000000000000000000001001000000000000000000000000000000000000000000000011101
000000000000000000000001100001000000000000000000000000000000000001100110000000000000000000000000110000000000000000000000000000000000000000000000000000
000000000000000000000001000000100000000000000000000000000000011000000110000000000000000000000000000000000000000000000000000000000000000000000000000010
000000000000000000000001000000000000000000000000000000000000011000000000000000000000000000000000000000000000000000000000000000000000000000000000000010
000000000000000000000000000101110000000000000000000000000000000000000000000000000000000000000000000000000000000000000000000000000000000000000000001001
000000000000011000000000111000000000000000000000000000000000000000000000000001100000000000000000000000000000000000000000000000000000000000000000000110
000000000000001000000000000000000000000000000000000000000000000000000000000010010000000000000000000000000000000000000000000000000000000000000000000100
000000000000010000000000000000000000000000000000000000000000000000000000000001010000000000000000000000100000000000000000000000000000000000000000000000
000000000000100000000000000000000000000000000000000000000000000000000000000000100000000000000000000001001100000000000000000000000000000000000000000000
000000000010010000000000000000000000000000000000000000000000011000000000000000000000000000000000000001110110000000000000000000000000000000000000000000
000000000010100000000000000000000000001000001100000000000000011000000000000000000000000000000000000000100000110000000100000000000000000000000000000000
000000000001000000000000000000000000100010001100000000000000000000000000000000000000000000000000000000010110001000001010000000000000000000000000000000
000000000000000000000000000000000000000001000000000000000000000000000000000000000000000000000000000000000110000100000100000000000000000000000000000000
000000000000000000000000000001100000100000100000000000000000000000000000000000000000000000000000000000000010100010000000000000000000000000000000010000
000000000000000000000000000001100000011000100000000000000000000000000000110000000000000100000000000000000010110000000000000000000000000000000000111000
000000000000000000000000000000000000001000100000000000000000000000000000110000000000001010000000000000000011100010000001000000000000000000000011010110
000000000000000000000000000100000000000001000000000000000000000000000000000000000000000100000000000000000000001000000111000000000000000000000011000000
000000000000000000000000001110000000001110000000000000111000000000000000000000000000000000000000000000000011010000000000000000000000000000000000000001
000000000000000000000000011011100000000010000000000000001000000000000000000000000000000000000000000000000000101101100000000000001110000000000000100010
000000000000000000000000111011000000000011000000000000001101000000000000000000000000000000000000000000000000000000100000000000000000000000001000000100
000000000000000000000000011011000111000000000000000000001001000000000000000000000000000000000000000010100000001000110111000000000000000000000000010000
000000000000000000000000001110100000000011100000000000001000010000000000000000000000000000000000000010010010001011011011000000000000000000001000010000
000000000000000000000000000100000000000000000000000000011101110000000000000000000000000000000000000010111001000100000010000000000000000001111101100000
000000000000000000000000000000000100000000000000000000010001001000000000000000000000000000000000000000010000000000001011000000000000000001100000111000
000000000000000000000000000000000010000000000000000000010010011100000000000000000000000000000000000000001010000000000110000000000000000000000000011100
000000000000000000000000000000000110000000000010000000001100000000000000000000000000000000000000000000000000000000000100000000000000000000001100100100
000000000000000000000000000000000011000000000111000000000010000000000000000001000000000000000000000000000000000000000000000000000000000000000000000000
000000000000000000000000000000000000000000001010110000000000000110000000000010100000000000000000000000000000000000011000000000000000000000000001000000
000000000000000000000000000000000000000000011010000000110000001110000000000100100000000000000000000000000000000000100100000000000000000000010000000000
000000000000000000000000000000000011000000011010000000001000000110000000000011100000000000000000000000000000000000010110010000000000000000010101100000
000000000000000000000000000000000011000000011000010001100000000000000000000011000000000000000000000000000000000000001111110000000000000000110000000000
000000000000001000000000000000000000000000011101100001101011000000000000011111110000000000000000000000000000000000000010001110000000000000000000000000
000000000000010100000000000000000000000000001100000000000110000001110000100100001000000000000000000000000000000000000110000000000000000000000010000000
000000000000100100000000000000000000000000101000000000000100000110110000011100001100000000000000000000000000000000000011000110000000000000000010000000
000000000000011000000000000000000000000000100000000000000000000110010000000000011000000000000000000000000000000001000000000000000000000000000010000010
100000000000000000000000000000000000000000111000000000000000000001110000000000010000000000000000000000000000000001000000000000000000000000000000000100
000000000000000000000000000000000000000000000000000000000000000000000000000101000000000000000000000000000000000000000000000000000000000000000000001000
000000000000000011000000000000000000000000000000000000000000000000000000000011000000000000000000000000000000000000111000000000000000000000000000001000
000000000000000100100000000000000000000000000000000000000000000010010000011010000000000000000000000000000000000011110100000000000000000000000000000000
000000000000000011000000000000000000000000000000000000000000000010010000001100000000000000000000000000000000000110010100000000000000000000000000000000
000000000000000000000110001000001000000000000000000000000000000001100000000000000000000000000000000000000000000111000000000000000000000000100000000010
000000000000000000000110001000001000000000000000000000000000000000000000000000000000001000000000000001100000000011000000000000000000000001110000000111
100000000111000000000000001000001000000000000000000010000000000000000000000000000000010100000000000001100000000000000000000000000000000011111000000011
000000000000000000000000000000000000000000000000000101000000000000000000000000000000010100000000000000000000000000000000000000000000000110001100000000
000000000000000000000000000011100000000000000000000101000000000000000000000000000000001000000000000000000000000000000000000000000000001110001101000110
000000000000000000000000000000000000000000000000000010000000000000000000000000000000000000000000000000000000000000000000000000000000000110001101110110
000000000000000000000000000000000000000000000000000000000000000000000010000001000000000000000000000000000000000000000000000000000000000011111100000110
000000000000000000000000000000000000001100000000000000000000000000000011100110110000000000000000000000000000000000000000000000000000000001110000000000
000000000010000000000000000000000000001100000000000000000000000000001000011110110000000000000000000000000000000000000000000000000000000000100000111000
000000000101000000000000000000000000000000000000000000000000000000011110000010011000000000000000000000000000000000000000000000000000000000000000000000
000000000100100000000110000000000000000000000000000000000000000000110010000101010000000000000000000000000000000000001000000000000000000000000000000000
000000000011000000000110000110000000000000000000000000000000000000010000101000100000000000000000000000000000000000010100000000000000000000000000000000
000000000000000000000000000110000000000000000000000000000000000000001111010000000000000000000000000000000000000000100100000000000000000000000000000000
000000000000000000000000000000000000000000000000000000000000000000000100000000000000000000000000000000000000000000011000000000000000001100000000000000
000000000000000000000000000000000000000000000000000000000000000000000000000000110000000000000000000000000000000000000000000000000000010100000000000000
000000000000000000000000000000000000000000000000000000000000000000000000000000110000000000000000000000000000000000000000000000000000001000000000000000
000000000000000000000000000000000000000000000000000000000000000000000000000000000000000000000000000000000000000000000000000000000000000000000000000000
000000000100000000000000000000000000000000000000000000000000000000000000000000000000000000000000000000000000000000000000000000000000000000000000000000
000000001010000000000000000000000000000000000000000000000000000000000011000001000000000000000000000000000000000000000000000000000000000000000000000000
000000001010000000000000000000000000001100000000000000000000000000000011011001000000000000011000000000000000000000000000000000000000000010000000000000
000000000100000000000000001100000000001100000000000000000110000000000000111010100000000000100100000000000000000000000000000000000000000010000000000000
000000000000000000000000001100000000000000000000000000000100100000000000000100000000000000011000000000000000000000000000000000000000000010000000000000
000000000000000000000000000000000000000000000000000000000100100000000010000110010000000000000000000000000000000000000000000000000000000000000000000000
000000000000000000000000000000000001000000000000000000000011000000000111000001010000000000000000000000000000000000000000000000000000000000000000000000
000000000000000000000000000000000001000000000000000000000010010000001000100100000000000000000000000000000000000000000000000000000000000000000000001100
000000000011100000000000000000000001000000000000000000000010010000000100000101000000000000000000000000000000000000000000000000000000000000000000001100
000000000000000000000000000000000000000000000000000000000010010000000011100101100000000000000000000000000000000000000000000000000000000000000000000000
000000000000000000000000000000011000011100000000000000000011100000000000000100100000000000000000000000000000000000000000000000000000000000000000000000
000000000000000110000000000000011000000000000000000000000000000000000000000011000000000000000000000000000000000000000000000000000000000000000000000000
000000000000001001000000000000000001000000000000000000000000000000000000000000000000000000000000000000000000000000000000000000000000000110000000000000
000000000000000110000000000000000001000000110000000000000000000000000000000000000000000000000000000000000000000000000000000000000000000110000000000000
000000000000000000000001100110000001000000110000000000000000000000000000000000000000000000000000000000000000000000000000000000000000000000000000000000
000000000000000000000001100110011000000000000000000000000000000000000000000000000000000000000000000000000000000000000000000000000000000000000000000000
000000000011000000000000000000011000001100000000000000000000000000000000000000000000000000000000000000000000010000000000000000000000000000000000000000
000000000101000000000000000000000000010010000000000000000000000001000000000001100000000000000000000000000000101000000000000000000000000000000000000000
000110000010000000000000000000000000001100000000000000000000000001000011000001100000000000000000000000000001001000000000000000000000000000001100000000
000110000000000000000000000000000000000000000000000000000000000001000100100000000000000000000000000000000000110000000000011000000000000000010010000000
000000000000000000000000000000000000000000000000000000000000000000000011000000000000000000000000000000000000000000000000011000000000000000010100000000
000000000000000000000000000000000000000000000000000000000000000000000000000000000000000000000000000000000000000000000000000000000000000000001000000000
000000000000000000000000000000000000000000000000000000000000000000000000000000000000000000000000000000000000000000000000000000000000000000000000000000
000000000000000000000000001100000000000000000000000000000000000000000000000000000000000000000000000000000000000000000000000000000000000000000000000000
000000000000000000000010001100000000000000000000000000000000001000000000000000000000000000000000000000000000000000000000000000000000000000000000000000
000000000000000000000010000000000000000000000000000000000000010100000000000000000000000000000000000000000000000000000000000000000000000000000000000000
000000000000000000000010000000000000000000000000000000000000010100000000000000000000000000000000000000000000000000000000000000000000000000000000000000
000000000000000000000000000000000000000000000000000000000000001000000000000000000000000000000000000000000000000000000000000000011000000011000000000000
000000000000000000111000111000000000000000000000000000000000000000000000000000000000000000000000000000000000000000000000000000100100000100100000000000
000000000000000000000000000000000000000000000000000000000000000000000000000000000000000000000000000000000000000000000000000000011000000011000000000000
000000000000000000000000000000000000000000000000000000000000000000000000000000000000000000000000000000000000000000000000000000000000000000000000000000
000000000000000000000000000000000000000000000000000000000000000000000000000000000000000000000000000000000000000000000000000000000000100000000000000000
000000000000001000000000000000000000000000000000000000000000000000000000000000000000000000000000110000000000000000000000000000000001010000000000000000
000000000000001000000000000000000000000000000000000000000000000000000000000000000000000000000000110000000000000000000000000000000001010000000000000000
000000000000001000000000000000000000000000000000000000000000000000000000000000000000000000000000000000000000000000000000000000000000100000000000000000
000000000001000001000000000000000000000001110000000000000000000000000000000000000000000000000000000000000000000000000000000000000000000000000000000000
000000000010100010100000000000000000000000010000000000000000000000000000000000000000000000000000000000000000000000000000000000000000000000000000000000
000000000010100010100000000000000000000000011010000000000000000000000000000000001100000000000000000000000000000000000000000000000000000000000000000000
000000000001000001000000000000000000000000001110000000000000000000000000000000001100000000000000000000000000000000000000000000000000000000010000000000
000000000000000000000000000000000000000000000100000000000000000000000000000000000000000000000000000000000000000000000000000000000000000000101000000000
000000000000000000000000111000000000000000000000000000000000000000000000000000000000000000000000000000000000000000000000000000000000000000101000000000
