10000101000000000000000000000000101000010001000001
00000110000000000000000101000001000001101111000101
10000000000000000000010111000000101000001001010101
10000000000000000000011000000000001001001000101100
00000000000000000000101110000000101000110000000000
00000000000000000000011100000001101000000000011011
00000000000000000000010000000000100100000001111100
00000000000000000000000000000000110100000001010000
00000000000000000000000000000000100100000001100000
00000000000000000000000000000000100100000000000000
00000000000000000000000000000000100100000000000000
00000000000000000000000000000000011000000011100000
00000000000000000000000000000000000000000100011100
00000011000000000111000000000000000000000010000100
00000100100000000000000000000000000000000010101100
00000000010000011000000000000000011000000010110000
00000000011000010000100000000000011000000011100000
00001000001100010000000000000000000000000000100000
00001000101000001001000100000000000000000000000000
00001000110000000010000100000000000000000000000000
00000000000000110000000111000000000000000000000111
00000000000000110000000001100000000000000000001111
00001100000000000000000000110000000000000000001101
10000110000000000000000001100000000000000000000100
01101000000000000000000000000000000000000000001010
00100000000000000100000000000000000000000000001010
01000000000000011100001000000000010000000000000011
00000000000000111000000000001100011100000000001110
00000000000001110000100000010010000011010000001100
00000000000011000000000000001100011010011000000000
00000000000001000010111000000000001000011100000000
00000000000000100011110000000000000100011000000000
00000000000000000000010000000000000011110000000000
00000000000000000001100000000000000011100000000000
00000011000000000000000000000000000000000000000000
00000011001111000000000000000000000000000000000000
00000000001010100000000000000000000000000000000000
00000000000010100000000000000000000000000000000000
01110000000000000000000000000000000000000000000000
00100000000000000000000000000000000000000000000011
01000000000000000001100000000000001100111000000011
01000000000000000010010000000000001100110110001011
00000000000000000001100000000000000000001101100110
00000000001100000000000000000000000000000110100001
10000000010010000000000000000000000000000011110000
00000000001100000000000000000000000000000000000000
00000000000000000001100000000000000000000000000100
11100111111100000001100000000000000000000000110101
10100101110010000000000000000000000000000011100110
00000001011100000000000000000000010000000011000010
