00000000000000000000000000000000000000000000000000
00000010000000000000000000000000000000000000000000
00000010000000000000000000000000000000100000000000
00000010000000000000000000000000000001010000000000
00000000000000000000000000000000000000110000000000
00000000000000000000000000000000000000000000000000
00000000000000000000000000000000000000000000000000
00000000000000000011000000000010000000000000000000
00000000000000000101000000000111100000000000000000
00000000000000000010000000000100010000000000000000
01000000000000000000000000001000010000000000000000
01000000000000000000000001001111100000000000000000
01000000000000000000000001001010000000000000000000
00000000000000000000000000101000011000000000000000
00011100000000000000000010111100101000000000000111
00000000000000000000000111011110001000000000000000
01000000000000000000000011000000000000000000000000
01000000000000000000000000000000000000000000000000
01000000000000000000000000000000000000000000000000
00000000010000000000000000000000000000000000000000
00000000101001100000000000000000000000000000000000
00000000000001100000000000000000000000000000000000
00011100000000000000110000000000000000000000000000
00000101000000000000110000000000000000000000000000
00000001000000000000000001100000000000000000000000
00000000000000000000000001100000001100000000000000
00000000000000000000000000000000001100000000000000
00000000000000000000000000000000000000000000011000
01110000000000000000000000000000000000000000010100
01010000000000000000000000000000000000000000001100
00010000000000000000000000000000000000000000000000
01100000000000000000000000000000000000001000000000
01100000000000000000000000000000000000010100000001
00001110000000000000000000000000000000001100000110
00110101000000000000000010000000000000000000000011
00010000100000000000001101100000000000000000000000
00010000010000000000001110110000000000000000000000
00001110010000000000000111110000000000000000000000
00000000110000000000000011100000000000000000000000
00000000000000000001000001000000000000000000000000
00000110000000000010100000000000001100000000000000
00000011000000000010100000000000001100000000000000
00000001000000000001000000000000000000000000000000
00000011100000000000001110000000000000000000000000
00000010100000000000000000000000000000000000000000
00010000000000000000000000000000000000000000000000
00101000000000000000110000000100000000000000000000
00101000000000000000110000000100000000000000000000
00010000000000000000000000000100000000000000000000
00000000000000000000000000000000000000000000000000
