011000010000000001100000000000
000000100000000001100000000000
000001000000000000000000000000
000100000000110000000000000000
011010000000110000000000000000
110001000000000000000000000000
010110000000000000000000000000
001000001100000000000000000000
000000001100000000000000000110
000000000000000000000000001110
110000000000000000000000001101
000000000000000000000000000110
000000000000000000000000000000
110000000000000000000001110000
000110000000000000000000000000
000010000000000000000000000000
000000000000000000000000000000
000000000000000001100000000000
000000000000000010010000000000
000000000000000001100000001000
000000000000000000000000011000
000000000000000000000000110100
000000000000000010000000011000
000000000000000110000010000000
000000000000000100000011000000
000000000000000000000011100100
111000100000000000000000000111
111100100000000001000111000011
000000100000000001000000000001
111000100000000001100000000001
