000000000000000000000110000000000000000000000000000000000000000000000000000000000000000000000000000000000000000000000000000000000000001000010000000000
000000000000000000001001000000000000000000000000000000000000000000000000000000000000000000000000001000000000000000000000000000000000001000000000000000
000000000000000000000110000000000000000000000000000000000000000000000000000000000000000000000000001000000000000000000000000000000000001000000000000000
000000000000000000000000000000000000000000000000000000000000000000000000000000000000000000000000001000000000000000000011000000010000000000000000000000
000000000000000000000000000000000000000000000000000000000000000000000000000000000000000000000000000000000000000000000100100000010000000000000000000000
000000000000000000000000000000000000000000000000000000000000000000000000000000000000000000000000000000000000000000000010100000010000000000000000000000
000000000110000000000000000000000000000000000000000000000000000001100000000000000000000000000000000000000000000000000001000000000000000000000000000000
000000001001000000000000000000000000000000000000000000000000000001100000000000000000000000000000000000000000000000000000000000000000000000000000000000
000000001001000000000000000000000000000000000000000000000000000000000000000000000000000000000000000000000000000000000000000000000000000000000000000000
000000000110000000000000000000000000000000000000000000000000000000000000000000000000000000000000000000000000000000000000000000000000000000000000000000
000000000000000000000000000000000000000000000000000000000000000000000000000000000000000000000000000000000000000000000000000000000000000000000000000000
000000000000000000000000000000000000000000000000000000010000000000000000000000000000000000000000000000000000000000000000000000000000000000000000000000
000000000000000000000000000000000000000000000000000000010000000000000000000000000000000000000000000000000000000000000000000000000000000000000000000000
000000000000000000000000000000000000000000000000000000010000000000000000000000000000000000000001000000000000000000000000000000000000000000000000000000
000000000000000000000000000000000000000000000000000000000000000000000000000000000000000000000010100000000000000000000000000000000000000000000000000000
000000000110000000000000000000000001100000000000000000000000000000000000000000000000000000000010100000000000000000100000000000000000000000000000000000
000000000110000000000000000000000001100000000000000000000000000000000000000000000000000000000001000000000000000001010000000000000000000000000000000000
000000000000000000000000000000000000000000000000000000000000000000000000000000000000000000000000000000000000000000100000000000000000000000000000000000
000000000000000000000000000000000000000000000000000000000000000000000000000000000000000000110000000000000000000000000000000000100000000000000000000000
000000000000000000000000000000000000000000000000000000000000000000001000000000000000000001001000000000000000000000000000000000100000000000000000000000
000000000010000000000000000000000000000000000000000000000000000000010100000000000000000000110000000000000000000000000000000001000000000000000000000000
000000000101000011000000000000000000000000000000000000000000000000001000000000000000000000000000000000000000000000000000000000000000000000000000000000
000000000101000011000000000000001000000000000000000000000000000000000000000000000000000000000001000000000000000000000000000010000000000000000000000000
000000000010000000000000000000001000000000000000000000000100000000000000000001000000000000000010100000000000000000000000000101111000000000000000000000
000000000000000000000000000000001000000000000000000000000001000000000000000010100000000000000010100000000000000000000000000111111000000000000000000000
000000000000000000000000000000000000000000000000000000000000000000000000000010010000000000000001000000000000000000000000000000000000000000000000000000
000000000000000000000000000000000000000000000000000000000000000000000000000001100000000000000000000000000000000000000000011000000000000000000000000000
000000000000000000000000000000000000000000000000000000000000000000000000000000000000000000000000000000000000000000000000101000000000000000000000000000
000000000000000000000000000000000000000000000000000000000000010000000000000000000000000000000000000000000000000000000001000100000000000000000000000000
000000000000000000000000000000000000000000000000000000010000111000000000000000000000000000000000000000000000000000000001101000000000000000000000000000
000000000000000000000000000000000000000000000000000000111011010100000000000000000000000000000000000000000000000000000001000000000000000000000000000000
000000110000000000000000000000000000000000000000000001101101101110000000000000000000000000000000000000000000000000000000000000000000000000000000000000
000000110000000000000000000000000111000000000000000000111011010100000000000000000000000000000000000000000000000000001110000000000000000000000000000000
000000000000000000000000000000000000000000000000000000010000111000000000000000000000000011000000000000000000000000101000000000000000000000000000000000
000000000000000000000000000000000000000000001100000000000000010000000000000000000000000011000000000000001100000000111000000000000001100000000000000011
000000000000000000000000000000000000000000010100000000000000000000000000000000000000000000000000000000001100000000100000000000000000100000000000000011
000000000000000000000000000000000000011000001010000000111000000000000000000000000000000000000000000000000000000000000000000000110100000000000000000000
000000000000000000000000000000000000011000000000000001001000000000000000111000000000000000000000000000000000000000000000000000110110000000000011000000
000000000000000000000000000000000000000000000001000000101000000000001100111100000000000000000000000000000000000000000111000000000000000000000110000000
000000000000000000000000000000000000000000000111000000000000000000010110000010000000000000000000000000000000000000100001000000000000000000000001000000
000000000000000000000000000000000000000000001011000000000000000000010010001100000000000000000000000000000000000000100001000000000000000000000000000000
000000000000000000000000000000000000000000011011000000000000100000000000010000000000000000000000000000000000000000010110000000000000000000000000000000
000000000000000000000000000000000000000000011010000000000000100000001000110000000000000000000000000000000000000000000000000000000000000000000000000000
000000000000000000000000000000000000000000000001100000000000000001000101111000000000000010000000000000000000000000000000000000000000000000000000000000
000000000000000000000000000000000000000000000000100110000000000000001011010000000000000101000000000000000000000000000000000000000000000000000000000000
000000000000000000000001100000000000010000000010001010000001000000100001101000011100000011000000000000000000000000000000000000000000000000000000000000
000000000000000000000010010000010000000000000000010010000001110000001111000000000000000000000000000001000000000000000000000000000000000000000000000000
000000010000000000000001100000010100000000000010000100000000111000000010000001000000000000000110000010100000000000000000000000000000000000000000000000
000001100000001000000000000000011110000000000000000000000000001000000000000001000000000000000110000010100000000000000000000000000000000000000000000110
000000000000001000000000000000000010000000000000000000000000000000000000000001000000000000000000000001000000000000000000000000000000000000000000010011
010000000010001000000000000000000011100000000000000000000000000000000000000000000000000000000000000000000000000000000000000000000000000000000000010000
010000000100000000000000000000000000000000000000000000000000000000000000000000000000000000000000110000000000000000000000100000011100000000000000100001
001000000100000000000000000000111000000000000000000000000000000000000000000000000000000000000001001000000000000000000001110000101101000000000000010001
011000000000000000000000000000000000000000000000001100000000000000000000000000000000000000000000110000000000000000000011001000100100100000000000010001
000100000000000000000000000010000000000000000000001100000000000000000000000000000000000000000000000000000000000000000110010100111000110000000000000100
000100001100000000000000000010000000000000000000000000000000000000000000000000000000000000000000000001000000000000000000010110011001100000000000000011
011000010100000000000000000010000000000000000000000000000000000000000000000000000000000000000000000010100000000000000001000100000001100000000000000000
000000111010000000000000000000000000000000000000000000000000000000011100000001100000000000000000000010100000000000000000110110000010000000000000000100
000001001001000000000000000000000000000000000000000000000000000000000000000010010000000000000000000001000000000000000000100001000000001100000000001010
000001011000000000000000000000000000000000000000000000000000000000000000000001010000000000000000000000000000000000000000011001000000001100000000001001
000001010000000000000000000000000000000000000000000000000000000000000000000000100000000000000000000000000000000000000000000101000000000000000000000110
000000000000000000000000000000000000000000000000000000000000000000000000000000000000000000000000000000000110000000000000000010000000000000000000000000
000000000000000000000000000000000000000000000000000000000011000000000000000000000000000000000000000000000110000000000000110000000000000000000000000000
000000000000000000000000000000000000000000000000000000000011000000000000000000000000000000000000000000000000000000000000000000000000000000000000000000
000000000000000000000000000000000000000000000000000000000000000000000000000000000000000000000000000000000000000000000011000000000000000000000000000000
000000000000000000000000000000000001100000000000000000000000000000000000000000000000000000000000000000000110000000000011000000000000000000000000000000
000000000000000000000000000000000011110001100000000000000000000000000000000000000000000100000000000000000110000000000011000000000000000000000000000000
000000000000000000000000000000000110010001100000000000000000000000000000000000000000001010000000001000000000000000000000000000000000000000000000000000
000000000010000000000000000000000110000000000000000000000000000000000000000000000000000100000000010100000000000000000000000000000000000000000000000000
000000000101000000000000000000000110000000000000000011000000000000000000000000000000000000000000010010000000000000000000000000100000000000000000000000
000000000101000000000000000000110100010000000000000011000000000000000000000000000000000000000000001100000000000000000000011111011000000000000000000000
000000000010000000000000000001100110000000000000000000000000000000000000001100000000000000000000000000000010000000000000011000000000110000000000000000
000000000000000000000000000001100010010000000000000000000000000000000000001010000000000000000000000000000010000000000000000000000101001000000000000000
000000000000000000000000000001001000100000000000000000000000000000000000000110000000000000000000000000000010000000000000000000000001001000000000000000
000000000000000000000000000000110000000000000000000000000000000000000000000000000000000000000000000000000000000000000000001000001000110000000000001100
000000000000000000000000000001001000000000000000000000000000000000000000000000000000000000000000000000000000000000000000010000100000000000000000010010
000000000000000000000000000001101000000000000000000000000000000000000000000000000000000000000000000000000000000000000000100001100000000000000000001100
000000000000000000000000000010001100000000000000000000000001110000000000000000000000000000000000000000000000000000000000101100001100000000000000000000
000000000000000000000000000001001100000000000000000000000000100000000000000000000000000000000000000000000110000000000000010000010100000000000000000000
000000000110000000000000000000110000000000000000000000000000000000000000000000000000000000000000000000000110000000000000000000001000000000000000000000
000000000110000000000000000000000000000000000000000000000000000000000000000000000000001100000000000000000000000000000000000000000000000000000000000000
000000000000000000000000000000000000000000000000000000111111111111011000000000000000001100000000000000000000000000000000000000000000000000000000000000
000000000000000000000000000000000000000000000000000000111010101011011000000000000000000000000000000000000000000000000000000000000000000000000000000000
001000000000000000000000000000000000000000000000000001001000000010000100011000000000000000000000000000000000000000000000000000000000000000000000000000
010100000000000000000000000000000000000000000000000101101011011010001000011000000000000000000000000000000000000000000000000000000000000000000000000000
110110000000011000000000000000000000000000000000001000001010001001100000000000000000000000000000000000000000000000000000000000000000000000000000000000
110010000000011000000000000000000000000000000000011010101110001101100000000000000000000000000000000000000000000000000000000000000000000000000000000000
110100000000000000000000000000000000000000000000000010101000000000000000000001100000110000000000000000000000000000000000000000000001000000000000000000
010100000000000001100000000000000000000000000000000000000000000000000000000001100001001000000000000000000000000000000000000000000001000000000000000000
000000000000000001100000000000011100000000000000000000000000000000000000000000000000110000000000000000000000000000000000000000000001000000000000001000
001000000000000000000000000000100010000000000000000000000000000000000000000000000000000000000000000000000000000000000000000000000000000000000000001000
100010000000000000000000000000000001000000000000000000000000000000000000000000000000000000000000000000000000000000000000000000000000000000000000001000
100010000000000000000000000000000000000000000000000000000000000000000000000000000000000000000000000000000000000000000000000000000000000000000000000000
000001000100000000000100000000110001000000000000011000000000000000000000000000000000000000000000000001100000000000000000000000000000000000000000000001
111111000111000000001010000000001110000000000000100100000000000000000000000000000000000000000000000001100000000000000000000000000000110000000000000000
011101001000100000011011000000000000000000000000101000000000000000000000000000000000000000000000000000000000000000000000000000000000110000000000000000
001001110000100000001001000000000000000000000000010000000000000000000000000000110000000000000000000000000000000000000000000000000000000000000000000000
000001110101100000001000100000000000000000000000000000000000000000000000001001100000000000000000000000000000000000000000000000000000000000000000000000
000001100010000000001000000000000000000000000000000000000000000000000000011101110000000000000000000000000000000000000000000000000000000000000000000000
000000000000000000000000000000000000001100000000000000000000000000000000010010000000000000000000000000000000000000000000000000000000000000000000000000
000000000000000000000000000000000000001100000000000000000000000000000000010000000100000000000000000000000000000000000000000000000000000000000000000000
000000000000000000000000000000000000000000000000000000000000110000000000001010000100000000000000000000000000000000000000000000000000000000000000000000
000000000000000000000000000000000000000000000000000000000000000000000000000110000100000000000000000000000000000000001000000000000000000000000000000000
000000000000000000000000000000000000000000000000000000000000100010000000000000011000000000000000000000000000000000010100000000000000000000000000000000
000000000000000000000100000000000000000000000000000000000000010010000000000000000000000000000000000000000000000000100100000000000000000000000000000000
000001100000000000001100000000000000000101000000000000000000001100011000000000000000000000000000000000000000000000011000000000000000001100000000000000
000001100000000000000110000000000000000001000000000000000000000001101100000000000000000000000000000000000000000000000000000000000000010100000000000000
000000000000000000000000000000000000010000100000000000000000000011011000000000000000000000000000000000000000000000000000000000000000001000000000000000
000000000000000000000010000000000000000000100000000000000000000011110100000100000000001101011000000000000000000000000000000000000000000000000000000000
000000000000000000000000000000000000000000000000000000000000000000001000001010000000001111100100000000000000000000000000000000000000000000000000000000
000000000000000000000000000000000000000000000000000000000000000000000000000100000000010011111000000000000000000000000000000000000000000000000000000000
000000000000000000000100011000000010001100100000000000000000000000001000000000000000001100000000000000000000000000000000000000000000000000000000000000
000000000000000000011000000100000010010010000000000000000000000000011000000000000000001111000000000000000000000000000000000000000000000111000000000000
000000000000000000010000000100000000000000000000000000000000100010000000000000000000000011000000000000000000000000000000000000000000000000000000000000
000000000000000000010000001000000000000000000000000000000001010000000000000000000000000000000000000000000000000000000000000000000000000000000000000000
000000000001000000001000100000000000000000001000000000000001110010100000000000000000100000000000000000000000000000000000000000000000000000000000000000
000000000010100000000000000000000011100000000100000000000001001010000001100000000001011000000000000000000000000000000000000000000000000000000000001100
000000000010100000000000000100000000000000001000100000000000001001100001100000000000011000000000000000000000000000000000000000000000000000000000001100
000000000001000000000000000100001000001000000000110000000000110011100000000000000000100000010000000000000000000000000000000000000000000000000000000000
000000000000000000000000000100001000001000000010001000000000001000000000000000000000001101010000000000000000000000000000000000000000000000000000000000
000000000000000000000000000000001000001000000001110000000000001000000000000000000011111111010000000000000000000000000000000000000000000000000000000000
000000000000100000000001110000000000000000000001100000000000000100000000000000000010000001100000000000000000000000000000000000000000000110000000000000
000000000001010000100000000000000011100000110000000000000001001100000000000000000011100000000000000000000000000000000000000000000000000110000000000000
000000000001010001101000000100000000000000010000000000000001110000000000000000000000000000000000000000000000000000000000000000000000000000000000000000
000000000000100010000110000100000000000000000000000000000000100000000000000000000000000000000000000000000000000000000000000000000000000000000000000000
000000001101000011000010000100000000001100000000000000000001101000000000000000000000000000000000000000000000010000000000000000000000000000000000000000
000000011111100001000111000000000000010010000000000000000001010000000000000000000000000000000000000000000000101000000000000000000000000000000000000000
000001100001110000000110100000000000001100000000000000000010010000000000000000000000000000000000000000000001001000000000000000000000000000001100000000
000001001000000000000011111000000000000000000000000000000001110000000000000000000000000000000000000000000000110000000000011000000000000000010010000000
000001111000000000000010000100000000000000000000000000000000100000000000000000000000000000000000000000000000000000000000011000000000000000010100000000
000000000000000000000100100100000000000000000000000000001000000000000000001000000000000000000000000000000000000000000000000000000000000000001000000000
000000000000000000000100001100000000000000000000000000010100000000000000011100000000000000000000000000000000000000000000000000000000000000000000000000
000000000000000000000000001000000000000000000000000000010100000000000000110010000000000000000000000000000000000000000000000000000000000000000000000000
000000000000000000010000000000000000000000000000000000001000000000000000000011000000000000000000000000000000000000000000000000000000000000000000000000
000000000000000000011000010000000000000000000000000000000000000000000001000101000000000000000000000000000000000000000000000000000000000000000000000000
000000000000000001010000100000000000000000000000000000000000000000000000000110000000000000000000000000000000000000000000000000000000000000000000000000
000000000000000001110011000000000000000000000000000000000000000000000100001100000000000000000000000000000000000000000000000000011000000011000000000000
000000000000000000001100000000000000000000000000000000000000000000011100000000000000000000000000000000000000000000000000000000100100000100100000000000
000000000000000001000100000000000000000000000000000000000000000000000100001000000000000000000000000000000000000000000000000000011000000011000000000000
000000000000000000111000000000000000000000000000000000000000000000000101110110000000000000000000000000000000000000000000000000000000000000000000000000
000000000000000000000000000000000000000000000000000000000000000000000010111001000000000000000000000000000000000000000000000000000000100000000000000000
000000000000000000000000000000000000000000000000000000000000000000000011010111000000000000000000110000000000000000000000000000000001010000000000000000
000000000000000000000000000000000000000000000000000000000000000000000001100110000000000000000000110000000000000000000000000000000001010000000000000000
000000000000000000000000000000000000000000000000000000000000000000000011000000000000000000000000000000000000000000000000000000000000100000000000000000
000000000000000000001100011000000000000000000000000000000000000000000011100000000000000000000000000000000000000000000000000000000000000000000000000000
000000000000000000010010011000000000000000000000000000000000000000000000000000000000000000000000000000000000000000000000000000000000000000000000000000
000000000000000000010100000000000000000000000000100000000000000000000000000000000000000000000000000000000000000000000000000000000000000000000000000000
000000000000000000001000000000000000000000000001010000000000000000000000000000000000000000000000000000000000000000000000000000000000000000010000000000
000000000000000000000000000000000000000000000001010000000000000000000000000000000000000000000000000000000000000000000000000000000000000000101000000000
000000000000000000000000000000000000000000000000100000000000000000000000000000000000000000000000000000000000000000000000000000000000000000101000000000
