000000000000000000000110000000000000000000000000000000000000000000000000000110001000000000000000000000000000000000000000000000000000000000010000000000
000000000000000000001001000000000000000000000000000000000000000000000000000000000000000000000000000000000000000000000000000000000000011100000000000000
000000000000000000000110000000000000000000000000000000000000000000000000000000000000000000000000011100000000000000000000000000000000000000000000000000
000000000000000000000000000000000000000000000000000000000000000000000000000000000000000000000000000000000000000000000011000000000000000000000000000000
000000000000000000000000000000000000000000000000000000000000000000000000000000000000000000000000000000000000000000000100100000111000000000000000000000
000000000000000000000000000000000000000000000000000000000000000000000000000000000000000000000000000000000000000000000010100000000000000000000000000000
000000000110000000000000000000000000000000000000000000000000000001100000000000000000000000000000000000000000000000000001000000000000000000000000000000
000000001001000000000000000000000000000000000000000000000000000001100000000000000000000000000000000000000000000000000000000000000000000000000000000000
000000001001000000000000000000000000000000000000000000000000000000000000000000000000000000000000000000000000000000000000000000000000000000000000000000
000000000110000000000000000000000000000000000000000000000000000000000000000000000000000000000000000000000000000000000000000000000000000000000000000000
000000000000000000000000000000000000000000000000000000000000000000000000000000000000000000000000000000000000000000000000000000000000000000000000000000
000000000000000000000000000000000000000000000000000000000000000000000000000000000000000000000000000000000000000000000000000000000000000000000000000000
000000000000000000000000000000000000000000000000000000111000000000000000000000000000000000000000000000000000000000000000000000000000000000000000000000
000000000000000000000000000000000000000000000000000000000000000000000000000000000000000000000001000000000000000000000000000000000000000000000000000000
000000000000000000000000000000000000000000000000000000000000000000000000000000000000000000000010100000000000000000000000000000000000000001100000000000
000000000110000000000000000000000001100000000000000000000000000000000000000000000000000000000010100000000000000000100000000000000000000010010000000000
000000000110000000000000000000000001100000000000000000000000000000000000000000000000000000000001000000000000000001010000000000000000000001100000000000
000000000000000000000000000000000000000000000000000000000000000000000000000000000000000000000000000000000000000000100000000000000000000000000001000000
000000000000000000000000000000000000000000000000000000000000000000000000000000000000000000110000000000000000000000000000000000000000000000000001100000
000000000000000000000000000000000000000000000000000000000000000000001000000000000000000001001000000000000000000000000000000000000000000000000000010100
000000000010000000000000000000000000000000000000000000000000000000010100000000000000000000110000000000000000000000000000000000000000000000000001001010
100011000101000011000000000000000000000000000000000000000000000000001000000000000000000000000000000000000000000000000000000000000000000000000001110100
000000000101000011000000000000000000000000000000000000000000000000000000000000000000000000000001000000000000000000000000000011000000000000000000000100
010011000010000000000000000000011100000000000000000000000000000000000000000001000000000000000010100000000000000000000000000011000000000000000000000101
001100000000000000000000000000000000000000000000000000000010000000000000000010100000000000000010100000000000000000000000000000000000000000000000100101
001000000000000000000000000000000000000000000000000000000101000000000000000010010000000000000001000000000000000000000000000000000000000000000000100101
110000000000000000000000000000000000000000000000000000000100100000000000000001100000000000000000000000000000000000000000001000000000000000000000010110
000000000000000000000000000000000000000000000000000000000011000000000000000000000000000000000000000000000000000000000000010100000000000000000000011000
000000000000000000000000000000000000000000000000000000000000000000000000000000000000000000000000000000000000000000000000010100000000000000000000000000
000000000000000000000000000000000000000000000000000000000000000000000000000000000000000000000000000000000000000000000000001000000000000000000000000000
000000000000000000000000000000000000000000000000000111110000000000000000000000000000000000000000000000000000000000000000000000000000000000000000000000
000000110000000000000000000000000010000000000000000110001000000000000000000000000000000000000000000000000000000000000111000000000000000000000000000000
000000110000000000000000000000000010000000000000000101010000000000000000000000000000000000000000000000000000000000000000000000000000000000000000000000
000000000000000000000000000000000010000000000000000000100000000000000000000000000000000011000000000000000000000000000000000110100000000000000000000000
000000000000000000000000000000000000000000000000000000000000000000000000000000000000000011000000000000001100000000000000000100100000000000000000000011
000000000000000000000000000000000000000000000000000001000000000000000000000000000000000000000000000000001100000000000000000011000000000000000000000011
000000000000000000000000000000000000011000000000000010101100000000000000000000000000000000000000000000000000000000001000000011000000000000000000000000
000000000000000000000000000000000000011000000000000110101000001100000000000000000000000000000000000000000000000000010100000011000000000000000000000000
000000000000000000000000000000000000000000000000000010010100010010000000000000000000000000000000000000000000000000010100000011000000000000000000000000
000000000000000000000000000000000000000000000000000001000110001101000000000000000000000000000000000000000000000000001000000000000000000000000000000000
000000000000000000000000000000000000000000000000000001001000001101100000000000000000000000000000000000000000000000000000000000000000000000000000000000
000000000000000000000000000000000000000000000000000000100000000101000000000000000000000000000000000000000000000000000011100000000000000000000000000000
100000000000000000000000000000000000000000000000010110100000000010000000000011100000000000000000000000000000000000000000000000000000000000000000000000
010000000000000000000000000000000000000000000000011011100000000000000000000000000000000010000000000000000000000000000000000000000000000000000000000001
010000000000000000000000000000000000000000000000000000000000000000000000001000001000000101000000000000000000000000000000000000000000000000000000000000
001000000000000000000001100000000000000000000000000001000000000000000000001000001000000011000000000000000000000000000000000000000000000000000000000110
010000000000000000000010010000000000000000001100000001000000000000000000001000001000000000000000000001000000000000000000000000000000000000000000000110
010000000000000000000001100000000000111000001100000001000000000000000000000000000000000000000110000010100000000000000000000001000000000000000000000000
000000000000000000000000000000000000100000000000000000000000000000000000000011100000000000000110000010100000000000000000000010100000000000000000000000
011000000000011100000000000000000000001000000000000000000000000000000000000000000000000000000000000001000000000000000000000011000100000000000000000110
111000000000000000000000000000000001100000000000000000000000000000000000000000000000000000000000000000000000000000000000000000001010000000000000000111
000000000000000000000000000000010000110000000000000000000000000000000000000000000000000000000000110000000000000000000000000000000100000000000000000001
000000000000000000000000000000010000010000000000000000000000000000000000000000000000000000000001001000000000000000000000000000000000000000000000000000
000000000000000000000000000000010000011100000000001100000000000000000000000000000000000000000000110000000000000000000110000000000000000000000000000000
000000000000000000000000000000000000001100000000001100000000000000000000000000000000000000000000000000000000000000000110000000000000000000000000000000
110000010000000000000000000111000011000100000000000000000000000000000000000000000000000000000000000001000000000000000000000000000000000000000000000000
110000101000000000000000000000000010000000000000000000000000000000001000000000000000000000000000000010100000000000000000000011000000000000000000000000
000000011000000000000000000000000000100100000000000000000000000000001000000001100000000000000000000010100000000000000000000100100000000000000000000100
000000000000000000000000000000001010001100000000000000000000000000001000000010010000000000000000000001000000000000000000000100100000001100000000001010
000000000000000000000000000000010000001000000000000000000000000000000000000001010000000000000000000000000000000000000000000011000000001100000000001001
000000001100000000000000000000110010101000000000000000000000000000000000000000100000000000000000000000000000000000000000000000000000000000000000000110
000000001010000000000000000000110011110000000000000000000000000000000000000000000000000000000000000000000110000000000000000000000000000000000000000000
000000000100000000000000000011001100111000000000000000000011000000000000000000000000000000000000000000000110000000000000000000000000000000000000000000
000000000000000000000000000001100100110000000000000000000011000000000000000000000000000000000000000000000000000000000000000010000000000000000000000000
000000000000000000000000000000100000100000000000000000000000000000000000000000000000000000000000000000000000000000000000000011000000000000000000000000
000000000000000000000000000000011111000000000000000000000000000000000000000000000000000000000000000000000110000000000010000010100000000000000000000000
000000000000000000000000000000001110000001100000000000000000000000000000000000000000000100000000000000000110000000000101000001000000000000000000000000
000000000000000000000000000011000100000001100000000000000000000000000000000000000000001010000000001000000000000000000110000001000000000000000000000000
000000000010000000000000000011000000000000000000000000000000000000000000000000000000000100000000010100000000000000000000000000000000000000000000000000
000000000101000000000000000000000000000000000000000011000000000000000000000000000000000000000000010010000000000000000000000000000000000000000000000000
000000000101000000000000000000000000000000000000000011000000000000000000000000000000000000000000001100000000000000000000000000000000000000000000000000
000000000010000000000000000000000000000000000000000000000000000000000000001100000000000000000000000000000000000000000000000000000000110000000000000000
000000000000000000000000000000000000000000000000000000000000000000000000001010000000000000000000000000000111000000000000000000000001001000000000000000
000000000000000000000000000000000000000000000000000000000000000000000000000110000000000000000000000000000000000000000000000000000001001000000000000000
000000000000000000000000000000000000000000000000000000000000000000000000000000000000000000000000000000000000000000000000000000000000110000000000001100
000000000000000000000000000000000000000010100000000000000000000000000000000000000000000000000000000000000000000000000000010000000000000000000000010010
000000000000000000000000000000000000000001100000000000000000000000000000000000000000000000000000000000000000000000000000101000000000000000000000001100
000000000000000000000000000001100000000001000000000000000000000000000000000000000000000000000000000000000000000000000000101000001100000000000000000000
000000000000000000000000000001010000000000000000000000000000000000000000000000000000000000000000000000000110000000000000010000010100000000000000000000
000000000110000000010110000000100000000000000000000000000000000000000000000000000000000000000000000000000110000000000000000000001000000000000000000000
000000000110000000110100000000000000000000000000000000000000000000000000000000000000001100000000000000000000000000000000000000000000000000000000000000
000000000000000000000100000000000000000000000000000000000000000000000000000000000000001100000000000000000000000000000000000000000000000000000000000000
000000000000000000001000000000000000000000000000000000000000100000000000000000000000000000000000000000000000000000000000000000000000000000000000000000
000000000000000011000000000000000000000000000000000000000001010000000000011000000000000000000000000000000000000000000000000000000000000000000000000000
000000000000000010100000000000000000000000000000000000000001001000000000011000000000000000000000000000000000000000000000000000000000000000000000000000
000000000000000100100000000000000000000000000000000000000000110000000000000000000000000000000000000000000000000000000000000000000000000000000000000000
000000000000000010100000000000000000000000000000000000000000000000000000000000000000000000000000000000000000000000000000000000000000000000000000000000
000000000000000000000000000000000000000000000000000000000000000000000000000001100000110000000000000000000000000000000000000000000000000000000000000000
000000000000000000000000000000000000000000000000100000000000000000000000000001100001001000000000000000000000000000000000000000000011100000000000000000
000000000000000000000000000000011100000000000010001000000000000000000000000000000000110000000000000000000000000000000000000000000000000000000000000000
000000000000000000000000000000011100000000000010000100000000010000000000000000000000000000000000000000000000000000000000000000000000000000000000000011
100000000000000000000000000000001000000000000100000001000001001000000000000000000000000000000000000000000000000000000000000000000000000000000000000101
000000000000000000000000000000001000000000000110100000100110010000000011000000000000000000000000000000000000000000000000000000000000000000000000000100
001000000000000000000000000000011100000000000010000000100010110000000000000000000000000000000000000001100000000000000000000000000000000000000000000010
001001000000000000000000000000011100000000001010101000000010100000000111000000000000000000000000000001100000000000000000000000000000110000000000000001
101010110000000000000000000000000000000000000100010000000001100000001010000000000000000000000000000000000000000000000000000000000000110000000000000000
000110001000000000000000000000000000000000000100000000000000000000000100000000000000000000000000000000000000000000000000000000000000000000000000000000
000000001000000000000000000000000000000000000000000000000000000000001100000000000000000000000000000000000000000000000000000000000000000000000000000000
000101110000000000000000000000000001000000000000000000000001110000001100000000000000000000000000000000000000000000000000000000000000000000000000000000
001011000000000000111000000000000001100000000000000000000001110000101000110000000000000000000000000000000000000000000000000000000000000000000000000000
001010000000000111000011000000000010010000000000000000000000010000100000101000000000000000000000000000000000000000000000000000000000000000000000000000
000000000000001000001100010000000001100000000000000000000000000000000000001100000000000000000000000000000000000000000000000000000000000000000000000000
000000000000010000011000001000000001000010000000000000000000000000000100011000000000000000000000000000000000000000001000000000000000000000000000000000
000000000000001101000000000100000000000010000000000000011000100000001100010000000110000000000000000000000000000000010100000000000000000000000000000000
000001100000000000101000100100011000000010000000000001001000100001010101000000000110000000000000000000000000000000100100000000000000000000000000000000
000010100000000000000000010110011000000000000000000001001100000011111000000000000000000000000000000000000000000000011000000000000000001100000000000000
000110000000000110010000100100000100000000000000000001001000000000000010100000000000000000000000000000000000000000000000000000000000010100000000000000
000100100011000111100001001000011011100000000000000001001011000000000011000000000000000000000000000000000000000000000000000000000000001000000000000000
000011000011100010001000110000011001100000000000000000000000000000000000000000000000000000000000000000000000000000000000000000000000000000000000000000
100100000100011001101110000000000000000000000000000000111000000000000000000000000000000000000000000000000000000000000000000000000000000000000000000000
101100000011111010001000100000000001000000000000000000000000000110011000000000000000000000000000000000000000000000000000000000000000000000000000000001
000100000001011000000011100000000011000000000000000110000000001110011100000000000011010000000000000000000000000000000000000000000000000010000000000000
011000000000100000000110100000010110100000000000001001000000010001011000000000010110111000000000000000000000000000000000000000000000000010000000000000
000000000000111110100110000000011000000000000000000110000001011111000001100000111010000100000000000000000000000000000000000000000000000010000000000000
000000000000100011000000000000001100110000000000000000000001000001000001100001000010111000000000000000000000000000000000000000000000000000000000000000
000000000000011100000000000000001100000000000000000000000001011001000000000000111011010000000000000000000000000000000000000000000000000000000000000000
000000000000010001000000000000000000000000010000000000000001000010000000000000010110000000000000000000000000000000000000000000000000000000000000001100
000000000000000110000000000000001100000111011001110000000001100000000000000000000000000000000000000000000000000000000000000000000000000000000000001100
000000000000000000000000000000000000000110001111101100000000101110000000000000000000000000000000000000000000000000000000000000000000000000000000000000
000000000000000000000000000000110000010011100110001100000000000010000000000000000000000000000000000000000000000000000000000000000000000000000000000000
000000000000000000000000000000011010110110000000001100000000001100000000000000000000000000000000000000000000000000000000000000000000000000000000000000
000000000000000000000000000000011010100010000000000000000000000000000000000000000000000000000000000000000000000000000000000000000000000110000000000000
000000000011000001100000000000000010110010000000000000000000000000000000000000000000000000000000000000000000000000000000000000000000000110000000000000
000000000011000001100000000000000001000011000000000000000000000000000000000000000000000000000000000000000000000000000000000000000000000000000000000000
000000000000000000000000000000000000000001000000000000000000000000000000000000000000000000000000000000000000000000000000000000000000000000000000000000
000000000000000000000000000000000000000100100000000000000000000010000000000000000000000000000000000000000000010000000000000000000000000000000000000000
000000000000000000000000000000000000000101000000000000000000000010000000000000000000000000000000000000000000101000000000000000000000000000000000000000
000000000000000000000000000000000001100010000000000000000000000010000000000000000000000000000000000000000001001000000000000000000000000000001100000000
000000000000000000011100000000000001100000000000000000000000000000000000000000000000000000000000000000000000110000000000011000000000000000010010000000
000000000000000000010000000000000000000000000000000000000000000000000000000000000000000000000000000000000000000000000000011000000000000000010100000000
000000000000000000001000000000000000000000000000000000001000000000000000000000000000000000000000000000000000000000000000000000000000000000001000000000
000000000000000000000000000000000011000000000000000000010100000000000000000000000000000000000000000000000000000000000000000000000000000000000000000000
000000000000000000000000000000000011000000000000000000010100000000000000000000000000000000000000000000000000000000000000000000000000000000000000000000
000000000000000000000000000000000000000000000000000000001000000000000000000000000000000000000000000000000000000000000000000000000000000000000000000000
000000000000000000000000000000000000000000000000000000000000000000000000000000100000000000000000000000000000000000000000000000000000000000000000000000
000000000000000000001100000000000000000000000000000000000000000000000000000001010000000000000000000000000000000000000000000000000000000000000000000000
000000000000000000001100000000000000000000000000000000000000000000000000000010010000000000000000000000000000000000000000000000011000000011000000000000
000000000000000000000000000000000000000000000000000000000000000000000000000001100000000000000000000000000000000000000000000000100100000100100000000000
000000000000000000000000000000000000000000000000000000000000000000000000000000000000000000000000000000000000000000000000000000011000000011000000000000
000000000000000000000000000000000000000000000000000000000000000000000000000000000000000000000000000000000000000000000000000000000000000000000000000000
000000000000000000000000000000000000000000000000000000000000000000000000000000000000000000000000000000000000000000000000000000000000100000000000000000
000000000000000000000000000000000000000000000000000000000000000000000000010000000000000000000000110000000000000000000000000000000001010000000000000000
000000000000000000000000000000000000000000000000000000000000000000000000101000000000000000000000110000000000000000000000000000000001010000000000000000
000000000000000000000000000000000000000000000000000000000000000000000000010111000000000000000000000000000000000000000000000000000000100000000000000000
000000000000000000001100011000000000000000000000000000000000000000000000011001000000000000000000000000000000000000000000000000000000000000000000000000
000000000000000000010010011000000000000000000000000000000000000000000000011000100000000000000000000000000000000000000000000000000000000000000000000000
000000000000000000010100000000000000000000000000100000000000000000000000100011000000000000000000000000000000000000000000000000000000000000000000000000
000000000000000000001000000000000000000000000001010000000000000000000001100100110000000000000000000000000000000000000000000000000000000000010000000000
000000000000000000000000000000000000000000000001010000000000000000000000110001100100000000000000000000000000000000000000000000000000000000101000000000
000000000000000000000000000000000000000000000000100000000000000000000000000010010100000000000000000000000000000000000000000000000000000000101000000000
