000000000000000000000000010000000000000000000000000000000000000000000000000000000000000000000000000011111101100110010110000000000000001000010000000000
000000000000000000000000000000000000000000000110000000000000000000000000000000000000000000000000001110111000011100000000000000000000001000000000000000
000000000000000000000000000000000000000000000110000000000000000000000000000000000000000000000000001000000000000111010000000000000000001000000000000000
000000000000000000000000000000000000000000000000000000000000000000000000000000000000000000000000001000000000000001100000000000010000000000000000000000
000000000000000000000000000000000000000000000000000000000000000000000000000000000000000000000000000000000000000000000000000000010000000000000000000000
000000000000000000000000000000000000000000000000000000000000000000000000000000000000000000000000000000000000001000000000000000010000000000000000000000
000000000110000000000000000000000000000000000000000000000000000001100000000000000000000000000000000000000000001000000000000000000000000000000000000000
000000001001000000000000000000110000000000000000000000000000000001100000000000000000000000000000000000000000001000000000000000000000000000000000000000
000000001001000000000000000000110000000000000000000000000000000000000000000000000000000000000000000000000000000000000000000000000000000000000000000000
000000000110000000000000000000000000110000000000000000000000000000000000000000000000000000000000000000000000000000000000000000000000000000000000000000
000000000000000000000000000000000000110000000000011000000000000000000000000000000000000000000000000000000000000000000000000000000000000000000000000000
000000000000000000000000000000000000000000000000011000000000000000000000000000000000000000000000000000000000000000000000000000100000000000000000000000
000000000000000000000000000000000000000000000000000000000000000000000000000000000000000000000000000000000000000000000000000000100000000000000000000000
000000000000000000000000000000000000000000000000000000000000000000000000000000000000000000000001000000000000000000000000000000100000000000000000000000
000000000000000000000000000000000000000100000000000000000000000000000000000000000000000000000010100000000000000001100000000000000000000000000000000000
000000000000000000000000000000000000001010000000000000000000000000000000000000000000000000000010100000000000000001100000000000000000000000000000000000
000000000000000000000000000000000000001010000000000000000000000000000000000000000000000000000001000000000000000000000000000000000000000000000000000000
000000000000000000000000000000000000000100000000000000000000000000000000000000000000000000000000000010000000000000000000000000000000000000000000000000
000000000000000000000000000000000000000000000000000000000000000000000000000000000000000000110000001100000000000000000000000000000000000000000000000000
000000000000000000000000000000000011000000011000000000000000000000001000000000000000000001001000000110000000000000000000000000000000000000000000000000
000000000000000000000000000000000100100000100100000000000000000000010100000000000000000000110000000000000000000000000000000000000000000000000000000000
000000000000000011000000000000000011000000011000000000000000000000001000000000000000000000000000000000000000000000000011100000000000000000000000000000
000000000000000011000000000000000000000000000000000000000000000000000000000000000000000000000000000000000110000000000000000000000000000000000000000000
000000000000000000000000000000000000000100000000000000000000000000000000000001000000000000000000000000000000000000000000000000000000000000000000000000
000000000000000000000000000000000000001010000000000000000000000000000000000010100000000000000000000000100011010000000000000000000000000000000000000000
000000000000000000000000000000000000001010000000000000000000000000000000000010010000000000000000000011110000101000000000000000000000000000000000000000
000000000000000000000000000000000000000100000000000000000000000000000000000001100000000000000000000110010010000000000000000000000000000000000000000000
000000000000000000000000000000000000000000000000000000000000000000000000000000000000000000000000001001100000000110000000000000000000000000000000000000
000000000000000000000000000000000000000000000000000000000000000011000000000000000000000000000000001000000010100111000000000000000000000000000000000000
000000000000000000000000000000000000000000000000000000000000000011000000000000000000000000000000000101100011000111000000000000000000000000000000000000
000000000000000000000000000000000000000000000000000000000000000000000000000000000000000000000000000100000100000110000000000000000000000000000000000000
000000000000000000000000000000000000000000000000000100000000000000000000000000000000000000000000100000100011000110000011000000000000000000000000000000
000000000000000000000000000000000111000000000000000100000000000000000000000000000000000000000011000010100000100100001101000000000000000000000000000000
000000000000000000000000000000000000000000000000000100000000000000000000000000000000000000000001011000000000111000001111000000000000000000000000000000
000000000000000000000000000000000000000000000000000000011000000000000000000000000000000000000000110000000000010000000110110000000000000010110111000000
000000000000000000000000000000000000000000000000000000100100000000000000000000000000000000000000000000000000000000000010010000000000000001101100100000
000000000000000000000000000000000000011000000000000000011000000000000000000000000000000000000000000000000000000000000001001000000000000000000001000000
100000000000000000000000000000000000011000000000000000000000000000000000000000000000000000000000000000000000000000000000011000000000000000000000010001
100000000000011111000000000000000000000000000000000000000000000000000000000000000000000000000000000000000000000000000000011000000000000000100000001001
000000000000011100010000000000000000000000000000000000000000000000000000000000011100000011000000000000000000000000000001011000001100000000010000000100
000000000000010000000000000000000000000000000000000000000000000000000000000000010111100101000000000000000000000000000000110000001100000000001000000100
000000000000001110001000000000000000000000000000000000000000000000000000000000001100100100000000000000000000000000000000000000000000000000001000000000
010000000000001001101100000000000000000000000000000110000000000000000000000000000011101101000000000000000000000000000000000000000000000000001000001001
011000000000000000101000000000000000000000000000001001000000000000000000000000000000000000100000000000000000000000000000000000000000000000000000001010
011100000000000000010000000000000000000000000000001010000000000000000000000000000000000101000000000000000000000000000000000000000000000000000000000110
011000000000001000000000000000000000000000000000000100000000000000000000000000000000000010000000000000000000000000000000000000000000000000000000000000
110000000000010100000000000000000000000000000000000000000000000000000000000000000000000000000000000000000000001110000000000000000000000000000000000011
100000000000010100000000000000000000000001100000000000000000000000000000000001000000000000000000000000000000000000000000000000000000000000000000000001
000000000000000000000000000000000000000001100000000000000000000000000000000001000000000000000000000000000000000000000000000000000011000000000000000001
000001110100010000000000000000000000000000000000000000000000000000000000000001000000000000000000000000000000000000000000000000000100100000000000000000
000000001100000000000000000000000001110000000000000000000000000000000000000000000000000000000000000000000000000000000000000000000100100000000000000000
000001000000110000000000000000000000000000000000000000000000000000000000000000000000000000000110000000000001100000000000000000000011000000000000000000
000000011011100000000000000000000000000000000000000000000000000001100000000000000000000000000110000000000001100000000000000000000000000000100000000100
000000011001100000000000000000000000000000000000000000000000000001100110000000000000011100000000000000000000000000000000000000000000000001100000000110
000000000011100000000000000000000000000000000000000000000000011000000110000000000000000000000000000000000000000000000000000000000000000011100000000100
000000000011000000000000000000000000000000000000000000000000011000000000000000000001000001000000000000000000000000000000000000000000000100000000001000
000000101110000000000000000011000000000000000000000000000000000000000000000000000001000001000000000000000000000000000000000000000000000100101000000000
000000101100000000000000000100100000000000000000000000000000000000000000000001100001000001000000000000000000000000000000000000000000000011010000000011
010000110000000000000000000011000000000000000000000000000000000000000000000010010000000000000000000000011000000000000000000000000000000001100000000110
001000000000000000000000000000000000000000000000000000000000000000000000000001010000011100000000000000011000000000000000000000011000000001000000000010
001100000000000000000000000000000000000000000000000000000000000000000000000000100000000000000000000000000000000000000000000000100100000011000010000000
001111100000010011100000000000000000000000000000000000000000000000000000000000000000000000000000000000000000000000001000000000100100000111000000000001
001000000000001011100000000000000000000000000000000000000000000000000000000000000000000000000000000000000000000000000110000000011000000010110100000000
110011000100011000010000000000000000000000000000000000000000000000000000000000000000000000000000000000000000000000000000000000000000000011101100000001
000001110100001101100000000000000000000000000000000000000000000000000000000000000000000000000000000000000000000000001110000000000000000001000100000000
000000001100000001100000000000000000000000000000000000000000000000000000000000000000000000000000000000000000000000000000000000000000000000111000000000
000000000000000000000000000000000000000000000000000000000000000000000000000000001100000000000000000000000000000000000000000000000000000000010000000000
000000000000000000000000000000000000000000000000000000000000000000000000000000001100000000000000000000000000000000000000000000000000000000000000000000
000000000000000000000000000000000000100000000000000000000000100000000000000000111000100000000000000000000000000000000000000000000000000000000000000000
000000000000000000000000000000001011010000000000000000000001010000000000000010011111110000000000000011000011100000000000000001100000000000000000000000
000000000000000000000000000000000111010000000000000000000001100000000000000010001111111000000000000100100010011000000000000001100000000000000000000000
100000110000000000000000000000001000100110000000000000000000000000000000000011100000001100000000000011000000011000000000000000000000000000000000000000
010000110000000100000000000000010110000000000000000000000000000000011000000000011100001110000000000000000000010000000000000000000000000000000000000001
010000000000001110000000000000001010000000000000000000000000000000011000000000011100101010110010000000101100000000000000000000000000000000000000000001
100000000000010001000110000000011100000000000000000000000000000000000000000000000000100011000000000001100000000000000000000000000000000000000000000000
000000000000011001101010000000001100000000000000000000000000000000000000011100000000000001101100000011001000000000000000001000000000000000000000000000
000000000000000011000010000000000101100000000000000000000000000000000000011000000000000000001100000110010000000000000000010001100000110000000000000000
000000000000000000010001000000000000000000000000000000000000000000000000001000000000000001110000000101000000000000000000000000110001001000000000000000
000000000000000011110000100000011100100000000000000000000000000000000000000000000000000001000000000011000000000000000000000001100000110000000000000000
000000000001100010000000111100000111100000000000000000000000000000000000000000000000000000000000000000011100000000000000001010000000000000000000000000
000000000001000001100000011100100010000000000000000000000000000000000000000000000000000000000000000000100100000000001110001110000000000000000000000000
000000000000000011111000011100100000000000000000000000000000000000000000000000000000000000000000000000100010000000100000100100000000000000000000000000
000000000000000010110100001100100100000000000001000000000000011100000000000000000000000000000000000001000000000000100000100000000000001100000000000000
000000000000000000010100000000011000000000000001000000110000000000000000000000000000000000000000000000110001100001000000010000000000001100000000000000
000000000000000000001111000000110000000000000001000001001000000001000000000000000000000000000000000000001000001000100000110000000000000000000000000000
000000000000000000000011000000100000000000000000000000110000000001000000000000000000000000000000000000000100001000100000110000011000000000000000000000
000000000000000000000000000000000000000000000000000000000000000001000000000000000000000000000000000000001000001000010010110000011000000011000000000000
001100000000000000000000000000000000000000000000000000000000000000000000000000000000000000000000000000111100100000010010110000000000000011000000000000
001010000000000000000000000000000000000000000000000000000000011100000000000000000000000000000000000001000000100000100100110000000000000000000000000000
000101000000000000000000011000000000000000000000000000000000000000000000000000000000000000000000000000100000000001000100110000000000000000000000000000
000010000000000000001100011000000110000000000000000000000000000000000000000000000000000000000000000000010001000001000010100000000000000000000001100000
000000000000000000001100000000000110000000000000000000000000000000000000000000000000000000000000000000110010000001001011100000000000000000000010010000
000000000000000000000000000000000000000000011000000000000000000000000000000000000000000000000110000000100010100000110000000000000000000000000010100000
000000000010000000000000000000000000000000011000000000000000000000000000000000000000000000000110000111000011010000000000000000000000000000000001000000
000000000010000000000000000000000000000000000000000000000000000000000000000000000000000000000000001010000000011000000000000000000000000000000000000000
000000000010000000000000000000000000000000000000000000000000000000000000000001000000000000000000000010000001001000000000000000000000000000000000000010
000000000000000000000000000000000000000000000000000000000000100000000000000010000000000000000000001101000010000000110000000000000000000000000000000101
000000000000000000000000000000000000000000000000000000000001010000000000000011100000000000000000110000000000010000110000000000000000000000000000000101
000000000000000000000000000000001110000000000000000000000001010000000000000000000000000000000010100000100000100000000000000000000000000000000000000010
000000000000000000000000000000000000000000000000000000000000100000000000000000000000000000000010000000000001000000000000000000000000000000000000000000
001100000010000000000000000000000000100000000000000000000000000000000000000000000000000000000000000000001110000000000000000000000000000000000001100000
010010000101000000000000000000000000100000000000000000000000000000000000000000000000000000000000000000000000000000000000000000000000000001000010010000
001100000100100000000110000000000000100000000000000000000000000000000000000000000000000000000000000000000000000000000000000000000000000010100001100000
000000000011000000000110000110000000000000000000000000000000000000000000000000000000000010000001100000000000000000000000000000000000000001100000000000
000000000000000000000000000110000000000000000000000000000000000000000000110000000000000010000001100000000000000000000000000000000000000000000000000010
000000000000000000000000000000000000000000000000000000000000000000000001010000000000000010000000000000000000000000000000000000000000001100000000000101
000000000000000000000000000000000000000000000000000000000000000000000001100000000000000000000000000000000000000000000000000000000000010100000000000101
000000000000000000000000000000000000000000000000000000000000000000000000000000000000000000000000000000011000000000000000000000000000001000000000000010
000000000000000000000000000000000000000000000000000000000000000000000000000000000000000000000000000000011000000000000000000000000000000000000000000000
000000000100000000000000000000000000000000000000000000000000000000000000000000000000000000000001100000000000000000000000000000000000000000000000000000
000000001010000000000000000000000000000000000000000000000000000000000000000000000000000000000001100011000000000000000000000000000000000000000000000000
000000001010000000000000000000000000000000000000000000000000001110000000000000000000000000000000000011000000000000000000000000000000000000000000000000
000000000100000000000000001100000000000000000000000000000000000000000000000000000000000000000000000000000000000000000000000000000000000111000000000000
000000000000000000000000001100000000000000000000000000000000100000100000000000000000000000000000000000000000000000000000000000000000000000000000000000
000000000000000000000000000000000000000000000000000000000001010001010000000000000000000000000000000000000000000000000000000000000000000000000000000000
000000000000000000000000000000000000000000000000000000000001010001010000000000000000000000000000011000000000000000000000000000000000000000000000000000
000000000001000000000000000000000011100000000000000000000000100000100000000000000000000000000000011000000000000000000000000000000000000000000000001100
000000000001000000000000000000000000000000000000000000000000000000000000000000000000000000000000000000000000000000000000000000000000000000000000001100
000000000001000000000000000000000000001000000000000000000000000000000000000000000000000000000000000000000000000000000000000000000000000000000000000000
000000000000000000000000000000011000001000000000000000000000000000000000000000000000000000000000000000000000000000000000000000000000000000000000000000
000000000000000110000000000000011000001000000000000000000000000000000000000000000000000000000000000000000100000000000000000000000000000000000000000000
000000000000001001000000000000000000000000000000000000000000000000000000000000000000000000000000000000000100000000000000000000000000000110000000000000
000000000000000110000000000000000011100000110000000000000000000000000011000000000000000000010000000000000100000000000000000000000000000110000000000000
000000000000000000000001100110000000000000110000000000011011000000000011000000000000000000101000000000000000000000000000000000000000000000000000000000
000000000000000000000001100110011000000000000000000000000000100000000000000000000000000001010000000000000000000000000000000000000000000000000000000000
000000000011000000000000000000011000001100000000000000010000100011000000000000000000000001100000000000000000010000000000000000000000000000000000000000
000000000101000000000000000000000000010010000000000000010111000100100000000000000000000000000000000000000000101000000000000000000000000000000000000000
000110000010000000000000000000000000001100000000000000001001000001010000000000000000000000000000000000000001001000000000000000000000000000001100000000
000110000000000000000000000000000000000000000000000000011000000001001000000000000000000000000000011000000000110000000000011000000000000000010010000000
000000000000000000000000000000000000000000000000000000001000000000010000000000000000000000000000100100000000000000000000011000000000000000010100000000
000000000000000000000000000000000000000000000000000000100011000010010000000000000000000000000000011000000000000000000000000000000000000000001000000000
000000000000000000000000000000000000000000000000000000100010000000100000000000000000000000000000000000000000000000000000000000000000000000000000000000
000000000000000000000000001100000000000000000000000001000000100011100000000000000000000000000000000000000000000000000000000000000000000000000000000000
000000000000000000000000001100000000000000000000000000100010000000000000000000000000000000000000000000000000000000000000000000000000000000000000000000
000000000000000000000111000000000000000000000000000010101100000000000000000000000000000000000000000000000000000000000000000000000000000000000000000000
000000000000000000000000000000000000000000000000000010010000000000000000000000000000000000000000000000000000000000000000000000000000000000000000000000
000000000000000000010000010000000000000000000000000100100000000000000000000000000000000000000000000000000000000000000000000000011000000011000000000000
000000000000000000010000010000000000000000000000000011000000000000000000000000000000000000000000000000000000000000000000000000100100000100100000000000
000000000000000000010000010000000000000000000000000000000000000000000000000000000000000000000000000000000000000000000000000000011000000011000000000000
000000000000000000000000000000000000000000000000000000000100000000000000000000000000000000000000000000000000000000000000000000000000000000000000000000
000000000000000000000000000000000000000000000000000000001010000000000000000000000000000000000000000000000000000000000000000000000000100000000000000000
000000000000000000000000000000000000000000000000000000001010000000000000000000000000000000000000110000000000000000000000000000000001010000000000000000
000000000000011100000000000000000000000000000000000000000100000000000000000000000000000000000000110000000000000000000000000000000001010000000000000000
000000000000000000000000000000000000000000000000000000000000000000000000000000000000000000000000000000000000000000000000000000000000100000000000000000
000000000001000001000000000000000000000001000000000000000000000000000000000000000000000000000000000000000000000000110000000000000000000000000000000000
000000000010100010100000000000000000000010100000000000000000000000000000000000000000000000000000000000000000000011011100000000000000000000000000000000
000000000010100010100000000000000000000010100000000000000000000000000000000000001100000000000000000000000100000001011100000000000000000000000000000000
000000000001000001000000000000000000000001000000000000000000000000000000000000001100000000000000000001000010001001000011000000000000000000010000000000
000000000000000000000000010000000000000000000000000000000000000000000000000000000000000000000000000011000110011101000001000000000000000000101000000000
000000000000000000000000010000000000000000000000000000000000000000000000000000000000000000000000000110000100100000000001000000000000000000101000000000
