00000000000000000000000000000000000000000000000000
00000000000000000000000000000000000000000000000000
00000111000000000000000000000000000000100000000000
00000000000000000000000000000000000001010000000000
00000000000000000000000000000000000000110000000000
00000000000000000000000000000000000000000000000000
00000000000000000000000000000000000000000000000000
00000000000000000011000000000000000000000000000000
00000000000000000101000000000000000000000000000000
00000000000000000010000000001010000000000000000000
00000000000000000000000000110011000000000000000000
11100000000000000000000001001001000000000000000000
00000000000000000000000010001110000000000000000000
00001000000000000000000100001001000000000000000010
00001000000000000000000100000011000000000000000010
00001000000000000000000100000101100000000000000010
00000000000000000000000010000000100000000000000000
11100000000000000000000010010000000000000000000000
00000000000000000000000000000000000000000000000000
00000000110000000000000000000000000000000000000000
00000001001001100000000000000000000000000000000000
00000000110001100000000000000000000000000000000000
00000000000000000000110000000000000000000000000000
00000000000000000000110000000000000000000000000000
00001110000000000000000001100000000000000000000000
00010010000000000000000001100000001100000000000000
00011010000000000000000000000000001100000000000000
00001000000000000000000000000000000000000000011000
10010000000000000000000000000000000000000000010100
00010000000000000000000000000000000000000000001100
00100000000000000000000000000000000000000000000000
00000000000000000000000010110000000000001000000001
11000000000000000000000111110000000000010100000001
00001100000000000000000111100000000000001100000000
00010000000000000000000000000000000000000000000000
00001100000000000000000011100000000000000000000000
00000000000000000000000011100000000000000000000000
00000011000000000000000001000000000000000000000000
00000101000000000000000000000000000000000000000000
00001000000000000001000000000000000000000000000000
00000001000000000010100000000000001100000000000000
00001010000000000010100000000000001100000000000000
00000100000000000001000100000000000000000000000000
00000000110000000000000100000000000000000000000000
00000000110000000000000100000000000000000000000000
00010000110000000000000000000000000000000000000000
00101000000000000000110000000000000000000000000000
00101000000000000000110000001110000000000000000000
00010000000000000000000000000000000000000000000000
00000000000000000000000000000000000000000000000000
