000000100011110000000000000000
000000100000001000000000000000
000000010010010000000000000000
000000000100000000000000000000
000000000000000000000000000000
000000000000000000000000100000
000000000000000000000000100000
000000000000000000000000100000
000000000000000000000000000000
000000000000000000000000000000
000000000000000000000000000000
000000000000000000000000000000
000000000000000000000000000000
000000000000000000000000000000
000000000000000000000000000000
000000000000000000000000000000
000000000000000000000000000100
000000000000000000000000000100
000000000000000110000000000100
000000000000000110000000000000
000000000001000000001100000000
000000000010000001100000000000
000000000011100000000001000000
000000000011100010100001000000
000000000011000100100001000000
000000000000000111000000000000
000000000000000011000000000000
000000000000000000000000000000
000000001000000000000000000000
000000111101100000000000000000
