00000000000011100000000000001000000000000000010011
00000000000000000000000000000000000000000000001100
00000000000000000000000000000000000000000000000000
00000000000000000000000000000001100000000000000000
00000000000000000000000000000010000000000000000000
00000000000000000000011000000001110000000000000000
00000000000000000000101000000000101100000000000010
00000000000000000000010000000000011100000000000101
00000110000000000000000000000000000000000000001100
00000110000000110000000110000000000000000000001100
00000000000000110000001111000000000001110000000000
00000000000000000000011000100000000000000000000000
01000000000000000000011001110000000000000000000000
00010000000000000000011001100000000000000000000011
01001000000000000000000000000000000000000000000011
11001000000000000000000000000000000000000000010110
10110000000000000000000000000000000000000000010001
10100000000000000000000000000000000000000000011111
00000000000000000011000000000000000000000000000110
00000000000000000011110000000000000000000000000000
00000000000000001000010000000000000000000000000000
00000000000000001001000000000000000000000000000000
00000000000000000000101100100000000000000000000000
00000000000000000000001100100000000000000000000000
00000000000000000011100111000000000000000000000000
00000000000000000000110000000000000000000000000000
00000000000000000000011000000000000000000000001000
00100001000000000000010100000000000000000000110110
11001011000000000000000110000000000000000000000011
10010010000000000000001100000000000000000000100011
01110000000000000000001100000000011000000000011100
01000000000000000000011100000000011000000000000000
00000000000001000000000000000000000000000000000000
00000000000001000000001100000000000000000000000000
00000000000101000000000100000000000000000000000000
00000000000000001100000010000000000000000000000000
00110000000000001010001100000000000000000000000000
01100000000000001010000000000000000000000011000000
00100000000000001101111100000001111000000101000000
00000100000000001111101100011101000000000111000000
00000001110000000001110010000001001000000000001000
00000000110000110000010011000000010000000000001100
00000000110000110011110000000000000000110000000110
00001100110000000010100100000000000000000100000011
10000100011000000010001000010000000000010100000001
10000000111000000000111000111000000000000000011111
00000000011100000000111001010110000000000000011011
01000000001011110000000011001110000000000000001100
00000000000000010000000001110000000000000000011010
11000000000100100000000000111100000000000000110000
