000000000000000000000000000000000000000000000000000000000000000000000000000000000000000000000011000000001000100000000000000000000000100000000000000000
000000000000000000000000000000000000000000000110000000000000000000000000000000000000000000000011000000000010110000000000000000000000000000000000000000
000000000000000000000000000000000000000000000110000000000000000000000000000000000000000000000000000000000000000000000000000000000000000000000000000000
000000000000000000000000000000000000000000000000000000000000000000000000000000000000000000000000000000000000000000000000000000000000000000000000000000
000000000000000000000000000000000000000000000000000000000000000000000000000000000000000000000000000000000000000000000000000000000000000000000000000000
000000000000000000000000000000000000000000000000000000000000000000000000000000000000000000000000000000000000000000000000000000000000000000000000000000
000000000110000000000000000000000000000000000000000000000000000001100000000000000000000000000000000000000000000000000000000000000000000000000000000000
000000001001000000000000000000110000000000000000000000000000000001100000000000000000000000000000000000000110000000000000000000000000000000000000000000
000000001001000000000000000000110000000000000000000000000000000000000000000000000000000000000000000000001000000000000000000000000000000000000000000000
000000000110000000000000000000000000110000000000000000000000000000000000000000000000000000000000000000001110000000000000000000000000000000000000000000
000000000000000000000000000000000000110000000000011000000000000000000000000000000000000000000000000000001110000000000000000000000000000000000000000000
000001100000000000000000000000000000000000000000011000000000000000000000000000000000000000000000000000000001000000000000000000000000000000000000000000
000001100000000000000000000000000000000000000000000000000000000000000000000000000000000000000000000000000111000000000000000001110000000000000000000000
000000001110000000000000000000000000000000000000000000000000000000000000000000000000000001100000000000000111000000000000000000000000000000000000000000
000000010001000000000000000000000000000100000000000000000000000000000000000000000000000010010000000000000000000000000000000000000000000000000000000000
000000100000100000000000000000000000001010000000000000000000000000000000000000110000000001100000000000000000000000000000000000000000000000000000000000
000000100000100000000000000000000000001010000000000000000000000000000000000000110000000000000000000000000000000000000000000000000000000000000000000000
000000111011100000000000000000000000000100000000000000000000000000000000000000000001100000000000000000000000000000000000000000000000000000000000000000
000110000000000000000000000000000000000000000000000000000000000000000000000000000001100000000000000000000000000000000000000000000000000000000000000000
001001000000000000000000000000000011000000011000000000000000000000001000000000000000000000000000000000000000000000000000000000000000000000000000000000
000101000000000000000000000000000100100000100100000000000000000000010100000110000000000000000000000000000000000000000001000000000000000000000000000000
000010000000000000000000000000000011000000011000000000000000000000001000000110000000011000000000000000000000000000000001000000000000000000000000000000
000000000000000000000000000000000000000000000000000000000000000000000000000000000000100100000000000000000000000000000001000000000000000000000000000000
000000000000000000000000000000000000000100000000000000000000000000000000000000011000011000000000000000000000000000000000000000000000000000000000000000
000000000000000000000000000000000000001010000000000000000000000000000000000000011000000000000000000000000000000000000000000000000000000000000000100000
000000000000000000000000000000000000001010000000000000000000000000000000000000000000000000000000000000000000000000000000000000000000000000000001010000
110000000000000000000000000000000000000100000000000000000000000000000000000000000000000000000000000000000000000000000000000000000000000000000000100000
110000000000000000000000000000000000000000000000000000000000000000000000000000000110000000000000000000000000000000000000000000000000000000000000000000
000000000000000000000000000000000000000000000000000000000000000011000000000000000110000000000000000000000000000000000000000000000000000000000000000000
000000000000000000000000000000000000000000000000000000000000000011000000000000000000000000000000000000000001000000000000000000000000000000000000000000
000000000000000000000000011000000000000000000000000000000000000000000000000000000000000000000001100000000010100000000111000000000000000000000000000000
000000000001100000000000011000000010000000000000000000000000000000000000000000000000000000000001100000000010100000000000000000000000000000000000000000
000000000001100000000000000000000010000000000000001110000000000000000000000000000000000000000000000000000001000000010000010000000000000000000000000000
000000000000000000000000000000000010000000000000000000000000000000000000000000000000000000000000000000000000000000010000010000000000000000000000000000
000000000000000000000000000000000000000000000000000000011000000000000000000000000000000000000000000000000000000000010000010000000000000000000000000000
000000000000000000000000000000000000000000000000000000100100000000000000000000000000000000000000000000000000000000000000000000000000000000000000000000
000000000000000000000000000000000000011000000000000000011000000000000000000000000000000000000000000000000000000000000111000000000000000000000000000000
000000000000000000000000000000000000011000000000000000000000000000000000000000000000000000000000000000000000000000000000000000000000000000000000000000
000000000000000000000000000000000000000000000000000000000000000000000000000000000000000000000000000000000000110000000000000000000000000010000000000000
000000000000000000000000000000000000000000000000000000000000000000000000000000000000000000000000000000000000110000000000000000000000000110000000000000
000000000000000000000000000000000000000000000000000000000000000000000000000000000000000000000000000000000000000000000000000000000001000000000001001000
000000000000000000000000000000000000000000000000000000000000000000000000000000000000000000000001100000000000000000000000000000000110000000000001000000
000000000000000000000000000000000000000000000000000110000000000000000000000000000000000000000010100000000000000000000000000000011001000000001100001000
000000000000000000000000000000000000000000000000001001000000000001100000000000000000000000000110000000000000000000000000000000000011000000000101100000
000000000000000000000000000000000000000000000000001010000000000010010000000000000000000000000000110011100000000000000000000000000011000000001101000000
000000000000000000000000000000000000000000000000000100000000000110110000000000000000000000000010011000100000000100000000000000011010001010000001000000
000000000000000000000000000000000000000000000000000000000000000010100000000000000000000000001110010100100000000100000000000000000100010000000010100000
000000000000000000000000000000000000000001100000000000000000000001000000001110000000000000010000001101000000000100000000000000000000001011000100000000
100000000000000000000000000000000000000001100000000000000000000001000001000000000000000000010100000000000000000000000000000000000000000101110100100000
100000000000000000000000000000000000100000000000000000000000000010100111000000000100000000000010000000000000000000000000000000000000000000110110100000
100000000000000000000000000000000000100000000000000000000000000010010100000100001010000000000110000000000000000000000000000000000000000000000110100000
000000000000000000000000000000000000100000000000000000000000000001100000011110000001001111100011000000000001100000000000000000000000000000000010100000
000000000000000000000000000000000000000000000000000000000000010000000111010011001101110001001011000000000001100000000000000000000000000000000001000000
000000000000000000000000000000000000000000000000000000000000100000000010011101000000000001001010000000000000000000000000001000000000000000000000000000
000000000000000000000000000000000000000000000000000000000000100000000000000010100010101010000100000000000000000000000000001000000000000000000000000000
000000000000000000000000000000000000000000000000000000111000000000000000000101000100000000000000000000000000000000000000001000000000000000011000000000
000000000000000000000000000011000000000000000000000000010000000000000000001000100001011000000000000000000000000000000000000000000000000000010000000000
000000000000000000000000000100100000000000000000000000000100000000000000000111000000001000000000000000000000000000000000000000000000000000010000000000
000000000000000000000000000011000000000000000000000000001000000000000000000010000100100000000000000000000000000000110000000000000000000001111110000000
000000000000000000000000110000000000000000000000000000010000000000000000000000000000000000000000000000000000000000110000000000000000000000011011000000
000000000000000000000001010000000000000000000000000000110000000000000000000000000011000000000000000000000000000000000000000000000000000011010110100000
000000110000000000000000100000000000000000000000000000111000000000000000000000100000000000000000000000000000000000000000000000000000000001100001110000
000010001100000000000000000000000000000000000000000110101101000000000000000000100011000000000000000000000000000000000000000000000011000011000001100000
000010001100000000000000000000000000000000000000011010100011100000000000000001001100100111000000000000000000000000000000000000000011000001100001000000
000100101000000000000000000000000000000000000000011101100000010000000000000000000001100000000000000000000000000000000000000000000000000000110000000000
000100010000000000000000000000000000000000000000101100110000010000000000000000000101000000000000000000000000000000000000000000000000000000010000000000
001001000000000000000000000000000000000000000000010000000001100000000000000000000101000000000000000000110000000000000000000000000000000000000000000000
000100000000000000000000000000000000000000000000000000001001000000000000000000000000000000000000000000110000000000000000000000000000000000000000000000
000011000000000000000000000000000000000000001110000000001100000000000000011000000000000000000000000000000000000000000000000000000000000000000000000000
000000000000000000000000000000000000000000001110000000000001110000000000011000110000000000000000000000000000000000000000000000000000000000000000000000
000000000000000000000000000000000000000111000000000000000000010011000000000000110000000000000000000000000000000000000000000000100000000000000111000000
000000000000000000000000000000000000000100000000000000000100000100100000000000000000000000000000000000000000000000000000000001100000000000000000000000
010000000000000000000000000000000000000101000000000000000101000010100000000111000000000000000000000000000000000000000000000011010000000000000000000000
010000000000000000000000000000000000000011000000000110000010000001000000001000100000000000000000000000000000000000000000000101000000000000000000000000
010001110000000000000000000000000000000000000000000110000000000000000000001000100000000000000000000000110110000000000000000110000000000000000000000000
000010100000000000000000000000000000000000000000000010000000000000001110001000100000000000000111000000110110000100000000000000000000000000001000000000
000011000000000000000000000000000000000000000000000101000000000000000000000111000000000000000000000000000000001010000000000000000110001100010100000000
000000000000000000000000000000000000000000000000000101100000000000000000000000001000000000000000000000000000010010000000000000001001001100100100000000
000000000000000000000000000000000000000000000000000100100000000000000000000000010100000000110000000000000000001100000000000000000110000000011000000110
000000000000000000000000000000000000000000000000000011010000000011100000000000010100000000110000000000000000000000000000000100000101000000000000000110
000000000000000000000000000000000000000011110000000001100000000100010000000000001000000000000000000000000000000000000000000000000010000000000000000000
000000000000000000000000000000000000000110111000000000100000000100010000000000000000000000000000000000000000000000000000000000000010000000000000000000
000000000000000000001100000000000000001100100010000000000000000100010001000000000000000000000000000000000000000000000000000000000000000000000000000100
000000000000000000001100000000000000000100010010000000000000000011100011011100000000000000000000000000000000000000000000000000000000000000000000001110
000000000000000000000000000000000000000010001010000000000100000000000100000000000000000000000010000100000000000000000000000000000000000000000000010001
000000000000000000000000000000000000000000000000000111011011000000000011111100000000000000000101011110000000000000000000000000000000000000000000011011
000000000000000000000000000000000000000000000000001001000001100000000001110000000000000000000100100001000000000000000000000000000000000000000000000000
001110000000000000000000000000000000000000000000000101001110010000000000000000000000000000000011101111100000000000000000000000000000000000000000000000
001110000000000000000000000000000000000000000000000010000001001000000000000000011000011000000000011001000000000000000000000000000000011100000000000000
011011000000000000000000011000000000000000000000000001000000000100000000000000100100011000000000000110000000000000000000000000000000000000000001100000
001110000000000000001100011000000110000000000000000001000010000000000011000000010100000000000000000000000000000000000011100000000000000000000100010000
001110000000000000001100000000000110000000000000000000000000000010000000000000001011000000000000000000011100000001100011100000000000000000000110110000
000100000000000000000000000000000000000000011000000000000011100001110000000000000111000000000000000000110100000001100100010000100011000000000000100000
000000000000000000000000000000000000000000011000000000101100010111000000000000001100000000000000000000110000000000000011001001010011000000000001010001
100000000111000000000000000000000000000000000000000000000000000000001000000000010100000000000000000000111000000000000011110001100000000000000001100010
010000000000000000000000000000000000000000000000000000000000000001001000000000010010000000000000000000010100000000000000100000000000000000000000111000
010000000000000000000000000000000000000000000000000000000000000000001000000111001111000000000000000001001101000000000000000000000000000000000000001100
010000000000000000000000000000000100000000000000000000000000010101110000010000000010110000000000000010111110000000000000000000000000000000000000000011
100000000000000000000000000000000100000000000000000000000000100010100000001001000000000000000000000010100000000000000000000000000000000000000000011101
000100000000000000000000000000000100000000000000000000000000010100000000001100000000110000000000000000000000000000000000000000000000000001100000011000
001010000010000000000000000000000000000000000000000000000000001000000000000100100000101000000000000000000000000000000000000000000000000110010000000000
011011000101000000000000000000000001110000000000000000000000000010000000000100000000011000000000000000000000000000000000000000000000010011100000001000
001010000100100000000110000000000000000000000000000000000000000010011000000010011000000000000000000000001010000000000000000000000000100111000000000000
000100000011000000000110000110000000000000000000000000000000000010110100000000011000000000000000000000001010000000000000000000000001111000000000000000
000000000000000000000000000110000000000000000000000000000000000000001100000000010000000000000000001100000000000000000000000000000011100000000001000000
000000000000000000000000000000000000000000000000000000000000000000000000000000011000000000000000001100000000000000000000000000000100010101000010100000
000000000000000000000000000000000000000000000000000000000000000000000000000000010000000000000000000000000000000000000000000000000011111110000000100000
000000000000000000000000000000000000000000000000000000000000000000000000000011100000000000000000000000000000000000000000000000000001111100000001000000
000000000000000000000000000000000000000000000000000000000000000000000000000011100000000000000000000000000000000000000000000000000000000000000000000000
000000000100000000000000000000000000000000000000000000000000000000000000000000000000000000000000000000000000000000000000000000000000000011000000000000
000000001010000000000000000000000000000000000000000000000000000001000010000000001000000000000000000011000000000000000000000000000000000111100000000000
000000001010000000000000000000000000000000000000000000000000000110101110000000011100000000000000000011000000000000000000000000000000000110100000000000
000000000100000000000000001100000000000000000000000000000000000000110000000000011000000000000000000000000000000000000000000000000000000000000000000000
000000000000000000000000001100000000000000000000000000000000000010010000000000000101000011100000000000000000000000000000000000000000000000000000000000
000000000000000000000000000000000000000000000000000000000000000011000000000000000010000000000000000000000000000000000000000000000000000000000000000000
000000000000000000000000000000000001000000000000000000000000000000000000000000000000000000000000011000000000000000000000000000000000000000000000000000
000000000000000000000000000000000001000000000000000000000000000000000010100000000000000000000000011000000000000000000000000000000000000000000000001100
000000000011100000000000000000000001000000000000000000000000000000000010100000000000000000000000000000000000000000000000000000000000000000000000001100
000000000000000000000000000000000000000000000000000000000000000000000011100000000000000000000000000000000000000000000000000000000000000000000000000000
000000000000000000000000000000011000011100000000000000000000000000000000000001100000000000000000000000000000000000000000000000000000000000000000000000
000000000000000110000000000000011000000000000000000000000000000000000000000001000000000000000000000000000000000000000000000000000000000000000000000000
000000000000001001000000000000000001000000000000000000000000000000000010000001001000000000000000000000001110000000000000000000000000000110000000000000
000000000000000110000000000000000001000000110000000000000000000000000101000000110000000000010000000000000000000000000000000000000000000110000000000000
000000000000000000000001100110000001000000110000000000000000000000000100100000000000000000101000000000000000000000000000000000000000000000000000000000
000000000000000000000001100110011000000000000000000000000000000000000011000000000000000001010000000000000000000000000000000000000000000000000000000000
000000000011000000000000000000011000001100000000000000000000000000000000000000000000000001100000000000000000010000000000000000000000000000000000000000
000000000101000000000000000000000000010010000000000000000000000000000000000000000000000000000000000000000000101000000000000000000000000000000000000000
000110000010000000000000000000000000001100000000000000000000000000000000000000000000000000000000000000000001001000000000000000000000000000001100000000
000110000000000000000000000000000000000000000000000000000000000000000000000000000000000000000000011000000000110000000000011000000000000000010010000000
000000000000000000000000000000000000000000000000000000000000000000000000000000000000000000000000100100000000000000000000011000000000000000010100000000
000000000000000000000000000000000000000000000000000000000000000000000000000000000000000000000000011000000000000000000000000000000000000000001000000000
000000000000000000000000000000000000000000000000000000000000000001100000000000000000000000000000000000000000000000000000000000000000000000000000000000
000000000000000000000000001100000000000000000000000001000000000010010000000000000000000000000000000000000000000000000000000000000000000000000000000000
000000000000000000000010001100000000000000000000000010100000000001100000000000000000000000000000000000000000000000000011000000000000000000000000000000
000000000000000000000010000000000000000000000000000010100000000000000000000000000000000000000000000000000000000000000011000000000000000000000000000000
000000000000000000000010000000000000000000000000000001000000000000000000000000000000000000000000000000000000000000000000000000000000000000000000000000
000000000000000000000000000000000000000000000000000000000000000000000000000000000000000000000000000000000000000000000000000000011000000011000000000000
000000000000000000111000111000000000000000000000110000000110000000000000000000000000000000000000000000000000000000000000000000100100000100100000000000
000000000000000000000000000000000000000000000001001000001001000000000000000000000000000000000000000000000000000000000110000000011000000011000000000000
000000000000000000000000000000000000000000000000110000000110000000000000000000000000000000000000000000000000000000001001000000000000000000000000000000
000000000000000000000000000000000000000000000000000000000000000000000000000000000000000000000000000000000000000000001010000000000000100000000000000000
000000000000001000000000000000000000000000000000000001000000000000000000000000000000000000000000000000001000000000000100000010000001010000000000000000
000000000000001000000000000000000000000000000000000010100000000000000000000000000000000000000000000000010100000010000000000010000001010000000000000000
000000000000001000000000000000000000000000000000000010100000000000000000000000000000000000000000000000010100000010000000000010000000100000000000000000
000000000001000001000000000000000000000001000000000001000000000000000000000000000000000000000000000000001000000010000000000000000000000000000000000000
000000000010100010100000000000000000000010100000000000000000000000000000000000000000000000000000000000000000000000000000111000111000000000000000000000
000000000010100010100000000000000000000010100000000000000000000000000000000000001100000000000000000000000000000000000000000000000000000000000000000000
000000000001000001000000000000000000000001000000000000000000000000000000000000001100000000000000000000111000000000000000000010000000100000000000000000
000000000000000000000000000000000000000000000000000000000000000000000000000000000000000000000000000000100000000000000000000010000001010000000000000000
000000000000000000000000111000000000000000000000000000000000000000000000000000000000000000000000000000010000100000000000000010000001010000000000000000
