000000000000000110010000000000000110000000000000000000000000000000000000000000000000000000000000000000000000000000000000000000100000000000000110000000
000000000000000110011000000000000000000000000000000000000000000000000000110000000000000000000000000000000000000000000000000000000110000000000010000000
000000000000110100011110000000000000000000000000000000000000000000000000110000000110000000000000011100000000000000000000000001000110000000000000000000
000000000001100010000110000000000000000000000000000000000000000000000000000000001000000000000000000000000000000000000000000001000000000000000000000000
000000000010010011000000000000000000000000000001000000000000000000000000000000000001000000000000000000000000000000000000000000011000000000000000000000
000000000001011110000000000000000000000000000001000000100000000000000000000000000110000000000000000000000000000000000000000001110000000000000000000110
000000000000110110000000000000000000000000000001000000100000000001100000000000000000000000000000000000000001100000000000000001110100000000000000000001
000000000000011100000000000000000000110000000000000000100000000001100000110000000000000000000000000000000001100000000000000010110100000000000000000110
000000000000011000000000000000000000110000000000000000000000000000000000110000000000000000000000000000000000000000000000000010000000000000000000000000
000000000000011100000000000000000000000000000000000000000000000000000000000000000000000000000000000000000000000000000000000001000000000000000000000110
111100000000010010000000011000000000000000000000000000000000000000000000000000000000000000000000000000000000000000000000000000000000000000000000001011
010010000000010110000000010100000000000000000000000000000000000000000000000000000000000000000000000000000000000000000000000000000000000000000000000000
011110000000000100000000001000000000000000000000000000000000000000000000110000000000000000000000110000000000000000000000000000000100000000000000001001
101110000000000000000000000000000000000000000000000000000000000000000000110000000000000000000000110000000000000000000000000000001010000000000000000100
101101100000000000000000000000000000000000000000000000000000000000000000000000000000000000000000000000000000000000000000000000001001000000000000000011
010010011100000000000000000000000000000000000000000000000000000000000000000000000000000000000000000000000000000000000000000000000110000000000000000011
000011100010000000000000000000000000000000000000000000000000000000000000000000000000000000000000000000000000000000000000000000000000000000000000000000
000000001110000000000000000000000000000000000000000000000000000000000001000000000000000000000000000000000000000000000000000000000000000000000000000010
100000000000000000000000000000000000000000000000000000000011000000000010100000000000000000000000000000000000000000000000000000000000000000000000000100
100001000000000000000000000000000000000000000000000000000011000000000001000000000000000000000000000000000000000000000000000000000000010000000000000100
000000100000000000000000000000000000000000000000000000000000000000000000000000000000000000000000000000000000000000000000000000000000111000000000011111
100001000000000000000000000000000000000000000000000000000000000000000000000000000000000000001100000000000000000000000000000000000011011100000000011110
110100000000000000000000000000000000000000001100000000000000000000000000000000000000000000010010000000000000000000000000000000000000100110000000001001
101111000000000000000000000000000000000000001100000000000000000000000000000000000000011000001010000000000000000000000000000000000101000111000000000001
000001000000000000000000000000000000000000000000000000000000000000000000000000000000100100000100000000000000000000000000000000000101000110000000000000
011110000000000000000000000000000000000000000000000000000000000000000000000000000000011000000000000000000000000000000000000000000110000100000000000000
000100000000000000000000000000000000000000000000000000000000000000000000000000000000000000000000000001100000000000000000000000000001000000000000000000
000000000000000000000000000000000000000000000000000000000000000000000000000000000000000000000000000010010000000000110000000000000000000000000000000000
000000000000000000000000000000000000000000000000000000000000000000000000000000000000000000000000000001100000000000110000000000000000000000000000000000
000000000000000000000000000000000000000000011000000000000000000000000000000000000000000000000000000000000000000000000000000000000000000001100000011100
000000000000000000000000000000011000000000011000000000000000000000000000000000000000000000000000000000000000000000000000000000000000000001010000001100
000000010000000000000000000000011000000000000000000000000000000000000000000000000000000000000000000000000000000000000000000000000000000001000000000000
000000111000000000000000000000000000000000000000000000000000000000000000000000000000000000000000000000000000000000000000000000000000000001001000000000
000001001000000000000000000000000000000000000000000000000000000000000000010000000000000000000000000000000000000000000000000010011000000000101000000000
000001110000000000000000000000000000000000000000000000000000000000000000101000000000000000000000000000000000000000000000000110010000000000010000000000
000011000000000000000000000000000000000000000000000000000000000000000000100100000000000000000000000000000000000000000000001110110000000000000000000000
000000100000000000000000000000000000000000000011000000000000000000000000011000000000000010000000000000000000000000000000000111110000010100000000110000
000011000000000000000000000000000000000000000100100000000000000010000000000000000000000101000000000000000000000000011000000010010000010010000001001000
000000000000000000000000000000000000000000000011000000000000000010000000000000000000000101000000000000001110000000011000000001100000010100000000110000
000000000000000000000000000000000000000000000000000000000000000010000000000000000000000010000000001100000001000000000000000000000000000000000000000000
000000000000000000000000000000000000000000000000001100000000000000000000000000000110000000000000011000011000011110000000000000000000000000000000000000
000000000000000000000000000000000000000000000000010010000000111000111000000000000110000000000000101000000100011010000000000000000000000000000000000000
000000000000000000000000000000000000000000000000001100000000000000000000000000000000000000000000110001000010001100000000000000000011000000000000000000
000000000000000000000000000000000000000000000000000000000000000010000000000000000000000000000000110010000000000000000000000000000100100000011000000000
100000000000000000000000000000000000000000000000000000000000000011100000000000000000000000000000000110000100100000000000000000000011000000011000000001
010000000000000000000000000000000000000000000000000000000000000000010000000000000000000000000000000011001001000000000000000000000000000000000000000001
110000000000000000000000000000000000000110000000000000000000000011010000000010000000000000000000000000000110000000000000000000000000000100000000000000
000000000000000000000000000010000000000110000000000000000000000001010000000011000000000000000110000000000000000000000000000000000000001010000000000000
000000000000000000000000000010000000000000000000000000000000000000000000000101100000000000000110000000000000000000000000000000000000001010000000000000
000000000000000000000000000010000000110000000000000000000000000000010011001101000000000000000000000000110000000000000000000000000000000100000000000000
000000000011000000000000000000000001001000000000000000000000000000001000001110000000000000000000000001110010000000000000000000000000000000000000000000
000000000011000000000000000000111000110000000000000000000000000000000010000100011000000000000000000010100101000000000000000000000000000000000000000000
000000000000000000000000000000000000000010000000000000000000000000100100000000011000000000000000000110101100100000000000000000000000000000000000000000
000000000000000000000000000010000000000010000000001100000000000000110100000000000000000000000000000110100100110000000000000000000000000000000000000000
000000000000000000000000000010000000000010000000001100000000000000110000000000000000010000000000000010100001100000000000000000000000000000000000000000
000000000000000000011000000010000000000000000000000000000000000000010100000110000000101000000000000001000001000000000000000000000000000000000000000000
000110000000000000011000000000000000110000000000000000000000000000001000000110000000100100000000000000000000000000000000000000000000000000000000000000
001001000000000000000000000000000000110000000000000000000000000000000001000000000000011000000001110000000000000000000000000000000000000000000000000000
000110000000000000000000000000000000000000000000000000000000000000000110110000000000000000000111101100000000000000000000000000000000000000000000000000
000000000000000000000000000000010000000000000000000000000000000000000000000000000000000010100001100100000000000110000110000000000000000000000000000000
000000000000000000000000000000101000000000000000000000000000000000000100010000000000000011000000011100000000000110000110000000000000000000000000000000
000000000000011111001010000000100100000000000000000000000000000000000011010000000000000000001010000000000000000000000000000000000000000000000000000000
000000000000001100001011000000011000000000000000000000000000000000000010100000000000000000000000000000000000000000000000000000000000100000000000000000
000000000000100011100011000000000000000000000000000000000000000000000011000000000000000000000000000000000000000000000000000000000001010000000000000000
000000000001110001011000000000000000000000000000000001000000000000000100000001000000001100000000000000000000000000000000000000000001010000000000000000
000000000001000000100010000000000000000000000000000001000000000000000011000001000000100000000000000000000000000000000000000000000000100000000000000000
000000000001110000110010000000000000000000000000000001000000000000000011000001000001001100000000000000000000000000000000000000000000000000000000000000
000000000000110000000100000000000000000000000000000000000000000000000000000000000010010000000000000000000000000000000000000000000000000000000000000000
000000000000000000000000000000000000000000000000011100011100000000000000000000000001100000000000000000000000000000000000000000000000000000000000000000
000000000000000000000000000000000000000000000000000000000000000000000000000000000000000000000000000000000000000000000000000000000000000000000000000000
000000000000000000011000000000000000000000000000000000000000000000000001100000000000000011100000000000111000000000000000000000000000000000000000000000
000000000001110000000000000000000000000000000000000000000000000000000001100000000000000000100000000000111000001000000000000000000000000000000000000000
000000000001001100000000000000000000000000000000000000000000000000000000000000000000110011100000000000010000001000000000000000000000000000000001100000
000000000000111001110000000000000000000000000000000000000000000000000000000000000001001000000000000000010000001000000000000000000000000000000000000000
000000000000000010000011000000000000110000000000000000000000000000000000000000000000110000000000000000111000000000000000000000000000000000000000000000
000000000001110000000001000000000000110000000000000000000000000000000000000000000000000000000000000000111000000000000001100000000000000000000000000000
000000000001100000001110000000000000000000000000000000000000000000000000000000000000000000000000000000000010000000000001010000000000000000000000001100
000000000000000000110100000000000000000000000000000000000000000000000000000000000000000000000000000000000110000000000000100000000000000000000000001100
000000000000011011000000000000000000000000000000000000000000000000000000000000000000000000000000000000001101101000000000000000000000000000000000000000
000000000000000100000000000000000000000000000000000000000000000000000000000000000000000000000000000000010010011000000000000000000000000000000000000000
000000000000000000000000000000000000000000000000000000000000000000000000000000000000100000000000000000011110001000000000000000000000000000000000000000
000000000000000000000000000000000000000000000000000000000000000000000000000000000000100000000000000000001100010000000000000000000000000000000000000000
000000000000000000000000000000000000000000000000000000000000000000000000000000000000100000000000000000000010000000000000000000000011000000000000000000
000000000000000000000000000000000000000000000000000000000000000000000000000000000000000000000000000000000010100000000000000000000011000000000110000000
000000000000000000000000000000000000000000000000000000000000000000000011100000001110001110000000000000000001000000000000000000000000000000001010000000
000000110000000000000000000000000000000000000000000000000000000000000000000000000000000000000000000000000000000000000110000000000000000000000100000000
000000110000000000000000000000000000000000000000000000000000000010000000000000000000100000001000000000000000000000000110000000000000000000000000000000
000000000011000000000000000000000000000000000000000000000000000010000000000000000000100000011000000000000000000000000000000000000000000000000000000000
000000000100100000000000000000000000000000000000000000000000000010000000000000000000100000010100000000000000000000000000000000000011100000000000000000
000000000010100000000000000000000000000000000000000000000000000000000000000000000000000110000000000000000000000000000000000000000000000000000000000000
000000000001000000000000000000000000000000000000000000000000111000000000001000000000000110000001000000000000000000000000000000000000000000001100000000
000000000000000000000000000000000000000011000000000000000000000000000000010100000000000000001000100011000000000000000000000000000000000000001100000000
000100000000000000000000000001100000000011000000000000000000000010000000010010000000000000001001000011000000000000000000000000000000000000000000000000
001010000000000000000000000001100000000000000000000000000000000010000000001100000000000000110110000000000000000000000000000000000000000000000000000000
001100000000000000000000000000000000000000000000000000000000000010000000000000000000000000001000000000000000000000000000000000000000110000000000010000
000000000000000000000000000000000000000000000000000000000000000000000000000000000000000001000000000000000000000000000000000000000000110000000000101000
000000000000000000000000000000000000000000000000000000000000000000000000000000000000000001001100111000000000000000000000000000000000000000000000101000
000000000000000000000000000000000000000000000000000000000000000000000000000001000000000000100010001000000000000000000000000000000000000000000000010000
100000000000000000000000000000000000000000000000000000000000000000000000000010100000000000011000010000000000000000000000000000000000000000000000000000
110000000000000000000000000011100000000000000000000000000000111000000000000000000000000000100000100000000000000000000000000000000000000000000000000011
000000000000000000000000000000000000000000000000000000000000111000000000000010010000000000100001000001100000000000000000000000000000000000000000000010
000000000000000000000000000000000000000000000011000000000010000110000000001101000000000011000010000001100000000000000000000000000000000000000000000100
000000010000000000000000000000000000000000000011000000000010101110000000010001000000000000011010000000000000000000001000000000000000000000000000000110
000000101000000000000000000000000000000000000000000000000110011000000000010001000000000000000000000000000000000000010100000000000000000000000000000001
000001101100000000000000000000000000000000000000000000000000111000000000000000000000000000000000000000000000000000100100000000000000000000000000000111
100000010000000000000000000000000000000000000000000000000011110000100000000000000000000000000000000000000000000000011000000000000000000000000000001000
100000000000000000000000000000000000000000000001110000000000001101010000000000000000000000000000000000000000000000000000000000000000000000000000001111
000000000000000000000000000000000000000000000010001000000011000001011000000000000000000000000000000000000000000000000000000000000000000000000000000010
000000000000000000000000000000000000000000000111000100000110000011100000000000000000000000000000000000000000000000000000000000000000000111000001110000
110000000000000000000000001000000000000000000111001010000111010000000000000000000000000000000000000000000000000000000000000000000000000000000000000000
111000000000000000000000001000000000000000000000001000000100110000000000000000000000000110000000000000000000000000000000000000000000000000000100000000
110100000000000000000000000100000000000000000000010000000010010000000000000000000000001011000000000000000000000000000000000000000000000000000100001110
101111000000000000000000001000000000000001000000010000000011100000000000000000000000000010000000000000000000000000000000000000000000000000000100000111
100011100000000000000000001000000000000000100000100000000000000000000000000000000000000000000000000000000000000000000000000000000000000000000000000011
110000110000000000000000000000000000000010011011000000000000000000000000000000000000000000000000000000000000000000000000000000000000000000000001110001
000111100000000010000000001100000000000011001110000000000000000000000000000000000000100000000000000000000000000000000000000000000000000000000000000000
000111000000000010000000010011000000000000000100000000000000000000000000110000000001001000000000000000000000000000000000000000000000000000000000000000
000010000000000100100000011111000000000000000000000000000000000000000000110000000001001000000000000000000000000000000000000000000000000101000000000000
000000000000000110111000000000000000000000000000000000000000000000000000000000000010000000000000000000000000000000000000000000000000000100100000000000
000000000000000110101000000000000000000000000000000000000000000000000000000000000001100000000000000000000000000000000000000000000000001000100000000000
000000000000001000100000000000000000000000000000000000000000000000000000000000000000100000000000000000000000000000000000000000000000000100100000000000
000000000000011000000000000000000000000000000000000000000000000000000000000000000000000000000000000000000000000000000000000000000000000111000000000000
000000000000101000000000000000000000000000000000000000000000000000000000000000000000000000000000000000000000000000000000000000000000000000000000000000
000000000000101100001000010000000000000000000000000000000000000000000000000000000000000000000000000000000000000000000000000000000000000000000000000000
000000000000011100000000111000000000000000011000000000000000000000000000000000000000000000000000000000000000000000000000000000000000000000000000000000
000000000000001111100000100100000000000000011000000000000000100000000000000000000000000000000000000000000000000000000000000000000000000010000000000000
000000000000000010000000000000000000000000000000000000000000100000000000000000000000000000000000000000000000000000000000000000000000000010000000000000
000000000000000000000000000000000000000000000000000000000000100000000000000000000100000000000000000000000000000000000000000000000000000010000000011000
000000000000000000000000000000000000000000000000000000000000000000000000000000000100000000000000000000000000011000000000000000000001000000000000100100
000000000000000000000000000000000000000000000000000000000000000000000000000000000100000000000000000000000000011000000000000000000010110000000001111110
000000000000000000110000000000000010100000000000000000000000000000000000000000000000000000000000000000000000000000000000000000000000100000000000100100
000000000000000000110000000000000000100000000000000000000110000000000000000000000000000000000000000000000000000000000000000000000000011000000000011000
000000000000000000000000000000001000000000000000000000001001001000000000000000000000000000000000000000000000000000000000000000000001111011110000100000
000000000000000000000000000000000001010000000000000000001010010100000000000000000000000000000000110000000000000000000000000000000001000011111000110000
000000000000000000000000000000000000000000000000011000000100110110000000000000000000000000000000110000000000000000000000001100000011000011001011000100
000000000000000000000000000000001101011000000000011000000000110010000000000000000000000000000000000000000000000000000000010000000010010100110111111000
000000000000000000000000000000111011011000000000000000000000000010000000000000000000000000000110000000000000000000000000001100000000010100010010010010
000000000000000000000000000000110000100000000000000000000001000110000000000000000000000000001001000000000000000000000000000000000000010101010100000000
000000000000000000000000000000000000000000000000000000000001110000000000000000000000000000000101000000000000000000000000000000000011000000011100000110
110000000000000000000000000000000000000000000000000000000000000000000000000000110000111000000010000000000000000000000000000000000000010001101100110101
101000000000000000000000000000000000000000000000000000000000000000000000000000110000000000000000000000000000000000000000000000000000101110000000010110
100100000000000000000000000000000000000000000000000101010000000000000000000000000000000000000000000000000000000000000000000000000011100000011110001100
011000000000000000000000000000000000000000000000000101011000000000000000000000000111000000000000000000000000000000000000000000000000000000101111000010
000000000000000000000000000000000000000000000000000000001000000000000000000110000000000000000000000000000000000000000000000000000000001000100000101110
000000000000000000000000000000000000000000000000000000110000000000000001000110000000000000000000000000000000000000000000000000000000001000011110111000
011000010000000000000000000000000000000000000000000000000000000000000010100000000000000000000000000000000000000000000000000000000000001000000110100110
010000111000000000000000000000000000000000000000100000000000000000000001000000000000000000000000000000000000000000000000000000000000000000000000111100
001101000100000000000000000000000000000000000001010000000000000000000000000000000000000000000000000000000000000000000000000000000000000000000000111000
000100001000000000000000000000000000000000000001010000000000000000000000000000000000000000000000000000000000000000000000000000011100000000000000011000
000011110000000000000000000000000110000000000000100000000000000000000000000000000000000000000000000000000000000000000000000000010010000000001000000000
