000100000000000000000110000000000110000000000000000000000000000000000000000000000000000000000000000000000000000000000000000000000000000000000000000001
111000000000000000000000000000000000000000000000000000000000000000000000110000000000000000000000001000000000000000000000000000000000000000000000000000
000000000000000010000000000000000000000000000000000000000000000000000000110000000100000000000000001000000000000000000000000000000000000000000000000000
000000000000000101000100000000000000000000000000000000000000000000000000000000000110000000000000001000000000000000000000000000000000000000000000000000
000000000000001000001100000000000000000000000000000000000000000000000000000000000110000000000000000000000000000000000000000000000000000000000000000000
000000000000000100000000000000000000000000000011100000000000000000000000000000000010000000000000000000000000000000000000000000001000000000000000000000
000000000000000011000000000000000000000000000000000001110000000001100000000000000000000000000000000000000001100000000000000000011100000000000000000011
000000000000000000001000000000000000110000000000000000000000000001100000110000000000000000000000000000000001100000000000000000110000000000000000000011
001010000000000000000100000000000000110000000000000000000000000000000000110000000000000000000000000000000000000000000000000001001110000000000000000000
001001000000000000011000000000000000000000000000000000000000000000000000000000000000000000000000000000000000000000000000000001010001000000000000000000
100010000000101000000000011000000000000000000000000000000000000000000000000000000000000000000000000000000000000000000000000000110010000000000000000001
001000000011100100000000010100000000000000000000000000000000000000000000000000000000000000000000000000000000000000000000000000000000001000000000000010
001000000011110100000000001000000000000000000000000000000000000000000000110000000000000000000000110000000000000000000000000000001000001111000000000011
000000000100001100000000000000000000000000000000000000000000000000000000110000000000000000000000110000000000000000000000000000000110000110100000000101
100011100111000000000000000000000000000000000000000000000000000000000000000000000000000000000000000000000000000000000000000000000011000100100000001100
110010000001000000000000000000000000000000000000000000000000000000000000000000000000000000000000000000000000000000000000000000000000000111100000001011
111001100010000000000000000000000000000000000000000000000000000000000000000000000000000000000000000000000000000000000000000000000000000111101000001011
010100001100000000000000000000000000000000000000000000000000000000000001000000000000000000000000000000000000000000000000000000000000000010000110010000
010110000000000000000000000000000000000000000000000000000011000000000010100000000000000000000000000000000000000000000000000000000001000000000000010100
001001000000000000000000000000000000000000000000000000000011000000000001000000000000000000000000000000000000000000000000000000000001000000001001011000
001001000000000000000000000000000000000000000000000000000000000000000000000000000000000000000000000000000000000000000000000000000000000000001000000000
000100100000000000000000000000000000000000000000000000000000000000000000000000000000000000001100000000000000000000000000000000000000000001001100000000
110000110000000000000000000000000000000000001100000000000000000000000000000000000000000000010010000000000000000000000000000000000000001100111100000000
011000110000000000000000000000000000000000001100000000000000000000000000000000000000011000001010000000000000000000000000000000000000010010110000000000
101001110000000000000000000000000000000000000000000000000000000000000000000000000000100100000100000000000000000000000000000000001100001100000000000001
110001100000000000000000000000000000000000000000000000000000000000000000000000000000011000000000000000000000000000000000000000001100000000000000011101
110000000000000000000000000000000000000000000000000000000000000000000000000000000000000000000000000001100000000000000000000000000000000000000000001010
000001111000000000000000000000000000000000000000000000000000000000000000000000000000000000000000000010010000000000110000000000000000000000000000000111
000001111100000000000000000000000000000000000000000000000000000000000000000000000000000000000000000001100000000000110000000000000000000000000000100011
000101110100000000000000000000000000000000011000000000000000000000000000000000000000000000000000000000000000000000000000000000000000000010000001010000
001100001000000000000000000000011000000000011000000000000000000000000000000000000000000000000000000000000000000000000000000000000000000111100001100000
011000000000000000000000000000011000000000000000000000000000000000000000000000000000000000000000000000000000000000000000000000000000011111010000000000
011011000000000000000000000000000000000000000000000000000000000000000000000000000000000000000000000000000000000000000000001100000000100000011000000000
000111000000000000000000000000000000000000000000000000000000000000000000010000000000000000000000000000000000000000000000001110111001000101110000000000
000000000000000000000000000000000000000000000000000000000000000000000000101000000000000000000000000000000000000000000000000000101000000001100000000000
000000000000000000000000000000000000000000000000000000000000000000000000100100000000000000000000000000000000000000000000000000111000110110000001000000
011000000000000000000000000000000000000000000011000000000000000000000000011000000000000010000000000000000000000000000000000000000000001000000001100000
011000000000000000000000000000000000000000000100100000000000000000000000000000000000000101000000000000000000000000011000000000000000001010000011011000
000000000000000000000000000000000000000000000011000000000000000111000000000000000000000101000000000000000000000000011000000000000000000011000000100000
000000000000000000000000000000000000000000000000000000000000000000000000000000000000000010000000000000000000000000000000000000000000001010000000100100
000000000000000000000000000000000000000000000000001100000000010000010000000000000110000000000000000001110000000110000000000000000000000100000010111000
000000000000000000000000000000000000000000000000010010000000010000010000000000000110000000000000000010000000001010000000000000000000000000000001110000
000000000000000000000000000000000000000000000000001100000000010000010000000000000000000000000000000110001000000100000000000000000011000000011111000000
000000000000000000000000000000000000000000000000000000000000000000000000000000000000000000000000000110000011000000000000000000000100100000100100000000
100000000000000000000000000000000000000000000000000000000000000111000000000000000000000000000000000010011011100000000000000000000011000000011000000001
010000000000000000000000000000000000000000000000000000000000000000000000110000000000000000000000000000001010000000000000000000000000000000000000000001
110000000000000000000000000000000000000110000000000000000000000000000011110000000000000000000000000001100000000000000000000000000000000100000000000000
000000000000000000000000000000000000000110000000000000000000000000001100001000000000000000000110000011100000000000000000000000000000001010000000000000
000000000000000000000000000111000000000000000000000000000000000000110110101000000000000000000110000000100010110000000000000000000000001010000000000000
000000000000000000000000000000000000110000000000000000000000000000000011000000010000000000000000000001100001000000000000000000000000000100000000000000
000000000011000000000000000000010001001000000000000000000000000000000001001000000100000000000000000001010100000000000000000000000000000000000000000000
000000000011000000000000000000010000110000000000000000000000000000000000101000010100000000000000000000100001000000000000000000000000000000000000000000
000000000000000000000000000000010000000000000000000000000000000000000001010000011000000000000000000000100001000000000000000000000000000000000000000000
000000000000000000000000000000000000000111000000001100000000000000000011100000000000000000000000000000001110000000000000000000000000000000000000000000
000000000000000000000000000111000000000000000000001100000000000000000011100000000000000000000000000000000000000000000000000000000000000000000000000000
000000000000000000011000000000000000000000000000000000000000000000000000001110000000000000000000000000000000000000000000000000000000000000000000000000
000110000000000000011000000000000000110000000000000000000000000000000000001101000000000110000000000000000000000000000000000000000000000000000000000000
001001000000000000000000000000000000110000000000000000000000000000000000110000000001110111100000000000000000000000000000000000000000000000000000000000
000110000000000000000000000000000000000000000000000000000000000000000000100001000000110111110000000000000000000000000000000000000000000000000000000000
000000000010000000000000000000010000000000000000000000000000000000000000100000000000000000011000000000000000000110000110000000000000000000000000000000
000000000010000000000000000000101000000000000000000000000000000000000000001000000000000000110000000000000000000110000110000000000000000000000000000000
000000000010000000000000000000100100000000000000000000000000000000000000000000000000000000000000000000000000000000000000000000000000000000000000000000
000000000000000000000000000000011000000000000000000000000000000000000001110000110000001100000000000000000000000000000000000000000000100000000000000000
000000000000110000000000000000000000000000000000000000000000000000000010001000100000011100000000000000000000000000000000000000000001010000000000000000
000000000000001000000100000000000000000000000000000000000000000000000001000101101100101000000000000000000000000000000000000000000001010000000000000000
000000000010111000001010000000000000000000000000000011100000000000000000110100000000110000000000000000000000000000000000000000000000100000000000000001
100000000110000000001001000000000000000000000000000000000000000000000000001000001111010000000000000000000000000000000000000000000000000000000000000001
010000000100001000000110000000000000000000000000001000001000000000000000000000000100010000000000000000000000000000000000000000000000000000000000000100
000100000101100100000000000000000000000000000000001000001000000000000000000000000010100011110000000000000000000000000000000000000000000000000000001100
100010000100000010100000000000000000000000000000001000001000000000000000000000000001001000111100000000000000000000000000000000000000000000000000101101
100010000101110000011000000000000000000000000000000000000000000000000001100000000000001000001100000000000000000000000000000000000000000000000001001001
000101000001000000010100000000000000000000000000000000000000000000000001100000000000001000100000000000000000000000000000000000000000000000000001010000
000001100000110001001100000000000000000000000000000000000000000000000000000000001100000000100000000011100000000000000000000000000000000000000000100000
000100100001000010001000000000000000000000000000000000000000000000000000000000001110000101000000000000000000000000000000000000000000000000000000000000
000000100101110010000000000000000000110000000000000000000000000000000000000000000000000111000000000000001100001100000000000000000000000000000001100001
100000100100000000000000000000000000110000000000000000000000000000000000000000001111000011000000000000010100011000000001100000000000000000000010010010
100011001001100100000000000000000000000000000000000000000000000000000000000000000111000001000000000000110000000000000001010000000000000000011010000010
000000001000001000000000000000000000000000000000000000000000000000000000000000000000000000000000000000111000110000000000100000000000000000011001000000
000000001011001000000000000000000000000000000000000000000000000000000000000000000000010010000000000000011000110000000000000000000001000000000001000000
000000001010010000000000000000000000000000000000000000000000000000000000000000000000001000000000000000000000100000000000000000000010100000000000010000
000110001111001000000000000000000000000000000000000000000000000000000000000000000000000000000000000000000000000000000000000000000010100000000000110000
000110001101110000000000000000000000000000000000000000000000000000000000000000000000000000000000000000000011110110000000000000000010000000000000000000
000000001101000000000000000000000000000000000000000000000000000000000000000000000000000000000000000000000111110100000000000000000011100000000000000000
000000000000000000000000000000000000000000000000000000000000000000000001000000000000100000000000000000000010010000000000000000000011000000000110000000
000000000000000000000000000000000000000000000000000000000000000000000001000000000011011000000000000000000001110000000000000000000010010000001010000000
000000110000000000000000000000000000000000000000000000000000000000000001000000000000100000000000000000000000100000000110000000000010001000000100000000
000000110000000000000000000000000000000000000000000000000000000000000000000000000000000000000000000000000000000000000110000000000001010000000000000000
000000000011000000000000000000000000000000000000000000000000000111000000000000000000000000011000000000000000000000000000000000000000100000000000000000
000000000100100000000000000000000000000000000000000000000000000000000000000000000000000011000100000000000000000000000000000000000000000000000000000000
000000000010100000000000000000000000000000000000000000000000010000000000000000000000000010000000000000000000000000000000000000000000000000000000000000
000000000001000000000000000000000000000000000000000000000000010000000000001000000000000011011000000000000000000000000000000000000000000000001100000000
000000000000000000000000000000000000000011000000000000000000010000000000010100000000000000100011000011000000000000000000000000000000000000001100000000
000100000000000000000000000001100000000011000000000000000000000000000000010010000000000000000100100011000000000000000000000000000000000000000000000000
001010000000000000000000000001100000000000000000000000000000000111000000001100000000000000000000000000000000000000000000000000000000000000000000000000
001100000000000000000000000000000000000000000000000000000000000000000000000000000000000000011000100000000000000000000000000000000000110000000000010000
000000000000000000000000000000000000000000000000000000000000000000000000000000000000000000000001100000000000000000000000000000000000110000000000101000
000000000000000000000000000000000000000000000000000000000000000000000000000000000000000000010100000000000000000000000000000000000000000000000000101000
000000000000000000000000000000000000000000000000000000000000000000000000000000000000000000011001100000000000000000000000000000000000000000000000010000
000000000000000000000000000001000000000000000000000000000000000000000000000000000000000000100001100000000000000000000000000000000000000000000000000000
100000000000000000000000000001000000000000000000000000000000000000000000000000000000000000000000000000000000000000000000000000000000000000000000000001
100000000000000000000000000001000000000000000000000000000000000000000000000011011000000000100000000001100000000000000000000000000000000000000000000001
000000000000000000000000000000000000000000000011000000000000000000000000000011010000000000100000000001100000000000000000000000000000000000000000000000
000000000000000000000000000000000000000000000011000000000000000000000000000010010000000000100000000000000000000000001000000000000000000000000000000000
000111000000000000000000000000000000000000000000000000000000000000000000110000110000000000000000000000000000000000010100000000000000000000000000000011
111001110000000000000000000000011000000000000000000000000000000000000000110010010000000000000000000000000000000000100100000000000000000000000000000100
110001010000000000000000000000100100000000000000000000000000000000000000000011111000000000001100000000000000000000011000000000000000000000000000001000
000000000000000000000000000000011000000000000000000000000000111000000000000011000000000000001100000000000000000000000000000000000000000000000000001000
000000000000000000000000000000000000000000000000000000000000101000000000000000000000000000000000000000000000000000000000000000000000000000000000001001
000000000000000000000000000000000000000000000000000000000000101000000000000000000000000000000000000000000000000000000000000000000000000110000000001000
000000010000000000000000000000000000000000000000000000000000110000000000000000000000000000000000000000000000000000000000000000000000000110100000011010
100001100000000000000000000010000000000000000000100000000000000000000000000000000000000000000000000000000000000000000000000000000000001110100001100000
101011000000000000000000000111101100100000000011011000000000000000000000000000000000000000000000000000000000000000000000000000000000010100000000000000
001110000000000000000000001001010000100000000011001000000000000000000000000000000001100000000000000000000000000000000000000000000000001000000001000000
110100000000000000000000011011010000000000000101101000000000000000000000000000000010100000000000000000000000000000000000000000000000000111100000100000
100000000000011100000000001100000000000000000110000000000000000000000000000000000010100000000000000000000000000000000000000000000000000010100000001100
000000000000110110000000000110010000000000000000000000000000000000000000000000000011000000000000000000000000000000000000000000000000000110000000000111
000000000000110010000000000111010001000000000000000000000000000000000000110000110000001110000000000000000000000000000000000000000000000010100000000000
000000000000110000000000010100000000000000000000000000000000000000000000110000110000101000000000000000000000000000000000000000000000000001100000000000
000000000000110000000000000010000000000000000000000000000000000000000000000000000000000000000000000000000000000000000000000000000000000000000000000000
000000000000110000000100010010001000000000000000000000000000000000000000000000000000000000000000000000000000000000000000000000000000000000000110000000
000000000000110101100100000000000110000000000000000000000000000000000000000000000000000000000000000000000000000000000000000000000000000000000110000000
000000000000010110011110001010000000000000000000000000000000000000000000000000000000000000000000000000000000000000000000000000000000000000000000000000
000000000000001100000011001011000000000000000000000000000000000000000000000000000000000000000000000000000000000000000000000000000000000000000000000000
000000000000000000110011011011000000000000000000000000000000000000000000000000000000000000000000000000000000000000000000000000000000000000000000000000
000000000000000000111001001001000000000000000000000000000000000000000000000000000000000000000000000000000000000000000000000000000000000000000000000000
000000000000000001011011100111100000000001100000000000000000000000000000000000000000000000000000000000000000000000000000000000000000000000000000000000
000000000000000001110100100010010000000110110000000000000001110000000000000000000000000000000000000000000000000000000000000000000000000111000000000000
000000000000000110010001000001010000000110100000000000000000000000000000000000000000000000000000000000000000000000000000000000000000000000000000011000
000000000000000001100001000000100000001100001000000000000000000000000000000000001110000000000000000000000000011000000000000000000000000000000000100100
000000000000000000100010000000000001101011000000000000000000000000000000000000000000000000000000000000000000011000000000000000000000000000000000100100
000000000000000000110000000000100001011000000100000000000000000000000000000000000000000000000000000000000000000000000000000000000000000000000000011000
000000000000000000000000000000100001011000001000000110000000000000000000000000000000000000000000000000000000000000000000000000000000000000000000000000
000000000000000000000000000001010000110000000000000000011100000000000000000000000000000000000000000000000000000000000000000000000011000100000000000000
000000000000000000000000000001100000100000000000001011000000000010000000000000000000000000000000110000000000000000000000000000000010001010000000000000
000000000000000000000000000010001000000000000000000101000010001100000000000000000000000000000000110000000000000000000000000000111100001010000010000000
000000000000000000000100001100000110000000000000000000010110001100000000000000000000000000000000000000000000000000000000000000111000000100001101100000
000000000000000000001000000000010000000000000000000000000100101100000000000000000000000000000110000000000000000000000000000000010000000000001000100000
000000000000000000001010001000010000000000000000001111000100000000000000000000000000000000001001000000000000000000000000000000000000000000001101100000
000000000000000000000010000100100010000000000000001111000100010000000000000000000000010000000101000000000000000000000000000000000000011100000010000000
000000000000000000000011000000101100000000000000000010110110100000000000000000110000010000000010000000000000000000000000000000000000000000000000000000
010000000000000000000001000001100000000000000000000001010000000000000000000000110000010000000000000000000000000000000000000000000001000000000000000000
101000000000000000000000000000000000000000000000000010010000000000000000000000000010000000000000000000000000000000000000000000000001000000000000000000
011000000000000000000000000000000000000000000000000001100000000000000000000000000010000000000000000000000000000000000000000000000001000000100000000110
000000000000000000000000000000000000000000000000000000000000000000000000000110000010000000000000000000000000000000000000000000000000000001010000000011
000000000000000000000000000000000000000000000000000000000000000000000001000110000000000000000000000000000000000000000000000000000000011100110000010100
000000000000000000000000000000000000000000000000000000000000000000000010100000000000000000000000000000000000000000000000000000000000000000010000010000
000000000000000000001100000000000000000000000000100000000000000000000001000000000000000000000000000000000000000000000000000000000000000000000000000000
111111110000000000010010000000000000000000000001010000000000000000000000000000000000000000000000000000000000000000000000000000000000000000000110000000
000001001000000000001010000000000000000000000001010000000000000000000000000000000000000000000000000000000000000000000000000000000000000000001001000000
000001000000000000000001000000000110000000000000100000000000000000000000000000000000000000000000000000000000000000000000000000000000000000000110000001
