000000000000000000000000010000000000000000000000000000000000000000000000000000000000000000000000000000000000000000000000000000000000001000010000000000
000000000000000000000000000000000000000000000110000000000000000000000000000000000000000000000000001000000000000000000000000000000000001000000000000000
000000000000000000000000000000000000000000000110000000000000000000000000000000000000000000000000001000000000000000000000000000000000001000000000000000
000000000000000000000000000000000000000000000000000000000000000000000000000000000000000000000000001000000000000000000011000000010000000000000000000000
000000000000000000000000000000000000000000000000000000000000000000000000000000000000000000000000000000000000000000000100100000010000000000000000000000
000000000000000000000000000000000000000000000000000000000000000000000000000000000000000000000000000000000000000000000010100000010000000000000000000000
000000000110000000000000000000000000000000000000000000000000000001100000000000000000000000000000000000000000000000000001000000000000000000000000000000
000000001001000000000000000000110000000000000000000000000000000001100000000000000000000000000000000000000000000000000000000000000000000000000000000000
000000001001000000000000000000110000000000000000000000000000000000000000000000000000000000000000000000000000000000000000000000000000000000000000000000
000000000110000000000000000000000000110000000000000000000000000000000000000000000000000000000000000000000000000000000000000000000000000000000000000000
000000000000000000000000000000000000110000000000011000000000000000000000000000000000000000000000000000000000000000000000000000000000000000000000000000
000000000000000000000000000000000000000000000000011000000000000000000000000000000000000000000000000000000000000000000000000000100000000000000000000000
000000000000000000000000000000000000000000000000000000000000000000000000000000000000000000000000000000000000000000000000000000100000000000000000000000
000000000000000000000000000000000000000000000000000000000000000000000000000000000000000000000001000000000000000000000000000000100000000000000000000000
000000000000000000000000000000000000000100000000000000000000000000000000000000000000000000000010100000000000000001100000000000000000000000000000000000
000000000000000000000000000000000000001010000000000000000000000000000000000000000000000000000010100000000000000001100000000000000000000000000000000000
000000000000000000000000000000000000001010000000000000000000000000000000000000000000000000000001000000000000000000000000000000000000000000000000000000
000000000000000000000000000000000000000100000000000000000000000000000000000000000000000000000000000000000000000000000000000000000000000000000000000000
000000000000000000000000000000000000000000000000000000000000000000000000000000000000000000110000000000000000000000000000000000000000000000000000000000
000000000000000000000000000000000011000000011000000000000000000000001000000000000000000001001000000000000000000000000000000000001000000000000000000000
000000000000000000000000000000000100100000100100000000000000000000010100000000000000000000110000000000000000000110000000000000011110000000000000000000
000000000000000011000000000000000011000000011000000000000000000000001000000000000000000000000000000000000000000110000000001000100011000000000000000000
000000000000000011000000000000000000000000000000000000000000000000000000000000000000000000000001000000000000000000000000001101101110100000000000000000
000000000000000000000000000000000000000100000000000000000000000000000000000001000000000000000010100000000000000000000000001101000010100000000000000000
000000000000000000000000000000000000001010000000000000000000000000000000000010100000000000000010100000000000000000000000000000100011000000000000000000
000000000000000000000000000000000000001010000000000000000000000000000000000010010000000000000001000000000000000011100000000010100000000001000000000000
000000000000000000000000000000000000000100000000000000000000000000000000000001100000000000000000000000000000000000000010000000100000000001000000000000
000000000000000000000000000000000000000000000000000000000000000000000000000000000000000000000000000000000000000000000101000001000000000001000000000000
000000000000000000000000000000000000000000000000000000000000000011000000000000000000000000000000000000000000000000000101000111000000000000000000000000
000000000000000000000000000000000000000000000000000000000000000011000000000000000000000000000000000000000000000000000011000100000000011100011100000000
000000000000000000000000000000000000000000000000000000000000000000000000000000000000000000000000000000000000000000000000000000000000000000000000000000
000000110000000000000000000000000000000000000000000100000000000000000000000000000000000000000000000000000000000000000000000000000000000001000000000000
000000110000000000000000000000000111000000000000000100000000000000000000000000000000000000000000000000000000000100100000000000000000000001000000000000
000000000000000000000000000000000000000000000000000100000000000000000000000000000000000011000000000000000011111100111000100000000000000001000000000000
000000000000000011000000000000000000000000000000000000011000000000000000000000000000000011000000000000000000000100100000100000000000000000000000000000
000000000000000100100000000000000000000000000000000000100100000000000000000000000000000000000000000000000000000000000000100000000000000000000000000000
000000000000000101000000010000000000011000000000000000011000000000000000000000000000000000000000000000000000000000000000000000000000000000000000000100
000000000000000010000011001100000000011000000000000000000000000000000000000000000000000000000000000000000000000000000000000000000000000000000000001110
001000000000000000000000000010000000000000000000000000000000000000000000000000001000000000000000000000000000000000000001100000000000000000000000010000
110100000000000000110101100110000000000000000000000000000000000000000000000000010010000000000000000000000000000000001100000000000000000000000000110000
101000000000000010110110000000000000000000000000000000000000000000000000000000010010000000000000000000000000000000010001000000000000000000000000001100
110000000000000111001000000000000000000000000000000000000000000000000000000000000100000000000000000000000000000000001010001000000000000000000000000111
000000000011101011000000000000000000000000000000000110000000000000000000000000000000000000000000000000000000000000001010000000000000000000000000011000
000000000000100100000000110000000000000000000000001001000000000000000000000000000000000010000000000000000000000000001000000000000000000000000000011000
000000000100000000000001001000000000000000000000001010000000000000000000000000000000000101000000000000000000000001110000011000000000000000000000000000
000000000010100000000000110000000000000000000000000100000000000000000000000000000000000011000000000000111000000011000000011000000000000000000000000000
000000000000100000000000000000000000000000000000000000000000000000000000000000000000000000000000000000111000000100000000000100000000000000000000000000
000000000000000000000000000000000000000001100000000000000000000000000000000001000000000000000110000000011000000011111111111000001100000000000000000000
000000000000000000000000000000000100000001100000000000000000000000000000000001000000000000000110000000011000000000000000000000001100000000000000000010
000000000000000000000000000000001110000000000000000000000000000000000000000001000000000000000000000000011000000000000100000000000000000000000000000101
000000000000000000000000000000011011000000000000000000000000000000000000000000000000000000000000000000100100111000001010000000000000000000000000000010
000000000000000000000000000000001110000000000000000000000000000000000000000000000000000000000000110000011110000000001010000000000000000000000000000000
000000000000000000000010000001000100000000000000000000000000000001100000000000000000000000000001001000111110000000000100000000000000000000000000000000
000000000000000100000010000010100000000000000000000000000000000001100110000000000000000000000000110000000110000000000000000000000000000000000000000000
000000000000001010001011101100100000000000000000000000000000011000000110000000000000000000000000000000101100000000000000000000000000000000000000000000
000000000000010001010111110000000000000000000000000000000000011000000000000000000000000000000000000000001000000000000000000000000000000000000000000000
000000000000010000001111000110000000000000000000000000000000000000000000000000000000000000000000000000011000000000000000000000000000000000000000000000
000000000000010000000111111011000000000000000000000000000000000000000000000001100000000000000000001110000000000000000011000000000000000000000000000000
000000000000010010000000000001100000000000000000000000000000000000000000000010010000000000000000000000000000000000000100100000000000000000000000000000
000000000000000010000000000001100000000000000000000000000000000000000000000001010000000000000000000000110000000000000011000000000000000000000000000000
000000000000010010001100000000000000000000000000000000000000000000000000000000100000000000000000000000110000000000000000000000000000000000000000000000
000000000001101100001100000000000000000000000000000000000000000000000000000000000000000000110000000000110000000011100000000000000000000000000000000000
000000000001000000000000000000000000000000000000000000000000000000000000000000000000000001001000000000000000001011100000000000000000000000000000010000
000000000001010000000000000000000000000000000000000000000000000000000000000000000000000001110000000000000000010001010000000000000000000000000000101000
000000000000111000110000000000000000000000000000000000000000000000000000000000000000000010010000000000001100111000111111000000000000000000000000010000
000000000000000001101000000000000000000000000000000000000000000000000000000000000000000000000000000000001100011001100000100000000000000000000000000000
000000000000000111101000000000000000000000000000000000110000000000000000110000000000000010100000000000000000000000100001100000000100000000000000000000
000000000000000011111000000000000000000000000000000000110000000000000000110000000010000001000000000000000000000011100010000000000100000000000000000010
100000000000000011011000000000000000000000000000000000000000000000000000000000000101000000000000000000000000000000011000000000000100000000000000000100
100000000000000001011000000000000000000000000000000000000000110000000000000000000011000000000000000000000000000011100100000000000000000000000000000100
000000000000000001011000000000000000000000000000000000000000100100000000000000000000000010000000000001110000000011000000000000000001000000000000000001
000000000000000001001100000000000000000000000000000000000000100010000000000000000000001101100000000100001000000000101100000000000110110000000000000000
000000000000000000000000000000000000000000100000000000000000011100011000000000000000001100100000001000001000000000011100000000000110000000000000000000
000000000000000000000110000000000000000000100000000000000000100100011000000000000000000100100000011000110000000000011100000000000111101000000000000000
000000000000000000010110000000000000000000000000000000000001001000000000000000000000000101000000011101100000000000000000000000000100001000000000000001
100000000000000000011011100000000000001100000011000000000000001000000000000000000000000000000000000000000000000000000000000000000001111000010000000010
100000000000000000001001000000000000001011000000000000000001110000000000000000000000000000001110000000000000000000000000000000001000001000101000000100
000000000000000000000110000000000000000111000000000000000000000000000000000000000000000000000000011000000000000111000000000000000101001001100000000011
000000000000000000000000000000000000000010000000000000000000000000000000000000000000000000000110100001000000000000000000000000000001110001100000000000
000000000000000000000000000000000000000000000000000000000000000000000000000000000000000000000000100011000000000000000000000000000000000000101000000000
000000000000000000000000000000000000000000000000000000000000000000000000000000000000000000001000010011100000000000000000000000000000000000011000000000
000000000000000000000000000000000000111000000000000000000000000000000000000000000100000000001001010100000000000000000000000000000000000000000000000000
000000000000000000000000000000000000101000000010000000000000000000000000000000000100000000000110001110100000000000000000000000000000000000000000000000
000000000000001000000000000000000001000000000010000000000000001100000000000000000100000000000010010001000000000000000000000000000000000001100000000000
000000000000010100000000000000000000001000000010000000011000000110000001100000000000000000001000100111000000000000000000000110000000000010010000000000
000000000000100100000000000001000010001000000000010000011000001000000010010000000000000000110101011100001100000000000000000101000000000001010000000000
000000000000011000000000000010100010011000000000101000011000000000000001100001010000000000100000110000010100000000000000000010000000000000100000000000
000000000000000000000000000001000000110100000001100100100000000000000000000000010000000000010000100000010000000000010000000000000000000000000000000000
000000000000000000000000000000000000010010000111001100100000000000000000001101011000000000001000010000011100000000101000000000000000000000000000000000
000000000000000011000000000000000000001100000000000110100000000000000000001001011000000000000011100000000000000000101000000000000000000000000000000000
000000000000000100100000000000010000000100000000000010110000000000000000000110110000000000000000000000000000000000010000000000000000000000000100000000
000000000000000011000000000000001000000011000000000000011000000000000000000111000000000000000000000000000000000100000000000000000000000000000010000000
110000000000000000000000000000001000000100111000000000011000000000000001100000000000001100000000000000000000000100000000000000000000000000001110000001
000000000010000000000010000000000000000000011000000000000000000000000001110000000000011100000000000001100000000101000000000000000000000000000000000000
000000000010000000000100010001100000000011011000011100000000000000000001000000000000010111100000000001100000000010000000000000000000000000000000000000
000000000010000000000100011001100000000000100000111010000000000000000001010000010000100111110000000000000000000010000000000000000000000000000000000000
100000000000000000000011011000000000000000000001100110000000100000000001001001101000111111111000000000000000000000000000000000000000000000000000000001
010000000000000000000000000000000000000000000000100110000001010000000000100111000100100100001100000000000000000000000000000000000000000000000000000010
100000000000000000000000000000000000000000000000011100000001010000000000001001011000010000000000000000000000000000000000000000000000000000000000000010
000000000000000000000000000000000000001100000000001000000000100000000000001010100000110000000000000000000000000000000000000000000000000000000000000001
000000000010000000000000000000000000001100000000000000000000000000000001001011000000000000000000000000000000000000000000000000000000000000000000000000
000000000101000000000000000000000000000000000000000000000000000000000001110000000000000000000000000000000000000000000000000000000000000001000000000000
000000000100100000000110000000000000000000000000000000000000000000000000100000000000000000000000000000000000000000001000000000000000000010100000000000
000000000011000000000110000110000000000000000000000000000000000000000000000001100000000000000000000000000000000000010100000000000000000001100000000000
000000000000000000000000000110000000000000000000000000000000000000000000000001000000000000000000000000000000000000100100000000000000000000000000000000
000000000000000000000000000000000000000000000000000000000000000000000000000011001000000000000000000000000000000000011000000000000000001100000000000000
000000000000000000000000000000000000000000000000000000000000000000000000000001001000000000000000000000000000000000000000000000000000010100000000000000
000000000000000000000000000000000000000000000000000000000000000000000000001110001000000000000000000000000000000000000000000000000000001000000000000000
000000000000000000000000000000000000000000000000000000000000000000000000010000010000000000000000000000000000000000000000000000000000000000000000000000
000000000100000000000000000000000000000000000000000000000000000000000000100000100000000000000000000000000000000000000000000000000000000000000000000000
000000001010000000000000000000000000000000000000000000000000000000000000001000000000000000000000000000000000000000000000000000000000000000000000000000
000000001010000000000000000000000000001100000000000000000000000000000000000000000000000000000000000000000000000000000000000000000000000000000000000000
000000000100000000000000001100000000001100000000000000000000000000000000000000000000000000000000000000000000000000000000000000000000000111000000000000
000000000000000000000000001100000000000000000000000000000000000000000000000000000000000000000000000000000000000000000000000000000000000000000000000000
000000000000000000000000000000000000000000000000000000000000000000000000000000000000000000000000000000000000000000000000000000000000000000000000000000
000000000000000000000000000000000000000000000000000000110000000000000000000000000000000000000000000000000000000000000000000000000000000000000000000000
000000000001000000000000000000000011100000000000000000110000000000000000111000000000000000000000000000000000000000000000000000000000000000000000001100
000000000001000000000000000000000000000000000000000000000000000000000001000100000000001100000000000000000000000000000000000000000000000000000000001100
000000000001000000000000000000000000001000000000000000000000000000000001000100000000001100110000000000000000000000000000000000000000000000000000000000
000000000000000000000000000000011000001000000000000000000000000000000000000010000000001101100000000000000000000000000000000000000000000000000000000000
000000000000000110000000000000011000001000000000000000000000000000000000100001001110001001101100000000000000000000000000000000000000000000000000000000
000000000000001001000000000000000000000000000000000000000000001100000000000001000010001001001100000000000000000000000000000000000000000110000000000000
000000000000000110000000000000000011100000110000000000000000001100000000010000011010011000101100000000000000000000000000000000000000000110000000000000
000000000000000000000001100110000000000000110000000000000000000000000000111010001100011010000000000000000000000000000000000000000000000000000000000000
000000000000000000000001100110011000000000000000000000000000000000000000110010000000000000110000000000000000000000000000000000000000000000000000000000
000000000011000000000000000000011000001100000000000000011100000000000000000001010000000110000000000000000000010000000000000000000000000000000000000000
000000000101000000000000000000000000010010000000000011100000000000000000000001100000000000000000000000000000101000000000000000000000000000000000000000
000110000010000000000000000000000000001100000000000000000000000000000000000000000000000000000000000000000001001000000000000000000000000000001100000000
000110000000000000000000000000000000000000000000000000000000000001000011000000000000000000000000000000000000110000000000011000000000000000010010000000
000000000000000000000000000000000000000000000000000000011100000010100011000000000000000000000000000000000000000000000000011000000000000000010100000000
000000000000000000000000000000000000000000000000000001100100000010100000000000000000000000000000000000000000000000000000000000000000000000001000000000
000000000000000000000000000000000000000000000000000000111000000001000000000000000000000000000000000000000000000000000000000000000000000000000000000000
000000000000000000000000001100000000000000000000000000010000000000000000000000000000000000000000000000000000000000000000000000000000000000000000000000
000000000000000000000000001100000000000000000000000000000001100000000000000000000000000000000000000000000000000000000000000000000000000000000000000000
000000000000000000000111000000000000000000000000000000000001100000000000000000000000000000000000000000000000000000000000000000000000000000000000000000
000000000000000000000000000000000000000000000000000000000000000000000000000000000000000000000000000000000000000000000000000000000000000000000000000000
000000000000000000010000010000000000000000000000000000000000000000000000000000000000000000000000000000000000000000000000000000011000000011000000000000
000000000000000000010000010000000000000000000000000000000000000000000000000000000000000000000000000000000000000000000000000000100100000100100000000000
000000000000000000010000010000000000000000000000000000000000000000000000000000000000000000000000000000000000000000000000000000011000000011000000000000
000000000000000000000000000000000000000000000000000000000000000000000000000000000000000000000000000000000000000000000000000000000000000000000000000000
000000000000000000000000000000000000000000000000000000000000000000000000000000000000000000000000000000000000000000000000000000000000100000000000000000
000000000000000000000000000000000000000000000000000000000000000000000000000000000000000000000000110000000000000000000000000000000001010000000000000000
000000000000011100000000000000000000000000000000000000000000000000000000000000000000000000000000110000000000000000000000000000000001010000000000000000
000000000000000000000000000000000000000000000000000000000000000000000000000000000000000000000000000000000000000000000000000000000000100000000000000000
000000000001000001000000000000000000000001000000000000000000000000000000000000000000000000000000000000000000000000000000000000000000000000000000000000
000000000010100010100000000000000000000010100000000000000000000000000000000000000000000000000000000000000000000000000000000000000000000000000000000000
000000000010100010100000000000000000000010100000000000000000000000000000000000001100000000000000000000000000000000000000000000000000000000000000000000
000000000001000001000000000000000000000001000000000000000000000000000000000000001100000000000000000000000000000000000000000000000000000000010000000000
000000000000000000000000010000000000000000000000000000000000000000000000000000000000000000000000000000000000000000000000000000000000000000101000000000
000000000000000000000000010000000000000000000000000000000000000000000000000000000000000000000000000000000000000000000000000000000000000000101000000000
