000000000000000000000000001000001000000000000011100000000000000000000000000000000000000000000000000000000000000000000000000000000000001000010000000000
000000000000000000000010000101001100000000000100010000000000000000000000000000000000000000000000001000000000000000000000000000000000001000000000000000
000000000000000000000010000100011000000000000100000000000000000000000000000000000000000000000000001000000000000000000000000000000000001000000000000000
000000000000000001000010000001110000000000001000001000000000000000000000000000000000000000000000001000000000000000000011000000010000000000000000000000
000000000000000000100000000000000000000000000100001000000000000000000000000000000000000000000000000000000000000000000100100000010000000000000000000000
000000000000000001000000000000000000000000001011011000000000000000000000000000000000000000000000000000000000000000000010100000010000000000000000000000
000000000110000000000000000000000000000000000010111000000000000001100000000000000000000000000000000000000000000000000001000000000000000000000000000000
000000001001000000000000000000000000000000000000100000000000000001100000000000000000000000000000000000000000000000000000000000000000000000000000000000
000000001001000000000000000000000000000000000001100010000000000000000000000000000000000000000000000000000000000000000000000000000000000000000000000000
000000000110000000000000000000000000000000000000000001000000000000000000000000000000000000000000000000000000000000000000000000000000000000000000000000
000000000000000000000000000000000000000000000010101110000000000000000000000000000000000000000000000000000000000000000000000000000000000000000000000000
000000000000000000000000000000000000000000000011011100010000000000000000000000000000000000000000000000000000000000000000000000100000000000000000000000
000000000000000000000000000000000000000000000011000000010000000000000000000000000000000000000000000000000000000000000000000000100000000000000000000000
000000000000000000000000000000000000000000000000000000010000000000000000000000000000000000000001000000000000000000000000000000100000000000000000000000
000000000000000000000000000000000000000000000000000000000000000000000000000000000000000000000010100000000000000000000000000000000000000000000000000000
000000000110000000000000000000000001100000000000000000000000000000000000000000000000000000000010100000000000000000100000000000000000000000000000000000
000000000110000000000000000000000001100000000000000000000000000000000000000000000000000000000001000000000000000001010000000000000000000000000000000000
000000000000000000000000000000000000000000000000000000000000000000000000000000000000000000000000000000000000000000100000000000000000000000000000000000
000000000000000000000000000000000000000000000000000000000000000000000000000000000000000000110000000000000000000000000000000000000000000000000000000000
000000000000000000000000000000000000000000000000000000000000000000001000000000000000000001001000000000000000000100000000000111000000000000000000000000
000000000010000000000000000000000000000000000000000000000000000000010100000000000000000000110000000000000000000100000000000000000000000000000000000000
000000000101000011000000000000000000000000000000000000000000000000001000000000000000000000000000000000000000000100010000000000000000000000000000000000
000000000101000011000000000000001000000000000000000000000000000000000000000000000000000000000001000000000000000001101100000000000000000000000000000000
000000000010000000000000000000001000000000000000000000000000000000000000000001000000000000000010100000000000000010000100000000000001100000000000000000
000000000000000000000000000000001000000000000000000000000000000000000000000010100000000000000010100000000000000000000000000000000001100000000000000000
000000000000000000000000000000000000000000000000000000000000000000000000000010010000000000000001000000000000000100000100000000000000000100000000000000
000000000000000000000000000000000000000000000000000000000000000000000000000001100000000000000000000000000000000110010110000000000000000100000000000000
000000000000000000000000000000000000000000000000000000000000000000000000000000000000000000000000000000000000000101110100010000000000000100000000000000
000000000000000000000000000000000000000000000000000000000000000011000000000000000000000000000000000000000000001100000000101000000001100000000000000000
000000000000000000000000000000000000000000000000000000000000000011000000000000000000000000000000000000000000011000000000001100000010010000000000000000
000000000000000000000000000000000000000000000000000000000000000000000000000000000000000000000000000000000000000000000000010000000001010000000000000000
000000110000000000000000000000000000000000000000000100000000000000000000000000000000000000000000000000000000000000000000000000000000100000000000000000
000000110000000000000000000000000111000000000000000100000000000000000000000000000000000000000000000000000000011000000000000010000000000000000000000000
000000000000000000000000000000000000000000000000000100010000000000000000000000000000000011000000000000000000001100000001110101000000000000000000000000
000000000000000000000000000000000000000000000000000000001100000000000000000000000000000011000000000000000000000000000001010010000001100000000000000011
000000000000000000000000000000000000000000000001100000000000000000000000000000000000000000000000000000000000000000000001100000000000100000000000000011
000000000000000000000000000000000000011000000000010000011100000000000000000000000000000000000000000000000000000001100000000000000100000000000000000000
000000000000000000000000000000000000011000000000000000000000000000000000000000000000000000000000000000000000000001100000000000000110000000000000000000
000000000000000000000000000000000000000000000000000000000000000000000000000000001000000000000000000000000000000000000000000000000000000000000000000000
000000000000000000000000000000000000000000000000000000000000000000000000000000010010000000000000000000000000000000000001000000000000000000000000000000
000000000000000000000000000000000000000000000000000000000000000000000000000000010010000000000000000000000000000110000000000000000000000000000000000000
000000000000000000000000000000000000000000000000000000000000000000000000000000000100000000000000000000000000001001000000001100000000000000000000000000
000000000000000000000000000000000000000000000000000110000000000000000000000000000000000000000000000000000000000100100000000000000000000000000000000000
000000000000000000000000000000000000000000000000001001000000000000000000000000000000000010000000000000000000000100100000010000000000000000000000000000
000000000001000000000000000000000000000000000000001010000000000000000000000000000000000101000000000000000000000001000001100000000000000000000000000000
011000000010100000000001100000000000000000000000000100000000000000000000000000000000000011000000000000000000000000000000101000000000000000000000000000
011000000010010000000010010000000000000000000000000000000000000000000000000000000000000000000000000001000000000000000000010000000000000000000000000000
000000110001100000000001100000000000000001100000000000000000000000000000000001000000000000000110000010100000000000000010000000000000000000000000000000
000001011000000000000000000000000000000001100000000000000000000000000000000001000000000000000110000010100000000000000010000000000000000000000001000000
000010001000001100000000000000000000000000000000000000000000000000000000000001000000000000000000000001000000000000000000000000000000000000000010100000
000010100000001100000000000000000000000000000000000000000000000000000000000000000000000000000000000000000000000000000000000000000000000000000001100000
000100101000000000000000000000000000000000000000000000000000000000000000000000000000000000000000110000000000000000000000000100000000000000000000000000
000100001000000000000000000000000000000000000000000000000000000000000000000000000000000000000001001000000000000000000000001110000000000000000000000000
000000000000000000000000000000000000000000000000000000000000000111100000000000000000000000000000110000000000000000000000011110000000000000000001100000
011101000000000000000000110000000000000000000000000000000000001101010000000000000000000000000000000000000000000000000000000011000000000000000011010000
101100000000000000011000110000000000000000000000000000000000001100011000000000000000000000000000000001000000000000000001000010000000000000000111100001
000000000000000111100000000000000000000000000000000000000000000011001000000000000000000000000000000010100000000000000000000010000000000000001111100010
010100111001000011000100000000000000000000000000000000000000000000110000000001100000000000000000000010100000000010000000011000000000000000000011100011
000100111110111100001100110001110000000000000000000000000000000000000000000010010000000000000000000001000000000100000111110000000000000000000001100011
000000000100010100000000110001000000011100000000000000000000011100010000000001010000000000000000000000000000001100000100110000000000000000000010100011
000000000100000001000000000001001000110110000000000000000000101000101000000000100000000000000000000000000000000101001100000000000000000000000001000000
100000000100101100000000000000100100000010000000000010000000100000000100000000000000000000000000000000000110000101001100001010000000000000000000000000
100000000010100000000000000000000010100010000000000010000000000001000100000000000000000000000000000000000110000100001110011010000000000000000000000011
111000110000000000000000000000001000000000000000000101000000000010001000000000000000000000000000000000000000000010000101100000000000000000000000000001
101000101100000000000000000000000000000000001100000000000000000010001000000000000000000000000000000000000000000001010100100000000000000000000000000001
000000000100000000000000000000000010000100001101100001010000000010010000000000000000000000000000000000000000000000110110101100000000000000000000000001
010000010100000000000000000000000001010110111001100001010000000000000000000000000000000100000000000000000000000001111000011100000000000000000000000001
110111011000000000000000000000000000110100000011000001001000000000000000000000000000001010000000001000000000000111000001101000000000000000000000000000
001000100010000000000000000000000000110010100111000000010000000000000000000000000000000100000000010100000000000000011000111000000000000000000000000000
001000100101000000000000000000000000011000000110000000000011000000000000000000000000000000000000010010000000000110111011110000000100000000000000000000
000111000101000000000000000000000000001010000000000000001001000000000000000000000000000000000000001100000000000001100001000000000100000000000000000000
000000000010000000000000000000000000000100000000000000001000000000000000001100000000000000000000000000000010000000001110000000000100000000000000000000
000000000000000000000000000000000000000000000000000000001010000000000000001010000000000000000000000000000010000000000101000000000000000000000000000000
000000000000000000000000000000000000000000010000000000000010000000000000000110000000000000000000000000000010000000000101000000000000000000000000000000
000000000000000000000000000000000000000000110000011000000000000000000000000000000000000000000000000000000000000000000110000000000000000000000000000000
000000000000000000000000000000000000000001101000010011000000000000000000000000000000000000000000000000000000000000000000000000000000000000000000000000
000000000000000000000000000010000000000000101000011011100000000000000000000000000000000000000000000000000000000000000000000000000000000000000000000000
000000000000000000000000000101000011000011001000000001010000000000000000000000000000000000000000000000000000000000011100000000000000000000000000011000
000000000000000000000000001000100011000110000000000001010000000000000000000000000000000000000000000000000110000001000010000001000000000000000000011000
000000000000000000000000001000100000001100110100000001100000000000000000000000000000000000000000000000000110000100000010000011100000000000000000000000
000000000000000000000000000101000000001010000000000000000000000000000000000000000000000000000000000000000000001000000010000110000000000000000000000111
100000000000000000000000000000000000000110010010000000111000000000000110000000000000000000000000000000000000001000001100001101110000000000000000001000
100000000000000000000000000000000000000000010100000001111001110000000010100000000000000000000000000000000000001100000000000110000000000000000000001000
011000000000000000000000000000000000000000101100110001000000010000000000001000000000000000000000000000000000000011000000000011100000000000000000110000
100100001100000000000000000000000000000001101100110000000001110000000000000000000000000000000000000000000000000000000000000001000000000000000001011110
100100010100000000000000000000000000000001001100000000000011100001110001001000000000000000000000000000000000000000000000000000000000000000000001000110
000100001000000000000000000000100001010011011000000000000011000001100101010000010000000000000000000000000000000000000000000000000000000000000001101011
001000000000000000000000001101100001001001011000000000000000000000110000000000111000000000000000000000000000000000000000000000000001000000000000010110
010000000000000000000000000000000001001000100000000000000000000000001101000000000100000000000000000000000000000000000000000000000001000000000000000110
100000000000000011000000000100100000110000000000000000000000000000000010000010111100000000000000000000000000000000000000000000000001000000000000000011
000000000000000100100000000101000000000000000000000000000000110100000000000100011000000000000000000000000000000000000000000000000000000000000000000000
000000000000000011000000000000000000000000000000000000000000111000000000000100011000000000000000000000000000000000000000000000000000000000000000000000
000000010000000000000110000000000000000000000000000000000000010000000000000100011000000000000000000000000000000000000000000000000000000000000000000000
000001000010000000000110011100011100000000000000000000000000000000000000000000000110000000000000000001100000000000000000000000000000000000000000000000
000010000010000000000000000000000000000000000000000010000000000000000000000000111110000000000000000001100000000000000000000000000000110000000000000000
000001000010000000000000000001000000000000000000000101000000000000000000000001001000000000000000000000000000000000000000000000000000110000000000000000
000000010000000000000000000001000000000000000000000101000000000000000000000000110000000000000000000000000000000000000000000000000000000000000000000000
000000000000000000000000000001000000000000000000000010000000000011000001001000000000000000000000000000000000000000000000000000000000000000000001100000
000000000000000000000000000000000000000000000000000000000000000100100001001111000000000000000000000000000000000000000000000000000000000000000000000000
000000000000000000000000000000000000001100000000000000000000000100100000000011000000000000000000000000000000000000000000000000000000000000000000000000
000000000010000000000000000000000000001100000000000000000000000010110011011100000000000000000000000000000000000000000000000000000000000000000000000000
000000000101000000000000000000000000000000000000000000000000000101000101000100000000000000000000000000000000000000000000000000000000000000000000000000
000000000100100000000110000000000000000000000000000000000000110100001100111000000000000000000000000000000000000000001000000000000000000000000000000000
000000000011000000000110000110000000000000000000000000000000100000011100000000000000000000000000000000000000000000010100000000000000000000000000000000
000000000000000000000000000110000000000000000000000000000000000011100100000000100000000000000000000000000000000000100100000000000000000000000000000000
000000000000000000000000000000000000000000000000000000000000000011000000000001011000000000000000000000000000000000011000000000000000001100000000000000
000000000000000000000000000000000000000000000000000000000000000000000000001011001000000000000000000000000000000000000000000000000000010100000000000000
000000000000000000000000000000000000000000000000000000000000000001010000010101001000000000000000000000000000000000000000000000000000001000000000000000
000000000000000000000000000000000000000000000000000000000000000000100000010001111000000000000000000000000000000000000000000000000000000000000000000000
000000000100000000000000000000000000000000000000000000000000000000000000011000011010100000000000000000000000000000000000000000000000000000000000000000
000000001010000000000000000000000000000000000000000000000000000000000000000000000110100000000000000000000000000000000000000000000000000000000000000000
000000001010000000000000000000000000001100000000000000000000000000000000000011100100100000011000000000000000000000000000000000000000000000000000000000
000000000100000000000000001100000000001100000000000000000000000000000000000000000011000000100100000000000000000000000000000000000000000111000000000000
000000000000000000000000001100000000000000000000000000000000000000000000000000000000000000011000000000000000000000000000000000000000000000000000000000
000000000000000000000000000000000000000000000000000000000000000000000000000000000000000000000000000000000000000000000000000000000000000000000000000000
000000000000000000000000000000000000000000000000000000000000010000000000000000000000000000000000000000000000000000000000000000000000000000000000000000
000000000001000000000000000000000011100000000000000000000000101000100000000110000000000000000000000000000000000000000000000000000000000000000000001100
000000000001000000000000000000000000000000000000000000000011000101100000000110000000000000000000000000000000000000000000000000000000000000000000001100
000000000001000000000000000000000000001000000000000000000000011100000000000000000000000000000000000000000000000000000000000000000000000000000000000000
000000000000000000000000000000011000001000000000000000000100100111000000000000000000000000000000000000000000000000000000000000000000000000000000000000
000000000000000110000000000000011000001000000000000000000100110000000000000000000000000000000000000000000000000000000000000000000000000000000000000000
000000000000001001000000000000000000000000000000000000000010001001110000000000000000000000000000000000000000000000000000000000000000000110000000000000
000000000000000110000000000000000011100000110000000000010010101011110000000000000000000000000000000000000000000000000000000000000000000110000000000000
000000000000000000000001100110000000000000110000000000101000000100010000000000000000000000000000000000000000000000000000000000000000000000000000000000
000000000000000000000001100110011000000000000000000000010100000000000000000000000000000000000000000000000000000000000000000000000000000000000000000000
000000000011000000000000000000011000001100000000000000001100000000000000000000000000000000000000000000000000010000000000000000000000000000000000000000
000000000101000000000000000000000000010010000000000000000000000000000000000000000000000000000000000000000000101000000000000000000000000000000000000000
000110000010000000000000000000000000001100000000000000000000000000000011000000000000000000000000000000000001001000000000000000000000000000001100000000
000110000000000000000000000000000000000000000000000000000000000000000100100000000000000000000000000000000000110000000000011000000000000000010010000000
000000000000000000000000000000000000000000000000000000000000000000000011000000000000000000000000000000000000000000000000011000000000000000010100000000
000000000000000000000000000000000000000000000000000000000000000000000000000000000000000000000000000000000000000000000000000000000000000000001000000000
000000000000000000000000000000000000000000000000000000000000000000000000000000000000000000000000000000000000000000000000000000000000000000000000000000
000000000000000000000000001100000000000000000000000000000000000000000000000000000000000000000000000000000000000000000000000000000000000000000000000000
000000000000000000000000001100000000000000000000000000000000001000000000000000000000000000000000000000000000000000000000000000000000000000000000000000
000000000000000000000111000000000000000000000000000000000000010100000000000000000000000000000000000000000000000000000000000000000000000000000000000000
000000000000000000000000000000000000000000000000000000000000010100000000000000000000000000000000000000000000000000000000000000000000000000000000000000
000000000000000000010000010000000000000000000000000000000000001000000000000000000000000000000000000000000000000000000000000000011000000011000000000000
000000000000000000010000010000000000000000000000000000000000000000000000000000000000000000000000000000000000000000000000000000100100000100100000000000
000000000000000000010000010000000000000000000000000000000000000000000000000000000000000000000000000000000000000000000000000000011000000011000000000000
000000000000000000000000000000000000000000000000000000000000000000000000000000000000000000000000000000000000000000000000000000000000000000000000000000
000000000000000000000000000000000000000000000000000000000000000000000000000000000000000000000000000000000000000000000000000000000000100000000000000000
000000000000000000000000000000000000000000000000000000000000000000000000000000000000000000000000110000000000000000000000000000000001010000000000000000
000000000000011100000000000000000000000000011000000000000000000000000000000000000000000000000000110000000000000000000000000000000001010000000000000000
000000000000000000000000000000000000000000100100000000000000000000000000000000000000000000000000000000000000000000000000000000000000100000000000000000
000000000000000000000000000000000000000000011000000000000000000000000000000000000000000000000000000000000000000000000000000000000000000000000000000000
000000000011000001100000000000000000000000000000000000000000000000000000000000000000000000000000000000000000000000000000000000000000000000000000000000
000000000001101011000000000000000000000000000000000000000000000000000000000000001100000000000000000000000000000000000000000000000000000000000000000000
000000000000000000000000000000000000000000000000000000000000000000000000000000001100000000000000000000000000000000000000000000000000000000010000000000
000000000000000000000000000100000000000000000000000000000000000000000000000000000000000000000000000000000000000000000000000000000000000000101000000000
000000000000000000000000000100110000000000000000000000000000000000000000000000000000000000000000000000000000000000000000000000000000000000101000000000
