000000000000000100000000100100000110000000000000000000000000000000000000000000000000000000000000000000000000000000000000000000000001100000000000000000
000000000000000000000000011000000000000000000000000000000000000000000000110000000000000000000000001000000000000000000000000000000001110000000000000000
000000000000000000000000000000000000000000000000000000000000000000000000110000000100000000000000001000000000000000000000000000000011111000000000000000
100000000000000000000000000000000000000000000000000000000000000000000000000000000110000000000000001000000000000000000000000000000000001110000010000001
010000000000000000000000000000000000000000000000000000000000000000000000000000000110000000000000000000000000000000000000000000000000110001100001000010
100000000000000000000000000000000000000000000011100000000000000000000000000000000010000000000000000000000000000000000000000000000011010000010110000010
000000000000000000000000000000000000000000000000000001110000000001100000000000000000000000000000000000000001100000000000000000000011010000000010000001
000000000000000000000000000000000000110000000000000000000000000001100000110000000000000000000000000000000001100000000000000000000000000010000000000000
001000000000000000000000000000000000110000000000000000000000000000000000110000000000000000000000000000000000000000000000000000000000000001010110000000
011100000000000000000000000000000000000000000000000000000000000000000000000000000000000000000000000000000000000000000000000000000000000011000100000000
111110000000000000000000011000000000000000000000000000000000000000000000000000000000000000000000000000000000000000000000000000000000000001011000000000
000001000000000000000000010100000000000000000000000000000000000000000000000000000000000000000000000000000000000000000000000000000101000000100000000001
001001100000000000000000001000000000000000000000000000000000000000000000110000000000000000000000110000000000000000000000000000000101000000000000000011
010101110000000000000000000000000000000000000000000000000000000000000000110000000110000000000000110000000000000000000000000000000101000000000000000111
001001100000000000000000000000000000000000000000000000000000000000000000000000000000000000000000000000000000000000000000000000000010000000000000000011
000001000000000000000000000000000000000000000000000000000000000000000000000000000000000000000000000000000000000000000000000000000000000000000000000001
111110000000000000000000000000000000000000000000000000000000000000000000000000000000000000000000000000000000000000000000000000000000000000000000000000
011100000000000000000000000000000000000000000000000000000000000000000001000000001000000000000000000000000000000000000000000000000000000000000000000000
001000000000000000000000000000000000000000000000000000000011000000000010100000001000000000000000000000000000000000000000000000010000010000000000100000
000000000000000000000000000000000000000000000000000000000011000000000001000000001011100000000000000000000000000000000000000001001000100000000001010000
000000000000000000000000000000000000000000000000000000000000000000000000000000000001010000000000000000000000000000000000000001001000000000000001010000
000000000000000000000000000000000000000000000000000000000000000000000000000000001000000000001000000000000000000000000000000001010000000000000000100000
000000000000000000000000000000000000000000001100000000000000000000000000000000001101100000001100000000000000000000000000000000000000000000011000000000
000000000000000000000000000000000000000000001100000000000000000000000000000000000101000100000110000000000000000000000000000000000010111000010100000011
100000000000000000000000000000000000000000000000000000000000000000000000000000000010011000000000000000000000000000000000000000000011101100000110000100
000000000000000000000000000000000000000000000000000000000000000000000000000000000000011100000000000000000000000000000000000111000001001100010100000011
000000000000000000000000000000000000000000000000000000000000000000000000000000000000001100000000000001100000000000000000001101000000011000011000000000
000000000000000000000000000000000000000000000000000000000000000000000000000000000000000000000000000010010000000000110000010001100000000000000000100000
000000000000000000000000000000000000000000000000000000000000000000000000000000000000000000000000000001100000000000110000010111100000000000000001010000
000000000000000000000000000000000000000000011000000000000000000000000000000000000000000000000000000000000000000000000000001111100000000000000001010000
000000000000000000000000000000011000000000011000000000000000000000000000000000000000000000000000000000000000000000000000000000110000000000000000100000
000000000000000000000000000000011000000000000000000000000000000000000000000000000000000000000000000000000000000000000000000000011000000000000000000000
000000000000000000000000000000000000000000000000000000000000000000000000000000000000000000000000000000000000000000000000000100001100000000000000000000
000000000000000000000000000000000000000000000000000000000000000000000000010000000000000000000000000000000000000000000000001110011000000000000000000000
000000000000000000000000000000000000000000000000000000000000000000000000101000000000000000000000000000000000000000000000000101110000000000000000000000
000000000000000000000000000000000000000000000000000000000000000000000000100100000000000000000000000000000000000000000000000011100000000000000000000000
000000000000000000000000000000000000000000000011000000000000000000000000011000000000000010000000000010000000010000000000000001000000000000000000000110
000000000000000000000000000000000000000000000100100000000000000000000000000000000000000101000000000010000000101000011000000000000000000100000000001001
000000000000000000000000000000000000000000000011000000000000000111000000000000000000000101000000000010000000011000011000000000000000001010000000000110
000000001100000000000000000000000000000000000000000000000000000000000000000000000000000010000000000000000000000000000000000000000000001010000000000000
000000001100000000000000000000000000000000000000001100000000010000010000000000000110000000000000000000100000000000000000000000000000000100000000000000
000011100000000000000000000000000000000000000000010010000000010000010000000000000110000000000000000001010000000000000000000000000000000000000000000000
000010010000000000000000000000000000000000000000001100000000010000010000000000000000000000000000000001001000110000000000000000000011000000011000000000
001100010000000000000000000000000000000000000000000000000000000000000000000000000000000000000011100000110001001000000000000000000100100000100100000000
001000110000000000000000000000000000000000000000000000000000000111000000000000000000000000011010100000000000110110000000000000000011000000011000000000
001001000000000000000000000000000000000000000000000000000000000000000000000000000000000000000000100000000000110110000000000000000000000000000000000000
000111000000000000110000000000000000000110000000000000000000000000000000000000000000000001010000011000000000001000000000000000000000000100000000000000
000000000000000001000000010000000000000110000000000000000000000000000000000000000000000001110000111100000000000000000000000000000000001010000000000000
000000000000000001110101101000000000000000000000000000000000000000000010000000000000000110100000101110000000000000000000000000000000001010000000000000
000000000011100000010110101100000000110000000000000000000000000000000101000000000000000111100011000011000000000000000000000000000000000100000000000000
000001100011100001100010101000000001001000000000000000000000000000000110000000011100000010000100011110000000010000000000000000000000000000000000000000
000000111101000001000011110000000000110000000000000000000000000000000000000000000000000001110000011100000000010000000000000000000000000000000000000000
000000100110000000100010110000000000000000000000000000000000000000000000000001000001000000000000001000000000010000000000000011100000000000000000000000
000000010000000000000000000000000000000111000000001100000000000000000000000001000011000000000000000000000000000000000000000000000000000000000000000000
000000000000000000010010001100000000000000000000001100000000000000000000000001000000000000000000000000000000000000000000000100010000000000000000000000
000000000000000000000011001100000000000000000000000000000000000000000000000000001010000000000000000000000000000000000000000101011000000000000000000000
000110000000000000001010000000000000110000000000000000000000000000000000000000001010000000000000000000000000000000000000011001011000000000000000000000
001001000000000000000001000000000000110000000000000000000000000000000000000000000000000000000000000000000000000000000000100000011000000000000000000000
000110000000000000010001000000000000000000000000000000000000000000000000000000001100000000000000000000000000000000000000101000010000000000000000000000
000000000010000000001110000000010000000000000000000000000000000000000000000000001100000000000000000000000000000110000000010100010000000001101100000000
000000000010000000000000000000101000000000000000000000000000000000000000000000010010000000000000000000000000000110000000000010000000000001101100000000
000000000010000000000000000000100100000000000000000000000000000000000000000000010000000000000000000000000000000000000000000001101100000000000000000000
000000000000000000000000110000011000000000000000000000000000000000000000000000011100000000000000000000000000000000011000000000011100000000000000000000
000000000000000000000001001000000000000000000000100000100000000000000000000000001000000000000000000000000000000000101000000000000000000000000011000000
000000000000000000000001001000000000000000000000100001100000000000000001000000000000101000000000000000000000000000001000000000000000000000000100110000
000000000000000000000000110000000000000000000000100011000100000000000010100000000000011000000000000000000000000000000000000000000000000000000110110000
001100000000000000000000000000000000000000000000000110001100000000000010100000000001011000000000000000000000000000000000000000000000000000000011100000
001010000000000000000000000000000000000000000000000011000000000000000001000000000000110000000000000000000000000000000000000000000000000000000000000000
011001000000000000000000000000000000000000000000000001100100000000000000000000000000000000000000000000000000000000000000000000000000000000000000000000
010010000000000000000000000000000000000000000000000000000100000000000000000000000000000000000000000000000000000000000000000000000000000000000000000000
011110000000000000000000000000000000000000000000000000001000000000000001100000000000000000000000000000000000000000000000000000000000000000000000000000
101000000000000000000000000000000000000000000000000000000000000000000001100000000000000000000000000000000000000000000000000000000000000000000000000110
000100000000000000000000000000000000000000000000000000000000000000000000000000000000000000000000000000000000000000000000000000000000000000000000000000
000100000000000000000000000000000000000000000000000000000000000000000000000000000000000000000000001100000000000000000000000000000000000000110000000100
000010000000000000000000000000000000110000000000000001100000000000000000000000000000000000000000001110111000000000000000000000000000000000000100000010
001100000000000000000000000000000000110000000000000001100000000000000000000000000000000000110000000101001000000000000000000000000000000000000100000000
001000000000000000000000000000000000000000000000000000000000000000000110000000000000000001110000000000011000000000000000000000000000000000011000000000
000000000000000000000000000000000000000000000000000000000000000000001110000000000000000001010001101100000000000000000000000000000000001000110100000000
000000000000000000000000000000000000000000000000000000000000000000001000000000000000011010000000110001100000000000000000000000000000001110111111011000
000000000000000000000000000000000000000000000000000000000000000000000000000000000000100010001001100000000000000000000000000000001101100101101111000000
000000000000000000000000000000000000000000000000000000000000000000000000000000000000100000001111100000000000000000000000000000110101100001000011000000
001100001110000000000000000000000000000000000000000000000000000000000000000000000000110110001111011100000000000000000000000000111100000111000100100000
001100000000000000000000000000000000000000000000000000000000000000000000000000000000001100000000000000000000000000000000000000100100011000000101000000
000000000000000000000000000000000000000000000000000000000000000000000001000000000000000000000000000000000000000000000000000000100000010000000000000100
000000000000000000000000000000000000000000000000000000000000000000000001000000000000000000000000000000000000000000000000000000100100000000000010001000
000000110000000000000000000000000000000000000000000000000000000000000001000000000000000000000000000000000000000000000110000100000000000000000000100000
000000110000000000000000000000000000000000000000000000000000000000000000000000000000000000000000000000000000000000000110001101010000000000000000000000
000000000011000000010000000000000000000000000000000000000000000111000000011100000000000000000000000000000000000000000000000100010000000000000000000000
000000000100100000010000000000000000000000000000000000000000000000000000000000000000000000000000000000000000000000000000001000000000000000000000000000
000000000010100000000000000000000000000000000000000000000000010000001110000000000000000000000000000000000000000000000000000000000000000000000010000000
000000000001000010000000000000000000000000000000000000000000010000010001000000000000000100000000000000000000000000000000000000000000000000000100010000
000000000000000100100000000000000000000011000000000000000000010000010001000000000000011011000000000000000000000000000000000000000000000000000100010000
000110000000000010100000000001100000000011000000000000000000000000001110000000000000001001000000000000000000000000000000000000000000000000000100010000
001001000000000001000000000001100000000000000000000000000000000111000000000000000000001001000000000000000000000000000000000000000000000000000010010000
000110000000000000000000000000000000000000000000000000000000000000000010001100000010000110000010000000000000000000000000000000000000000000000001110000
000000000000110000000000000000000000000000000000000000000000000000000010011110001101100000000111000000000000000000000000000000000000000000000011111000
000000111000001000000000000000000000000000000000000000000000000000000100000000000010000000001000100000000000000000000000000000000000000000000000001100
000001000100110000000000000000000000000000000000000000000000000000000011100110000000000000000001100000000000000000000000000000000000000000000000000000
000010001100000000000000000001000000000000000000000000000000000000000001110110000000000000100000000000000000000000000000000000000000000000000000000000
000001111100000000000000000001000000000000000000000000000000000000000000010100000000000000110000001110000000000000000000000000000000000000001001110000
000000000000000000000000000001000000000000000000000000000000001000000000001000000000000000011000001101100000000000000000000000000000000000000100110000
000000000000000000000000000000000000000000000011000000000000001000000000001000000000000000001000001101010000000000000000000000000000000001010100000000
001100000000000000000000000000000000000000000011000000000000001000000000001000000000000000000000000000110000000000001000000000000000000010010000000000
001100000000000000000000000000000000000000000000000000000000000000000000101100000000000000000000000000110000000000010100000000000000000110001000000000
000110000000000000000000000000000000110000000000000000000011100011100000100100000000000000000000000000000000000000100100000000000000000110110000000000
000000000000000000000000000000000000110000000000000000000000000000000010111110000000001000000000000000000000000000011000000000000000000011100000000000
000000000000000000000000000011000000000000000000000000000000001000000110111100000000001100000001101100000000000000000000000000000000000000000000000000
000000001100000000000000000100100000000000000000000000000000001000000000000000000000001000000001100000000000000000000000000000000000000000000000000000
000000001100000000000000000101000000000000000000000000000000001000000001000000000000000100001001000000000000000000000000000000000000000000000000000000
000000000100000000000000000010000000000000000000000000000000000001100000000001100000001011001011010000000000000000000000000000000000000000000000000000
000011000000000000000000000000000000000000000000000000000000000010010000011101110000000111000011011100000000000000000000000000000000000000000000000000
001001000000000000000000000000000000000000000000000000000000000001100000000001100000000010000000011100000000000000000000000000000000000000000000000000
110001100000000000000000000000000011100000000000000000000000000000000001000000000000000000000000011000000000000000000000000000000000000000000000000000
000110110000001110000000000000000011100011000000111000000000000000000000000000000000000000000110000100000000000000000000000000000000000000000000000001
000010110000001001000000000000000001000011000000000000000000000000000110111100000010000000001101000100000000000000000000000000000000000000000000000010
000110011000010001000000100000000000000000000000000000000000000000000010111110000101000000011101111000000000000000000000000000000000000000000000000001
111111111000011100100000110000000000000000000000000000000000000000000000100100000110000001100100000000000000000000000000000000000000000000000000000000
000010101000001111000000011000000000000000000000000000000000000000000000111000000000000000000101000000000000000000000000000000000000000000000000000000
000110011100000000000000001000000000100000000000000000000000000000000000010000000000000000010101000000000000000000000000000000000000000000000000000000
100100000000000000000000000000000100000000000000000000000000000000000000000000000000000000000000000000000000000000000000000000000000000000000000000011
011100000000000000000000000000000101000000000000000000000000000000000000000000011000000000000000000000000000000000000000000000000000000000000000000010
010010000000000000000000000000000101000000000000000000000000000000000000000000100100000011000000000000000000000000000000000000000000000000000000001000
110000000000000000111000000000001100000000000000000000000000000000000000000000011000000011000000000000000000000000000000000000000000000000000000000000
000000000000000000000000000000011100000000000000000000000000000000000000000000000000000000000010000000000000000000000000000000000000000000000000001000
000000000000000000000000000000001000000000000000000000000000000000000000000000000000000000000101000000000000000000000000000000000000000011000000000100
000000000000001100110001000000000000000000000000000000000000000000000000000000000000000000000101000000000000000000000000000000000000000011000000000000
000000000000011100010010100000000000000000000000000000000001110000000000000000000000000000000010000000000000000000000000000000000000000000000000000000
000000000000001000001010110000000000000000000000000000000000000000000000000000000000000000000000000000000000000000000000000000000000011000000000011000
000000000000000100101000010000000000000000000000000000000000000000000000000000001110000000000000000000000000011000000000000000000000011000000000100100
000000000000000110010001010000000000000000000000000000000000000000000000000000000000000000000000000000000000011000000000000000000000010000000000100100
000000000000000000000101100000001000000000001101100000000000000000000000000000000000000000000000000000000000000000000000000000000000010000000000011000
000000000000000000000101000000001000000100001000100000000000000000000000000000000000000000000000000000000000000000000000000000000001110000000000000000
000000000000001110110110000000001000011010001011000000001100000000000000000000000000000000000000000000000000000000000000000000000001100100000000000000
000000000000000000110110000000000110001010000000011100010010000000000000000000000000000000000000110000000000000000000000000000011001100111000000000000
000000000000000000001000001100000111111100000000000000001100000000000000000000000000000000000000110000000000000000000000000000000100110100000000000000
000010000000000000000000011010000011000000000000000000000000000000000000000000000000000000000000000000000000000000000000000000100100010000000000000000
000110000000000000000000011100000000000000000000000010000000000000000000000000000000000000000110000000000000000000000000000001001011000000000000000000
001111000000000000000000111000000000000000000000000101000000000000000000000000000000000000001001000000000000000000000000000001100010100000000110000000
010000000000000000000000010011000000000110001100000101000000000000000000000000000000010000000101000000000000000000000000000001100000100000001000000000
011000000000000000000000111000000000000110001100000010000000000000000000000000110000010000000010000000000000000000000000000000001101100000001000000000
000000001100000000000000111000010000000000000000000000000000000000000000000000110000010000000000000000000000000000000000000000010010000000011010000000
000000001100000000000001010010100000000000000000000000000000000000000000000000000010000000000000000000000000000000000000000000010010000000011100000000
000000000000000000010100110000000000000000000000001100000000000000000000000000000010000000000000000000000000000000000000000000000100000000100000000000
000000000000000000000100000000000000000000000000001100000000000000000000000110000010000000000000000000000000000000000000000000001000000000111100000000
000000000000000111110100000000000000000000000000000000000000000000000001000110000000000000000000000000000000000000000000000000000000000000001110000000
000001001110001111000000000000000000000000000000000000000000000000000010100000000000000000000000000000000000000000000000000000000000000011100000000000
001101000101111100000000010000000000000000000000100000000000000000000001000000000000000000000000000000000000000000000000000000000000000110101110111000
010000000000000000000000101000000000000000000001010000000000000000000000000000000000000000000000000000000000000000000000000000000000000110101010011000
011111101000011100000001101100000000000000000001010000000000000000000000000000000000000000000000000000000000000000000000000000000000000001111011110000
000100000100011100000000100100000110000000000000100000000000000000000000000000000000000000000000000000000000000000000000000000000000000000001111100000
