00000110000011101001010001100000000010110000000010
10000110001101011011010000000110000001001100000110
00000000000000010000100000000101100000111100000011
00000000001000010000000000000100000000001000000000
00000000000111100000000010000000010000000000000000
00011000000001000000000011000000010000000000000000
00111001000000000000000101100000010000011000000000
01001001000100000001100000010000010000111000000000
00000000111001101000011100011110100000011000000000
00101000100001000000010100011101000111101000000000
00000000100001010000110000000001111000011000000000
00101000100000100011011100000000011110111110000000
00000000011000100010100100001000001101110110000000
00111000001000000100100100001100000000010111000000
00010000000000000100100100000010001000001110100000
00000000000000000100010000000000001000000100110000
00000000000100000111000100000000000000000111010000
00000000000011101100001000001100001000001010111000
01000010000100000001000001010010011111000110010011
00010000000100100001000101001100000010100111100011
00000000001000000001100001000000000011100010000111
10001011101011000000100010000000000000000000000110
00000000011000000111100100000000000000000000010001
01010110000000000000101000000000000000000001000001
01000000000001000000100001000000000000000011000000
11100000000010011000000001000000000000001000000100
00000010100000001111000000001110100010111000111100
00110111000000001000000011001001100000000000000000
00100100000000001100000100000000110000001000000000
00000100000000001000000010111001001000001000000111
11110000001001000000000100101110000010101110001000
01000010110000110010000110000000001110010000100000
00000010000000001000001000000000011100000000000000
00000010000100000001010000000000011000000000000000
00000010000000000000000000000100000000000000000000
00000010000100000000101111000100000000000000000000
00000010000000000000011001000100000000000000000001
01000001100000000000000001000000000000000000000000
01000001110000000000000101000000000000000000000110
00000000010000000011100011100000000000000000000000
00000010010001100010000000000011000000000000011010
00001001010011000100000100100000010000000000011000
00001100100010000110001100110100001000000000000010
11000100010000000000001001100000000100000000011100
01010101100100001110000001101000000100000000001111
11011111000100001110000000111010001110000000000000
01010001110100000000000010111110001010000000000011
11000001110000000000000000000000001000000000000011
00010001110000000000000000110000001001000000000010
00010000000011100011000001100000000110000000000010
