000000000000000000000110000000000000000000000000000000000000000000000001100000000000000000000000000000000000000000000000000000000000001000010000000000
000000000000000000001001000000000000000000000000000000000000000000000010010000000000000000000000001000000000000000000000000000000000001000000000000000
000000000000000000000110000000000000000000000000000000000000000000000001100000000000000000000000001000000000000000000000000000000000001000000000000000
000000000000000000000000000000000000000000000000000000000000000000000000000000000000000000000000001000000000000000000011000000010000000000000000000000
000000000000000000000000000000000000000000000000000000000000000000000000000000000000000000000000000000000000000000000100100000010000000000000000000000
000000000000000000000000000000000000000000000000000000000000000000000000000000000000000000000000000000000000000000000010100000010000000000000000000000
000000000110000000000000000000000000000000000000000000000000000001100000000000000000000000000000000000000000000000000001000000000000000000000000000000
000000001001000000000000000000000000000000000000000000000000000001100000000000000000000000000000000000000000000000000000000000000000000000000000000000
000000001001000000000000000000000000000000000000000000000000000000000000000000000000000000000000000000000000000000000000000000000000000000000000000000
000000000110000000000000000000000000000000000000000000000000000000000000000000000000000000000000000000000000000000000000000000000000000000000000000000
000000000000000000000000000000000000000000000000000000000000000000000000000000000000000000000000000000000000000000000000000000000000000000000000000000
000000000000000000000000000000000000000000000000000000010000000000000000000000000000000000000000000000000000000000000000000000000000000000000000000000
000000000000000000000000000000000000000000000000000000010000000000000000000000000000000000000000000000000000000000000000000000000000000000000000000000
000000000000000000000000000000000000000000000000000000010000000000000000000000000000000000000001000000000000000000000000000000000000000000000000000000
000000000000000000000000000000000000000000000000000000000000000000000000000000000000000000000010100000000000000000000000000000000000000001100000000000
000000000110000000000000000000000001100000000000000000000000000000000000000000000000000000000010100000000000000000100000000000000000000010010000000000
000000000110000000000000000000000001100000000000000000000000000000000000000000000000000000000001000000000000000001010000000000000000000001100000011100
100000000000000000000000000000000000000000000000000000000000000000000000000000000000000000000000000000000000000000100000000000000000000000000100011011
100000000000000000000000000000000000000000000000000000000000000000000000000000000000000000110000000000000000000000000000000000000000000000001000010101
100000000000000000000000000000000000000000000000000000000000000000001000000000000000000001001000000000000000000000000000000000000000000000011001000100
001000000010000000000000000000000000000000000000000000000000000000010100000000000000000000110000000000000000000000000000000000000000000000001111001101
000100000101000011000000000000000000000000000000000000000000000000001000000000000000000000000000000000000000000000000000000000000000000000000010010001
001000000101000011000000000000001000000000000000000000000000000000000000000000000000000000000001000000000000000000000000000000000000000000000001000100
000000000010000000000000000000001000000000000000000000000000000000000000000001000000000000000010100000000000000000000000000101000000000000000000000000
001000000000000000000000000000001000000000000000000000000001000000000000000010100000000000000010100000000000000000000000001110000000000000000000000000
000000000000000000000000000000000000000000000000000000000000110000000000000010010000000000000001000000000000000000000000000000000000000000000000000011
111000000000000000000000000000000000000000000000000000000001000000000000000001100000000000000000000000000000000000000001101010000000000000000000000000
000000000000000000000000000000000000000000000000000000110000001000000000000000000000000000000000000000000000000000000010000100000000000000000000000000
000000000000000000000000000000000000000000000000000001110100010000000000000000000000000000000000000000000000000000000000000000000000000000000000000000
000000000000000000000000000000000000000000000000000010000011100000000000000000000000000000000000000000000000000000000100010000000000000000000000000000
000000000000000000000000000000000000000000000000000110000011000000000000000000000000000000000000000000000000000000000000110001000000000000000000000000
000000110000000000000000000000000000000000000000000000101000000000000000000000000000000000000000000000000000000000000111110011100000000000000000000000
000000110000000000000000000000000111000000000000000000010000000000000000000000000000000000000000000000000000000000000010000011000000000000000000000000
000000000000000000000000000000000000000000000000000000000000000000000000000000000000000011000000000000000000000000000000000000100000000000000000000000
000000000000000000000000000000000000000000000000000000110000000000000000000000000000000011000000000000001100000000000000000000111000000000000000000011
000000000000000000000000000000000000000000000000000001001000000000000000000000000000000000000000000000001100000000000000000000100000000000000000000011
000000000000000000000000000000000000011000000000000001001000000000000000000000000000000000000000000000000000000000001000000000000000000000000000000000
000000000000000000000000000000000000011000000000000000010000000000000000000000000000000000000000000000000000000000010100000000000000000000000000000000
000000000000000000000000000000000000000000000000000000000000000000000000000000000000000000000000000000000000000000010100000000000000000000000000000000
000000000000000000000000000000000000000000000000011100000000000000111000000000000000000000000000000000000000000000001000000000000000000000000000000000
000000000000000000000000000000000000000000000000000011000000000000000100000000000000000000000000000000000000000000000001000000000000000000000000000000
000000000000000000000000000000000000000000000000100011100000000000010100000001000000000000000000000000000000000000000001000000000000000000000000000000
000000000000000000000000000000000000000000000100101110010000000000001000000001000000000000000000000000000000000000000001000000000000000000000000000000
000000000000000000000000000000000000000000001100011000100000000100000000000001000000000010000000000000000000000000000000000000000000000000000000000000
100000000000000000000000000000000000000000001100011000000000001001000000000000000000000101000000000000000000000000000000000000000000000000000000000001
000000000000000000000001100000000000100000001010001000000000001101100000011100011100000011000000000000000000000000000000000000000000000000000000000011
100000000000000000000010010000000001111000001110000000000000000101000000000000000000000000000000000001000000000000000000000000000000000000000000000000
000000000000000000000001100000000000000100000110000000000000000010000000000001000000000000000110000010100000000000000000000001000000000000000000000000
000111000000001000000000000000000000101110000000000000000000000000000000000001000000000000000110000010100000000000000000000010100000000000000000000000
001111000000001000000000000000000000111110000000000000000000000000000000000001000000000000000000000001000000000000000000000011000100000000000000000000
110100100000001000000000000000000000110011000000000000000000000000000000000000000000000000000000000000000000000000000000000000001010000000000000000000
110110100000000000000000000000000000011011000000000000000000000000000000000000000000000000000000110000000000000000000000000000000100000000000000000000
010000100000000000000000000000111000011001000000000000000000000000000000000000000000000000000001001000000000000000000000000000000000000000000000000000
000010000000000000000000000000000000000100000000001100000000000000000000000000000000000000000000110000000000000000000110000000000000000000000000000000
100010000000000000000000000010000000010000000000001100000000000000000000000000000000000000000000000000000000000000000110000000000000000000000000000000
000000010000000000000000000010000000110000000000000000000000000000000000000000000000000000000000000001000000000000000000000110000000000000000000000000
110000101000000000000000000010000000110000000000000000000000000000000000000000000000000000000000000010100000000000000000001000000000000000000000000000
000000011000000000000000000000000000000000000000000000000000000000011100000001100000000000000000000010100000000000000000001010110000000000000000000100
000000000000000000000000000000000000000000000000000000000000000000000000000010010000000000000000000001000000000000000000000100000000001100000000001010
000000000000000000000000000000000000000000000000000000000000000000000000000001010000000000000000000000000000000000000000000000110000001100000000001001
000000001100000000000000000000000000000000000000000000000000000000000000000000100000000000000000000000000000000000000000000000000000000000000000000110
000000001010000000000000000000000000000000000000000000000000000000000000000000000000000000000000000000000110000000000000000000000000000000000000000000
000000000100000000000000000000000000000000000000000000000011000000000000000000000000000000000000000000000110000000000000000110000000000000000000000000
000000000000000000000000000000000000000000000000000000000011000000000000000000000000000000000000000000000000000000000000000001000000000000000000000000
000000000000000000000000000000000000000000000000000000000000000000000000000000000000000000000000000000000000000000000000001010000000000000000000000000
000000000000000000000000000000000110000000000000000000000000000000000000000000000000000000000000000000000110000000000000000110000000000000000000000000
000000000000000000000000000000000111000001100000000000000000000000000000000000000000000100000000000000000110000000000110000000000000000000000000000000
000000000000000000000000000000001001000001100000000000000000000000000000000000000000001010000000001000000000000000000110000000000000000000000000000000
000000000010000000000000000000001011000000000000000000000000000000000000000000000000000100000000010100000000000000000000000000000000000000000000000000
000000000101000000000000000000000110000000000000000011000000000000000000000000000000000000000000010010000000000000000000000000000000000000000000000000
000000000101000000000000000000000000000000000000000011000000000000000000000000000000000000000000001100000000000000000000000000000000000000000000000000
000000000010000000000000000000000000000000000000000000000000000000000000001100000000000000000000000000000010000000000000000000000000110000000000000000
000000000000000000000000000000000000000000000000000000000000000000000000001010000000000000000000000000000010000000000000000000000001001000000000000000
000000000000000000000000000000000000000000000000000000000000000000000000000110000000000000000000000000000010000000000000000000000001001000000000000000
000000000000000000000000000000000000000000000000000000000000000000000000000000000000000000000000000000000000000000000000000000000000110000000000001100
000000000000000000000000000000000000000000000000000000000000000000000000000000000000000000000000000000000000000000000000010000000000000000000000010010
000000000000000000000000000000000000000000000000000000000000000000000000000000000000000000000000000000000000000000000000101000000000000000000000001100
000000000000000000000000000001100000000000000000000000000000000000000000000000000000000000000000000000000000000000000000101000001100000000000000000000
000000000000000000000000000001010000000000000100000000000000000000000000000000000000000000000000000000000110000000000000010000010100000000000000000000
000000000110000010000000000000100000000000000010000000000000000000000000000000000000000000000000000000000110000000000000000000001000000000000000000000
000000000110000001000000000000000000000000001110000000000000000000000000000000000000001100000000000000000000000000000000000000000000000000000000000000
000000000000011000100000000000000000000000000000000000000000000000000000000000000000001100000000000000000000000000000000000000000000000000000000000000
000000000000100001000000000000000000000000000000000000000000100000000000000000000000000000000000000000000000000000000000000000000000000000000000000000
000000000000010100000000000000000000000000000000000000000001010000000000011000000000000000000000000000000000000000000000000000000000000000000000000000
000000000000010001100000000000000000000000000000000000000001001000000000011000000000000000000000000000000000000000000000000000000000000000000000000000
000000000000011001100000000000000000000000000000000000000000110000000000000000000000000000000000000000000000000000000000000000000000000000000000000000
000000000000011100110000000000000000000000000000000000000000000000000000000000000000000000000000000000000000000000000000000000000000000000000000000000
110000000000001100000000000000000000000000000000000000000000000000000000000001100000110000000000000000000000000000000000000000000001000000000000000000
001100000000000000000000000000000000000000000000000000000000000000000000000001100001001000000000000000000000000000000000000000000001000000000000000001
100100000000000000000000000000000000000000000000000000000000111000000000000000000000110000000000000000000000000000000000000000000001000000000000000011
000000000000000000000000000000000000000000000000000000000000100000000000000000000000000000000000000000000000000000000000000000000000000000000000000010
100100000000000000000000000000000000000000000000000000000000001000000000000000000000000000000000000000000000000000000000000000000000000000000000000011
100100000000000000000000000000000000000000000000000000000001100000000000000000000000000000000000000000000000000000000000000000000000000000000000000001
001010000000000000000000000000000000000000000000011000000001110000000000000000000000000000000000000001100000000000000000000000000000000000000000000000
000010000000000000000000000000000000000000000000100100001010110000000001100000000000000000000000000001100000000000000000000000000000110000000000000000
100000000000000000000000000000000000000000000000101000001000101100000100010000000000000000000000000000000000000000000000000000000000110000000000000000
000100000000000000000000000000000000000000000000010000000000100010001000010100000000000000000000000000000000000000000000000000000000000000000000000000
011000000000000000000000000000000000000000000000000000000001000011010000010100000000000000000000000000000000000000000000000000000000000000000000000001
100000000000000000000000000000000000000000000000000000000001001111101000100011000000000000000000000000000000000000000000000000000000000000000000000000
000000000000000000000000000000000000001100000000000000000001000001111000100101100000000000000000000000000000000000000000000000000000000000000000000000
011111000000000000000000000000000000001100000000000000000000000001000001000001100000000000000000000000000000000000000000000000000000000000000000000000
011000010000000000000000000000011100000000000000000000000000000000000000000000110000000000000000000000000000000000000000000000000000000000000000000000
000010101000000000000000000000100100000000000000000000000000000000110100000001110000000000000000000000000000000000001000000000000000000000000000000000
001011000100000000010000000000000010000110000000000000000000000000000100000000100000000000000000000000000000000000010100000000000000000000000000000000
000100000100000000110000100001000010000110000000000000000000000110100100000001000000000000000000000000000000000000100100000000000000000000000000000000
100100000100000000010000011000100010000000000000000000000000000100000100000000000000000000000000000000000000000000011000000000000000001100000000000000
110100000000000001000000000000011000000000000000000000000000000000000110000000000000000000000000000000000000000000000000000000000000010100000000000000
000010111000000000100000000000110001110000000000000000000000000010111100000000000000000000000000000000000000000000000000000000000000001000000000000001
110000000000000001100000000011100000010000000000000000000000000001000100000000000000000000000000000000000000000000000000000000000000000000000000000000
100000000000000000000001110011000001000000000000000000000000000001000000000000000000000010000000000000000000000000000000000000000000000000000000000000
000000000000000000000000000000100000010110000000000000000000000010000111000011100000000111000000000000000000000000000000000000000000000000000000000000
000000000000000000001110000000000000010100000000000110000000000000101010000011100000001000110000000000000000000000000000000000000000000000000000000000
000000000000000000001100000000000000001000000000001001001100000001001010010000010000000111110000000000000000000000000000000000000000000111000000000000
000000000000000000000010000000000000000000000000000110001001000000011000010001100000001001101000000000000000000000000000000000000000000000000000000000
000000000000000000000000000000000000000000000000000000110001000000001011010100100000001100000000000000000000000000000000000000000000000000000000000000
000000000001000000000000000000000001010000000000000000100000000000000010011111000000010000000000000000000000000000000000000000000000000000000000000000
000000000010100000000000000000000010000000011000000000111000000000000000011000100000001110000000000000000000000000000000000000000000000000000000001100
000000000010100000000000000000000010010000011000000000000000000000000000000111000000001110000000000000000000000000000000000000000000000000000000001100
000000000001000000000000000000000010000000000000000000000000111000000000000010000000000000000000000000000000000000000000000000000000000000000000000000
000000000000000000000000000000011011000000000000000000000000111000000000000000000000000000000000000000000000000000000000000000000000000000000000000000
000000000000000000000000000100000000101101000000000000000000000000000000000000000000000000000000000000000000000000000000000000000000000000000000000000
000000000000000000000000000110010010000101100000000000000000000011000000000000000000000000000000000000000000000000000000000000000000000110000000000000
000000000011000000000000000100001110001000000000000000000000000100100000000000000000000000000000000000000000000000000000000000000000000110000000000000
000000000011000000000000000000000000100000000000000000000000000101000000000000000000000000000000000000000000000000000000000000000000000000000000000000
000000000000000000000000000000000010000000000000000000000000000111000000000000000000000000000000000000000000000000000000000000000000000000000000000000
000000000000000000000000000000000011100000000000000000000000000111000000000000000000000000000000000000000000010000000000000000000000000000000000000000
000000000000000010100000000000000010100000000000000000000000000111000000000000000000000000000000000000000000101000000000000000000000000000000000000000
000000000000000010100000000000000010010000000000000000000000000000000000000000000000000000000000000000000001001000000000000000000000000000001100000000
000000000000000011100000000000000001100000000000000000000000000000000000000000000000000000000000000000000000110000000000011000000000000000010010000000
000000000000000000000000000000000000000000000000000000000000000000000000000000000000000000000000000000000000000000000000011000000000000000010100000000
000000000000000000000000000000000000000000000000000000001000000000000000000000000000000000000000000000000000000000000000000000000000000000001000000000
000000000000000000000000000000000011000000000000000000010100000000000000000000000000000000000000000000000000000000000000000000000000000000000000000000
000000000000000000000000000000000011000000000000000000010100000000000000000000000000000000000000000000000000000000000000000000000000000000000000000000
000000000000000000000000000000000000000000000000000000001000000000000000000000000000000000000000000000000000000000000000000000000000000000000000000000
000000000000000000000000000000000000000000000000000000000000000000000000000000100000000000000000000000000000000000000000000000000000000000000000000000
000000000000000000001100000000000000000000000000000000000000000000000000000001010000000000000000000000000000000000000000000000000000000000000000000000
000000000000000000001100000000000000000000000000000000000000000000000000000010010000000000000000000000000000000000000000000000011000000011000000000000
000000000000000000000000000000000000000000000000000000000000000000000000000001100000000000000000000000000000000000000000000000100100000100100000000000
000000000000000000000000000000000000000000000000000000000000000000000000000000000000000000000000000000000000000000000000000000011000000011000000000000
000000000000000000000000000000000000000000000000000000000000000000000000000000000000000000000000000000000000000000000000000000000000000000000000000000
000000000000000000000000000000000000000000000000000000000000000000000000001110000000000000000000000000000000000000000000000000000000100000000000000000
000000000000000000000000000000000000000000000000000000000000000000000000011011100000000000000000110000000000000000000000000000000001010000000000000000
000000000000000000000000000000000000000000000000000000000000000000000000000110010000000000000000110000000000000000000000000000000001010000000000000000
000000000000000000000000000000000000000000000000000000000000000000000000000110001000000000000000000000000000000000000000000000000000100000000000000000
000000000000000000001100011000000000000000000000000000000000000000000000001011000000000000000000000000000000000000000000000000000000000000000000000000
000000000000000000010010011000000000000000000000000000000000000000000000001001100000000000000000000000000000000000000000000000000000000000000000000000
000000000000000000010100000000000000000000000000100000000000000000000000001101001100000000000000000000000000000000000000000000000000000000000000000000
000000000000000000001000000000000000000000000001010000000000000000000000001100001000000000000000000000000000000000000000000000000000000000010000000000
000000000000000000000000000000000000000000000001010000000000000000000000001110010000000000000000000000000000000000000000000000000000000000101000000000
000000000000000000000000000000000000000000000000100000000000000000000000000111100000000000000000000000000000000000000000000000000000000000101000000000
