00000000000000000000000000000011000010000000000000
00000000000000000100000000000000000000000000000000
00000000000000000100000000000000000000000000000000
00000000000000000100000000000000000001110000000000
00000000000000000000000000000000000001110000000000
00000000000001110001110000000011000000100000001100
00000000000000000000000000000101100000100000001010
00000000001000000100000000001110100010011000001100
00000000011100000100000000001100111110000011100110
00000000100001000100000000001100111010000101010000
00000001000101000000000000000010100000011011011100
00000001000001000000000000000000000000000010011000
10000001001100000000000000000000000000000001010000
01100000100000000000000000000000000000000001010000
11000000000000000000000000000000000000000000100000
00000000000000000000000000000000000000000000000000
00000000000000000000000000000000000000000000000000
00000000000000000000000000011000000000000001110000
00000000000000000000000000010100000000000001100000
00000110000000000000000000010000000000000010001000
00000110000110000000000000000000000000000110001000
00000000000110000000000000000000000000000110000000
00000000000000000000000000000000000000000110110000
00000000000000000001000000000000000000000001000000
00000000000000000011000110000000000000000000011100
00000000000000000010101010000000000000000000000010
00000000000000000001001110000000000000000000010010
00000000000000000000000000000000000000000000001100
01100000000000000000000000001110000000000000001000
10110000000000000000000000000000000000000000010110
00110000000000000000000000001000000000000000010001
11100000000000000000000000011100000000000000000101
10000000000000000000000000000100000000000000000001
10000000000000000000000000010000110000000000000000
00000000000000000000000001001001111000000000000000
00000000000000000000000000000010110100000000000000
00000000000000000000000000000101110100000000000000
00000000000000000000000000010100111000000000000000
00000000000000000000000000010111110000000000000000
00000000000000000000000000001001100000000000000000
00000000000000000000100000000000110000000000000000
00000000000000000000100000000001100000000000000011
10000000000000000000100000000000000000000000000100
00000000000000000000000000000000000000000000000011
00000000000000000000000000000000000000000000000000
00000000000000000000000000000000000000000000000000
00000000000000000000000000000000000000000000000000
00000000000000000000000000000000000011000000000000
00000000000000000000000000000000000100000000000000
00000000000000000000000000000011000101000000000000
