000000000000000000000000000001100000000000010001010000000000000000000000000000000000000000000000000000000000000000000000000000000000000000010000000000
000000000000000000001100000000000000000001000000100000000000000000000000000000000000000000000000000000000000000000000000000000000000011100000000000000
000000000000000000001100011100000000000000101100000000000000000000000000000000000000000000000000011100000000000000000000000000000000000000000000000000
000000000000000000000000000000000000000000100010000000000000000000000000000000000000000000000000000000000000000000000011000000000000000000000000000000
000000000000000000000001000000000000000000001110000000000000000000000000000000000000000000000000000000000000000000000100100000111000000000000000000000
000000000000000000000001000000000000000000000100000000000000000000000000000000000000000000000000000000000000000000000010100000000000000000000000000000
000000000110000000000001000000000000000000000000000000000000000001100000000000000000000000000000000000000000000000000001000000000000000000000000000000
000000001001000000000000000000000000000000000000000000000000000001100000000000000000000000000000000000000000000000000000000000000000000000000000000000
000000001001000000000000000000000000000000000000000000000000000000000000000000000000000000000000000000000000000000000000000000000000000000000000000000
000000000110000000000000000000000000000000000000000000000000000000000000000000000000000000000000000000000000000000000000000000000000000000000000000000
000000000000000000000000000000000000000000000000000000000000000000000000000000000000000000000000000000000000000000000000000000000000000000000000000000
000000000000000000000000000000000000000000000000000000000000000000000000000000000000000000000000000000000000000000000000000000000000000000000000000000
000000000000000000000000000000000000000000000000000000111000000000000000000000000000000000000000000000000000000000000000000000000000000000000000000000
000000000000000000000000000000000000000000000000000000000000000000000000000000000000000000000001000000000000000000000000000000000000000000000000000000
000000000000000000000000000000000000000000000000000000000000000000000000000000000000000000000010100000000000000000000000000000000000000000000000000000
000000000110000000000000000000000001100000000000000000000000000000000000000000000000000000000010100000000000000000100000011100000000000000000000000000
000000000110000000000000000000000001100000000000000000000000000000000000000000000000000000000001000000000000000001010000110010000000000000000000000000
000000000000000000000000000000000000000000000000000000000000000000000000000000000000000000000000000000000000000000100001001110000000000000000000000000
000000000000000000000000000000000000000000000000000000000000000000000000000000000000000000110000000000000000000000000000000110000000000000000000000000
000000000000000000000000000000000000000000000000000000000000000000001000000000000000000001001000000000000000000000000000000000000000000000000000000000
000000000010000000000000000000000000000000000000000000000000000000010100000000000000000000110000000000000000000000000000110000000000000000000000000000
000000000101000011000000000000000000000000000000000000000000000000001000000000000000000000000000000000000000000000001000110110000000000000000000000000
000000000101000011000000000000000000000000000000000000000000000000000000000000000000000000000001000000000000000000011000010110000000000000000000000000
000000000010000000000000000000011100000000000000000000000000000000000000000001000000000000000010100000000000000000100100110000000000000000000000000000
000000000000000000000000000000000000000000000000000000000000000000000000000010100000000000000010100000000000000000101000010100000000000000000000000000
000000000000000000000000000000000000000000000000000000000000000000000000000010010000000000000001000000000000000000011000001000000100000000000000000000
000000000000000000000000000000000000000000000000000000000000000000000000000001100000000000000000000000000000000000000000000000001011000000000000000000
000000000000000000000000000000000000000000000000000000000000000000000000000000000000000000000000000000000000000000100000000000001011000000000000000000
000000000000000000000000000000000000000000000000000000000000000011000000000000000000000000000000000000000000000001000000000000000110000000000000000000
000000000000000000000000000000000000000000000000000000000000000011000000000000000000000000000000000000000000000010000100000000000000000000000000000000
000000000000000000000000000000000000000000000000000000000000000000000000000000000000000000000000000000000000000010000100000000001000000000000000000000
000000110000000000000000000000000010000000000000000000000000000000000000000000000000000000000000000000000000000011010000000000011000000000000000000000
000000110000000000000000000000000010000000000000000000000000000000000000000000000000000000000000000000000000000011000000011100000000000000000000000000
000000000000000000000000000000000010000000000000000000000111000100000000000000000000000011000000000000000000000000000110010000000000000000000000000000
000000000000000000000000000000000000000000000000000001001101101101000010000000000000000011000000000000001100000000000101000000000001100000000000000011
000000000000000000000000000000000000000000000000000000100101100101000101100000000000000000000000000000001100000000000011100000000001100000000000000011
000000000000000000000000000000000000011000000000100000100110000010000100110010000000000000000000000000000000000000000001100000000110000000000000000000
000000000000000000000000000000000000011000000000100000101000000000000000011010000000000000000000000000000000000000000011000000000110000000000000000000
000000000000000000000000000000000000000000000001100000100100000000000000000100000000000000000000000000000000000000000011100000000000000000000000000000
000000000000000000000000000000000000000000000010000000011100000000000000000000011100000000000000000000000000000000000100100000000000000000000000000000
000000000000000000000000000000000000000000000100100001101001000000000000000000001110000000000000000000000000000000001101000000000000000000000000000000
000000000000000000000000000000000000000000000010100001101110000000000000000000000000000000000000000000000000000000000100000000000000000000000000000000
000000000000000000000000000000000000000000000010000001110000000000000000000000000000000000000000000000000000000000000000000101000000000000000000000000
100000000000000000000000000000000000000000000000000000100110000000000000000000000000000010000000000000000000000000000001000110000000000000000000001101
110000000001000000000000000000000000000000001010000100011111000000000000000000000000000101000000000000000000000000000110100010000000000000000000001101
001000000010100000000001100000000000000000000110000100110001000000000000000000000000000011000000000000000000000000000110010000000000000000000000010000
101000000010010000000010010000000000000000000000000000000010000000000000000000000000000000000000000001000000000000000011001000000000000000001100010111
000000000001100000000001100000000000000011000110100000101100000000000000000000000000000000000110000010100000000000000101010100000000000000001100001110
000000000000000000000000000000000000000100100110110000011000000000000000000011100000000000000110000010100000000000000111011000000000000000000000000000
111000000000000000000000000000000000000011000110000000010000000000000000000000000000000000000000000001000000000000000110100010000000000000000000000000
010100000000000100000000000000000000000000000000000000000000000000000000000000000000000000000000000000000000000000000011110100000000000000000000000001
001100000000001010000000000000000000000000000000000000000000000000000000000000000000000000000000110000000000000000000001111000000000000000000000000011
111110000000010010000000000000000100000000001000001110000000000000000000000000000000000000000001001000000000000000000000000000000000000000000000000001
110101100000001100000000000000001100000000001010000010000000000000000000000000000000000000000000110000000000000000000000000000000000000000000001000000
001100110000000000000000000001010100000000000100001100000000000000000000000000000000000000000000000000000000000000000000000000000000000000000110110000
000110010000000000000000001101000100000000000000000000000000000000000000000000000000000000000000000001000000000000000000000000000011000000000110100100
000001100000000000000000001110001100000000000000000000000000000000001000000000000000000000000000000010100000000000000010001100000111000000000110000010
000000000000000000000000001000101100000000000000000000000000000000001000000001100000000000000000000010100000000000000010010010000000100000000001100001
000000000000000000000000111000000000000000000000000000000000000000001000000010010000000000000000000001000000000000000000000000000000000000000000100001
000000000000000000000001101000000000000000000000000000000000000000000000000001010000000000000000000000000000000000000000010100000001000000000000000010
000000000000000000000000100100000000000000000000000000000010000000000000000000100000000000000000000000000000000000000000000000000001010000000000011000
000000000000000000000000011000000000000000000000000000001111000000000000000000000000000000000000000000000110000000000000000000000000000000000000001100
000000000000000000000000000000000000000000000000000000101010011000000000000000000000000000000000000000000110000000000001000000000000000000000000000000
000000000000000000000000000000000000000000000000000011000011001010000000000000000000000000000000000000000000000000000101000000000000000000000000000000
000000000000000000000000000000000000000000000000000000101001100001100000000000000000000000000000000000000000000000011011000000000000000000000000000000
000000000000000000000000000000000001100000000000000000001100101010000000000000000000000000000000000000000110000001100100000000000000000000000000000000
000000000000000000000000000000000010100001100000011000000001111000000000000000000000000100000000000000000110000001001011000000000000000000000000000000
000000000000000000000000000000000100110001100000111000000001010000000000000000000000001010000000001000000000000001101101100000000000000000000000000000
000000000010000000000000000000000101100000000000100000000000010000000000000000000000000100000000010100000000000000000000000000000000000000000000000000
000000000101000000000000000000000011000000000000011001110000010000000000000000000000000000000000010010000000000000001010001000000100000000000000000000
000000000101000000000000000000000000000000000000001000110001010000000000000000000000000000000000001100000000000000001110000100001000000000000000000000
000000000010000000000000000000000000000000000000000000010001010000000000001100000000000000000000000000000000000000000000000100001000000000000000000000
000000000000000000000000000000000000000000000000000010001000100000000000001010000000000000000000000000000111000000000001000100001011000000000000000000
000000000000000000000000000000000000000001100000000100001100000000000000000110000000000000000000000000000000000000000000001100001010000011000000000000
000000000000000000000000000000000000000010010000000000000010000000000000000000000000000000000000000000000000000000001100010000000001110100100000000000
000000000000000000000000000000000000000001011000000011001100000000000000000000000000000000000000000000000000000000000101000011100000000111000000000000
000000000000000000000000000000000000000000000000000010000001010000000000000000000000000000000000000000000000000000000111000001000001011110000000000000
000000000000000000000000000000000000000000000000001100000001010000000000000000000000000000000000000000000000000000000110100000000001110000000000011000
000000000000000000000000000000000000000000000000001110000000100000000000000000000000000000000000000000000110000000000100110000010000000000000000011000
000000000000000000000000000111000000000101000000001110000000000000000000000000000000000000000000000000000110000000000010100010001000000000000000000000
000000000000000000000000001001000000001000000000000011100000000100000000000000000000001100000000000000000000000000011011100011001000000000000000000000
000000000000000000000000001000100000000110000000000001100000001010000000000000000000001100000000000000000000000001111000100000000000000000000000000000
000000000000000000000000000111110000000000000100100000000000001010000000000000000000000000000000000000000000000010000100110000000000000000000000000000
000000000000000000000000000001101000000000111100010000000000000100000000000000000000000000000000000000000000000010011000110000000000000000000000000000
110000000000000000000000000000011000000001100101100000000000000000000000000110000000000000000000000000000000000001111000001000000000000000000000000001
000000000000000000000000000000000000000000110101000000000011000000011000000110000000000000000000000000000000000000100000000000000000000000000000000000
110000110110000000000000000000000000000000010110000000000100100000100100000000000000000000000000000000000000000000000000000000000000000000000000000000
010001001000000000000000000010000000000000001000000000000011000000011000000000000000000010000000000000000000000000001000000000000000000000000000000000
001100110000100000000000000111000000000000000000000000000000000000000000000011100000000011111000000000000000000000001000000000000011100000000000000001
000000000001110000000000000100100000000000000000000000000000000100000000000100100000000001111000000000000000000000000000000000000000000000000000000001
100000000110001000000000000001000000000000000000000000000000001010000000000000100001000010010000000000000000000000000001100000000000000000000000000010
111100000000110000000000000000000000000000000000000000000000001010000000000000100011100001100000000000000000000000001011100000000000000000000000000011
100000000101100000000110000001000000000000000000000000000000000100000000000000100011000001000000000000000000000000011011000000000000000000000000000001
000000000010000000000110000010100000000000000000000000000000000000000000000101100010000000000000000001100000000000011011000000000000000000000000000000
000000000000011000000000000011000000000000110000000010000000000000000000000111100011000000000000000001100000000000000100000000000000110000000000000000
000000000000011100000000000000000000000000110000000101000000000000000000001101110111000000000000000000000000000000000000000000000000110000000000000000
000000001110100110000000000000000000000000000000000101000000000000000000101000000010000000000000000000000000000000000000000000000000000000000000000000
000000001011000000000000000000000000000000000000000010000000000000000000100100100100000000000000000000000000000000000000000000000000000000000000000000
000000000111000000000000000000000000000000000000000000000000000000000000000111100000000000000000000000000000000000000000000000000000000000000000000000
000000000000000000000000000000000000001100000000000000000000000100000000000111110000000000000000000000000000000000000000000000000000000000000000000000
000000000000000000000000000000000000001100000000000000000000001010000000000111100000000000000000000000000000000000000000000000000000000000000000000000
000000000000000000000000000000000000000000000000000000000000001001000000000001100000000000000000000000000000000000000000000000000000000000000000000000
000000000000000000000110000000000000000000000000000000000000000110000000011100000000000000000000000000000000000000001000000000000000000000000000000000
000000000001000001000110000110000000000000000000000000000000000000000000001011000000000000000000000000000000000000010100000000000000000000000000000000
000000000001000001000000000110000000000000000000000000000000000000000001100111000000000000000000000000000000000000100100000000000000000000000000000000
000000000001000001000000000000000000000000000000000000000000110000000001100000100000000000000000000000000000000000011000000000000000001100000000000000
000000000000000000000000000000000000000000000000000000000000110000000001100001000000000000000000000000000000000000000000000000000000010100000000000000
000000000000011100000000000000000000000000000000000000000000000000000000000111001100000000000000000000000000000000000000000000000000001000000000000000
000000000000000000000000000000000000000000000000000000000000000000000000000000001100000000000000000000000000000000000000000000000000000000000000000000
000000000000000000000000000000000000000000000000000000000000000000000000000000001100000000000000000000000000000000000000000000000000000000000000000000
000000000000000000000000000000000000000000000000000000000000000000000000000000000000000000000000000000000000000000000000000000000000000000000000000000
000000000000000000000000000000000000001100000000000000000000000000000000000000000000000000011000000000000000000000000000000000000000000010000000000000
000000000000000000000000001100000000001100000000000000000000000000000000000000000000000000100100000000000000000000000000000000000000000010000000000000
000000000000000000000000001100000000000000000000000000000000000000000000001000000000000000011000000000000000000000000000000000000000000010000000000000
000000000000000000000000000000000000000000000000000000000001000000000000010100000000000000000000000000000000000000000000000000000000000000000000000000
000000000000000000000000000000000001000000000000000000000001000000000000000010000000000000000000000000000000000000000000000000000000000000000000000000
000000000000000000000000000000000001000000000000000000000001000000000000000110100000000000000000000000000000000000000000000000000000000000000000001100
000000000011100000000000000000000001000000000000000000000000000000000000011000100000000000000000000000000000000000000000000000000000000000000000001100
000000000000000000000000000000000000000000000000000000000000000000000000000000100000000000000000000000000000000000000000000000000000000000000000000000
000000000000000000000000000000011000011100000000000000000000000000000000000000000000000000000000000000000000000000000000000000000000000000000000000000
000000000000000110000000000000011000000000000000000000000000000000000000000000000000000000000000000000000000000000000000000000000000000000000000000000
000000000000001001000000000000000001000000000000000000000000000000000000000000000000000000000000000000000000000000000000000000000000000110000000000000
000000000000000110000000000000000001000000110000000000000100000001000000000000000000000000000000000000000000000000000000000000000000000110000000000000
000000000000000000000001100110000001000000110000000000000100000000100000000000000000000000000000000000000000000000000000000000000000000000000000000000
000000000000000000000001100110011000000000000000000000000100000100100000000000000000000000000000000000000000000000000000000000000000000000000000000000
000000000011000000000000000000011000001100000000000000000000110001000000000000000000000000000000000000000000010000000000000000000000000000000000000000
000000000101000000000000000000000000010010000000000000000001000110000000000000000000000000000000000000000000101000000000000000000000000000000000000000
000110000010000000000000000000000000001100000000000000001110000000000011000000000000000000000000000000000001001000000000000000000000000000001100000000
000110000000000000000000000000000000000000000000000000000001110000000100100000000000000000000000000000000000110000000000011000000000000000010010000000
000000000000000000000000000000000000000000000000000000001100000000000011000000000000000000000000000000000000000000000000011000000000000000010100000000
000000000000000000000000000000000000000000000000000000000000000000000000000000000000000000000000000000000000000000000000000000000000000000001000000000
000000000000000000000000000000000000000000000001001000000000000000000000000000000000000000000000000000000000000000000000000000000000000000000000000000
000000000000000000000000001100000000000000000111001110000000000000000000000000000000000000000000000000000000000000000000000000000000000000000000000000
000000000000000000000000001100000000000000000001001000000000001000000000000000000000000000000000000000000000000000000000000000000000000000000000000000
000000000000000000000000000000000000000000000000000000000000010100000000000000000000000000000000000000000000000000000000000000000000000000000000000000
000000000000000000000000000000000000000000000000000000000000010100000000000000000000000000000000000000000000000000000000000000000000000000000000000000
000000000000000000000000000000000000000000000000000000000000001000000000000000000000000000000000000000000000000000000000000000011000000011000000000000
000000000000000000111000000000000000000000000000000000000000000000000000000000000000000000000000000000000000000000000000000000100100000100100000000000
000000000000000001111100000000000000000000000000000000000000000000000000000000000000000000000000000000000000000000000000000000011000000011000000000000
000000000000000010111110000111000000000000000000000000000000000000000000000000000000000000000000000000000000000000000000000000000000000000000000000000
000000000000000011000011000000100000000000000000000000000000000000000000000100000000000000000000000000000000000000000000000000000000100000000000000000
000000000000000000000011101000100000000000000000000000000000000000000000001100000000000000000000110000000000000000000000000000000001010000000000000000
000000000000000000111011000000000000000000000000000000000000000000000000011001000000000000000000110000000000000000000000000000000001010000000000000000
000000000000000000011000000000010000000000000000000000000000000000000000000110111000000000000000000000000000000000000000000000000000100000000000000000
000000000000000000010000000011100000000000000000000000000000000000000000000010001000000000000000000000000000000000000000000000000000000000000000000000
000000000000000001010000000000000000000000000000000000000000000000000000000010011000000000000000000000000000000000000000000000000000000000000000000000
000000000000000000001000000000000000000000000000000000000000000000000000000001100000000000000000000000000000000000000000000000000000000000000000000000
000000000000000001010000000000000000000000000000000000000000000000000000000000000000000000000000000000000000000000000000000000000000000000010000000000
000000000000000000000000000000000000000000000000100000000000000000000000000000000000000000000000000000000000000000000000000000000000000000101000000000
000000000000000000000000000001100000000001110001010000000000000000000000000000000000000000000000000000000000000000000000000000000000000000101000000000
