000000000000000000000000010000000000001010000000000000000000000000000000000000000000000000000000000000000000000000000000000000000000001000010000000000
000000000000000000000000000000000000000000000000000000000000000000000000000000000000000000000000001000000000000000000000000000000000001000000000000000
000000000000000000000000000000000000000000011000000000000000000000000000000000000000000000000000001000000000000000000000000000000000001000000000000000
000000000000000000000000000000000000000000011000000000000000000000000000000000000000000000000000001000000000000000000011000000010000000000000000000000
000000000000000000000000010000000000000000000000011100000000000000000000000000000000000000000000000000000000000000000100100000010000000000000000000000
000000000000000000000000010100000000000000000000000000000000000000000000000000000000000000000000000000000000000000000010100000010000000000000000000000
000000000110000000000000011000000000000000000001000001000000000001100000000000000000000000000000000000000000000000000001000000000000000000000000000000
000000001001000000000000000000000000000000000001000001000000000001100000000000000000000000000000000000000000000000000000000000000000000000000000000000
000000001001000000000000000000000000000000000001000001000000000000000000000000000000000000000000000000000000000000000000000000000000000000000000000000
000000000110000000000000000000000000000000000000000000000000000000000000000000000000000000000000000000000000000000000000000000000000000000000000000000
000000000000000000000000000000001010000000000000011100000000000000000000000000000000000000000000000000000000000000000000000000000000000000000000000000
000000000000000000000000000000110011000000000000000000000000000000000000000000000000000000000000000000000000000000000000000000100000000000000000000000
000000000000000000000000000000110011100000000000000000000000000000000000000000000000000000000000000000000000000000000000000000100000000000000000000000
000000000000000000000000000000000011000000000000000000000000000000000000000000000000000000000001000000000000000000000000000000100000000000000000000000
000000000000000000000000000000011110000000000000000000000000000000000000000000000000000000000010100000000000000001100000000000000000000000000000000000
000000000110000000000000000000010010000000000000000000000000000000000000000000000000000000000010100000000000000001100000000000000000000000000000000000
000000000110000000000000000000000000000000000000000000000000000000000000000000000000000000000001000000000000000000000000000000000000000000000000000000
000000000000000000000000000000010011100000000000000000000000000000000000000000000000000000000000000000000000000000000000000000000000000000000000000000
000000000000000000000000000000011000110000000000000000000000000000000000000000000000000000110000000000000000000000000000000000000000000000000000000000
000000000000000000000000000000001101100000000000000000000000000000001000000000000000000001001000000000000000000000000000000111000000000000000000000000
000000000010000000000000000000001101000000000000000000000000000000010100000000000000000000110000000000000000000110000000000000000000000000000000000000
000000000101000011000000000000000110000000000000000000000000000000001000000000000000000000000000000000000000000110000000000000000000000000000000000000
000000000101000011000000000000000010000000000000000000000000000000000000000000000000000000000001000000000000000000000000000000000000000000000000000000
000000000010000000000000000000001000000000000000000000000000000000000000000001000000000000000010100000000000000000000000000000000001100000000000000000
000000000000000000000000000000001000000000000000000000000000000000000000000010100000000000000010100000000000000000000000000000000001100000000000000000
000000000000000000000000000000000000000000000000000000000000000000000000000010010000000000000001000000000000000011100000000000000000000100000000000000
000000000000000000000000000000000000000000000000000000000000000000000000000001100000000000000000000000000000000000000000000000000000000100000000000000
000000000000000000000000000000000000000000000000000000000000000000000000000000000000000000000000000000000000000000000000000000000000000100000000000000
000000000000000000000000000000000000000000000000000000000000000011000000000000000000000000000000000000000000000000000000000000000001100000000000000000
000000000000000000000000000000000000000000000000000000000000000011000000000000000000000000000000000000000000000000000000000000000010010000000000000000
000000000000000000000000000000000000000000000000000000000000000000000000000000000000000000000000000000000000000000000000111000000001010000000000000000
000000110000000000000000000000000000000000000000000100000000000000000000000000000000000000000000000000000000000000000000000000000000100000000000000000
000000110000000000000000000000000111000000000000000100000000000000000000000000000000000000000000000000000000000000000001000000000000000000000000000000
000000000000000000000000000000000000000000000000000100000000000000000000000000000000000011000000000000000011000000000001000000000000000000000000000000
000000000000000000000000000000000000000000000000000000011000000000000000000000000000000011000000000000000101000000000100000000000001100000000000000011
000000000000000000000000000000000000000000000000000000100100000000000000000000000000000000000000000000000010000000010000001111011011100000000000000011
000000000000000000000000000000000000011000000000000000011000000000000000000000000000000000000000000000000000000000010001110001100100000000000000000000
000000000000100000000000000000000000011000000000000000000000000000000000000000000000000000000000000000000000001000010100000000000000000000000000000000
000000000001010000000000000000000000000000000000000000000000000000000000000000001000000000000000000000000000010110000000000000010100000000000000000000
000000000001010000000000000000000000000000000000000000000000000000000000000000010010000000000000000000000000100110000000000000001000000000000000000000
000000000000100000000000000000000000000000000000000000000000000000000000000000010010000000000000000000000000011100000000110000000000000000000000000000
000000000000000000000000000000000000000000000000000000000000000000000000000000000100000000000000000000000000000000000000000000000000000000000000000000
000000000000000000000000000000000000000000000000000110000000000000000000000000000000000000000000000000000000000000000000000000000000000000000000000000
000000000000000000000000000000000000000000000000001001000000000000000000000000000000000010000000000000000000000000000110000000000000000000000000000000
000000000000000000000000000000000000000000000000001010000000000000000000000000000000000101000000000000000000000000101101000000110000000000000000000000
000000000000000000000001100000000000000000000000000100000000000000000000000000000000000011000000000000000000000000100000000000000000000000000000000000
000000000000000000000010010000000000000000000000000000000000000000000000000000000000000000000000000001000000000000101111000000000000000000000000000000
000000000000000000000001100000000000000001100000000000000000000000000000000001000000000000000110000010100000000000011011100000001100000000000000000000
000000000000000000000000000000000000000001100000000000000000000000000000000001000000000000000110000010100000000000000000010000001100000000000000000000
000000000000000000000000000000000000000000000000000000000000000000000000000001000000000000000000000001000000000000000100010000000000000000000000000000
000000000000000000000000000000000000000000000000000000000000000000000000000000000000000000000000000000000000000000000010000000000000000000000000000000
000000000000000000000000000000000000000000000000000000000000000000000000000000000000000000000000110000000000000000000001110000000000000000000000000000
100000000000000000000000001000000000000000000000000000000000000001100000000000000000000000000001001000000000000000000001000000000000000000000000000001
010000000000000000000000010100000000000000000000000000000000000001100110000000000000000000000000110000000000000000000000110000000000000000000110000010
011000000000010100000000010100000000000000000000000000000000011000000110000000000000000000000000000000000000000000000000000000000000000000000110000011
100000000000100100000000001000000000000000000000000000000000011000000000000000000000000000000000000001000000000000000000000000000000000000000000000000
000000000000010100000000000000000000000000000000000000000000000000000000000000000000000000000000000010100000000000000000000000000000000000000000000000
000000000000010000000000000000110000000000000000000000000000000000000000000001100000000000000000000010100000000000000000000000000000000000000000000000
000000000010001010000001110001001000000000000000000000000000000000000000000010010000000000000000000001000000000000000000000000000000000000000000000000
000000000111000010000000000000110000000000000000000000000000000000000000000001010000000000000000000000000000000000000000000000000000000000000000000000
000000000100101000000000000000000000000000000000000000000000000000000000000000100000000000000000000000000000000000000000000000000000000000000000000000
000000000000100000000000001000000000000000000000000000000000011000000000000000000000000000000000000000001000000000000000000000000000000000000000000000
000000000001100000000000010110000000000000001100000000000000011000000000000000000000000000000000000000011100000000000100000001010000000000000000000000
000000000000000000000000010001000011000000001100000000000000000000000000000000000000000000000000000000110110000000001010000001100000000000000000000000
000000000000000000000000000001000110110000000000000000000000000000000000000000000000000000000000000001110111000000000100000000100000000000000000000000
000000000000000000000000000000000100000000000000000000000000000000000000000000000000000000000000000000110110000000000000000000000000000000000000000000
000000000000000000000000000000100000001000000000000000000000000000000000000000000000000100000000000000011100000000000000100000000000000000000000000000
000000000000000000000000000100000100000000000000000000000000000000000000010000000000001010000000001000001000000000000001010000000000000000000000000000
010000000000000000000000000010000000001000000000000000010000110000000000111100000000000100000000010100000000000000000011100000000000000000000000000000
001000000000000000000000000010001000001000000000000000010001001000000001000100000000000000000000010010000000000000000110000000000100000000000000000000
001100000000000000000000000011111000010000000000000000010000110000000000111100000000000000000000001100000000000000000110000011000100000000000000000000
001100000000000000000000000111110000001000000000000000000000000000000000010000000000000000000000000000000011000000001110000100100100000000000000000000
000000000000000000000000001100011000111000000000000000000000000000000000000000000000000000000000000000000100100000000100110010000000000000000000000000
000000000000000000000000011000001100010000000000000000000000000000000000000000000000000000000000000000000011000000010010110000000000000000000000111000
000000000000000000000000001100011000000000000000000000000000000000000000000000000000000000000000000000000000000000000000000000000000000001100000000000
000000000000000000000000000100010000000000000000000000000000000000000000000000000000000000000000000000000000000000000000100000000000000001100000100100
000000000000000000000000000000000000000000000000000000000000000000000010000000000000000000000000000000000000000000010001100000000000000000000000011100
000000000000000000000000000000000000000000000000000000000011100000000111000000000000000000000000000000000000000000001000100000000000000000000000000000
000000000000000000000000011000000000000000000000000000000100010000001101100000000000000000000000000000000000000000000111000000000000000000000001100000
000000000000000000000000011000000000000000000000000000001000110000001100110000000000000000000000000000000000000000000000000000000000000000000001100000
000000000000000000000000000000000000000000000100000000010000000000000101100000000000000000000000000000000000000000000000000000000000000000000000000000
000000000000000000000000000000000000000000000110000000010010000000100101000000000000000000000000000000000000000000000000000000000000000000000000000000
000000000000000000000000000000000000001001000110000000010000000001100100000000000000000000000000000000000000000000000000000000000000000000000000000000
000000000000001000000000000000000000010010000000100000001000110100100000000000000000000000000000000000000000000000000000110000000000000000000000000000
000000000000010100000000000000000011010100000000000000000100100010100000000000000111000000000000000000000000000000000001001000000000000000000111000000
000000000000100100000000000000000010010010000010010000000011100010000000000000000000100000000000000000000000000000000000001000000000110000000100100000
000000000000011000000000000000000001100001101101010000000010000001001110000000001000100000000000000000000000000000000000001000000001000000000000000000
000000000000000000000000000000000000000000111011010000000110000111001100000000000101000000000000000000000000000000000000011000000000110000000010001000
110000000000000000000000000000000000000000010000100000000110000010001000000000000100000000000000000000000000000000001000001010000000000000000010000011
110000000000000011000000000000000000000000000000000000000000000001110000000011000000000000000000000000000000000000010100001100000000000000000010000011
000000000000000100100000000000000000000000000000000000000000000001110000000100100110110000000000000000000000000000001001100000000000000000000000100010
000000000000000011000000000000000000000000000000000000000000000000000000000101000010100000000000000000000000000000001000000000000000000000000000101000
000000000000000000000110000000000000000000000000000000000000000000000000000010000001000000000000000000000000000000000101000000000000000000000000111000
000000000010000000000110011100011100000000000000000000000000000000000000110000000000000000000000000001100000000000000010000000000000000000000000000000
000000000010000000000000000000000000000000000000000010000000000000000001010000000000000000000000000001100000000000000000000000000000000000000000000000
000000000010000000000000000001000000000000000000000101000000000000000001100000000000000000000000000000000000000000000000000000000000000000000000000000
000000000000000000000000000001000000000000000000000101000000000000000000000000000000000000000000000000000000000000000000000000000000000000000001100000
000000000000000000000000000001000000000000000000000010000000000000000000001110000000000000000000000000000000000000000000000000000000000000001101110000
000000000000000000000000000000000000000000000000000000000000000000000000001001000000000000000000000000000000000000000000000000000000000000011100000000
000000000000000000000000000000000000001100000000000000000000000000000000001111100000000000000000000000000000000000000000000000000000000000001100000000
000000000010000000000000000000000000001100000000000000000000000000000000000011100000000000000000000000000000000000000000000000000000000000000000000000
000000000101000000000000000000000000000000000000000000000000000000000000000111000000000000000000000000000000000000000000000000000000000000000000000000
000000000100100000000110000000000000000000000000000000000000000000000000011011000000000000000000000000000000000000001000000000000000000000000000000000
000000000011000000000110000110000000000000000000000000000000000000000000011110000000000000000000000000000000000000010100000000000000000000000000000000
000000000000000000000000000110000000000000000000000000000000000000000000001100000000000000000000000000000000000000100100000000000000000000000000000000
000000000000000000000000000000000000000000000000000000000000000000000000000011100000000000000000000000000000000000011000000000000000001100000000000000
000000000000000000000000000000000000000000000000000000000000000000000000000111000000000000000000000000000000000000000000000000000000010100000000000000
000000000000000000000000000000000000000000000000000000000000000000000000000010000000000000000000000000000000000000000000000000000000001000000000000000
000000000000000000000000000000000000000000000000000000000000000000000000000000000000000000000000000000000000000000000000000000000000000000000000000000
000000000100000000000000000000000000000000000000000000000000000000000000000010000000000000000000000000000000000000000000000000000000000000000000000000
000000001010000000000000000000000000000000000000000000000000000000000000000111000000000000000000000000000000000000000000000000000000000000000000000000
000000001010000000000000000000000000001100000000000000111000000000000000001001100000000000011000000000000000000000000000000000000000000000000000000000
000000000100000000000000001100000000001100000000000000000000000000000000011101000000000000100100000000000000000000000000000000000000000111000000000000
000000000000000000000000001100000000000000000000000010110100000000000000010010000000000000011000000000000000000000000000000000000000000000000000000000
000000000000000000000000000000000000000000000000000010110010000000000001110000000000000000000000000000000000000000000000000000000000000000000000000000
000000000000000000000000000000000000000000000000000010110010110000000001100110000000000000000000000000000000000000000000000000000000000000000000000000
000000000001000000000000000000000011100000000000000000000001000000000000000001000000000000000000000000000000000000000000000000000000000000000000001100
000000000001000000000000000000000000000000000000000000000000000000000001110101000000000000000000000000000000000000000000000000000000000000000000001100
000000000001000000000000000000000000001000000000000000000000000000000000000010000000000000000000000000000000000000000000000000000000000000000000000000
000000000000000000000000000000011000001000000000000000010000000000000000000000000000000000000000000000000000000000000000000000000000000000000000000000
000000000000000110000000000000011000001000000000000000011000000000000000000110100000000000000000000000000000000000000000000000000000000000000000000000
000000000000001001000000000000000000000000000000000000000000000000000000000100100000000000000000000000000000000000000000000000000000000110000000000000
000000000000000110000000000000000011100000110000000000000001100000000000000011100000000000000000000000000000000000000000000000000000000110000000000000
000000000000000000000001100110000000000000110000000000100100010000000000000000000000000000000000000000000000000000000000000000000000000000000000000000
000000000000000000000001100110011000000000000000000000011000010000000000000000000000000000000000000000000000000000000000000000000000000000000000000000
000000000011000000000000000000011000001100000000000000000010010000000000000000000000000000000000000000000000010000000000000000000000000000000000000000
000000000101000000000000000000000000010010000000000000000010010000000000000000000000000000000000000000000000101000000000000000000000000000000000000000
000110000010000000000000000000000000001100000000000000010001100011100011000000000000000000000000000000000001001000000000000000000000000000001100000000
000110000000000000000000000000000000000000000000000000101000000000000100100000000000000000000000000000000000110000000000011000000000000000010010000000
000000000000000000000000000000000000000000000000000000001100000000000011000000000000000000000000000000000000000000000000011000000000000000010100000000
000000000000000000000000000000000000000000000000000000000000000000000000000000000000000000000000000000000000000000000000000000000000000000001000000000
000000000000000000000000000000000000000000000000000000000000000000000000000000000000000000000000000000000000000000000000000000000000000000000000000000
000000000000000000000000001100000000000000000000000000000000000000000000000000000000000000000000000000000000000000000000000000000000000000000000000000
000000000000000000000000001100000000000000000000000000000000001000000000000000000000000000000000000000000000000000000000000000000000000000000000000000
000000000000000000000111000000000000000000000000000000000000010100000000000000000000000000000000000000000000000000000000000000000000000000000000000000
000000000000000000000000000000000000000000000000000000000000010100000000000000000000000000000000000000000000000000000000000000000000000000000000000000
000000000000000000010000010000000000000000000000000000000000001000000000000000000000000000000000000000000000000000000000000000011000000011000000000000
000000000000000000010000010000000000000000000000000000000000000000000000000000000000000000000000000000000000000000000000000000100100000100100000000000
000000000000000000010000010000000000000000000000000000000000000000000000000000000000000000000000000000000000000000000000000000011000000011000000000000
000000000000000000000000000000000000000000000000000000000000000000000000000000000000000000000000000000000000000000000000000000000000000000000000000000
000000000000000000000000000000000000000000000000000000000000000000000000000000000000000000000000000000000000000000000000000000000000100000000000000000
000000000000000000000000000000000000000000000000000000000000000000000000000000000000000000000000110000000000000000000000000000000001010000000000000000
000000000000011100000000000000000000000000011000000000000000000000000000000000000000000000000000110000000000000000000000000000000001010000000000000000
000000000000000000000000000000000000000000100100000000000000000000000000000000000000000000000000000000000000000000000000000000000000100000000000000000
000000000001000001000000000000000000000000011000000000000000000000000000000000000000000000000000000000000000000000000000000000000000000000000000000000
000000000010100010100000000000000000000000000000000000000000000000000000000000000000000000000000000000000000000000000000000000000000000000000000000000
000000000010100010100000000000000000000000000000000000000000000000000000000000001100000000000000000000000000000000000000000000000000000000000000000000
000000000001000001000000000000000000000000000000000000000000000000000000000000001100000000000000000000000000000000000000000000000000000000010000000000
000000000000000000000000010000000000000100000000000000000000000000000000000000000000000000000000000000000000000000000000000000000000000000101000000000
000000000000000000000000010000000000000110000000000000000000000000000000000000000000000000000000000000000000000000000000000000000000000000101000000000
