000111000000000000000000000000
000000000000000000000000000000
011000000000000001010000000000
100101010000000000100000000000
101001010000000000000000000000
001001010000000000000000000000
000000100000000000000000000000
000000000000000000000000000000
100000000000000000000000000010
001110000000000000000000000010
101010000000000000000000000000
011100000000000000000000010000
000000000000000000000000010000
100000000000000000000000000000
000110000000000000000000010001
000110000000000000000000010110
000000000000000000000000001100
000000000000000001100000001000
000000000000000010010000010100
000000000000000001100000110000
000000000000000000000000110000
000000000000000000000000110000
000000000000000110000000000000
000000000000001001000000000001
100000000000001001000000000011
000001100000001000000000011001
000011110000001000000000000010
001100010000001000100001000110
001101100000000110110001010000
000010100000000001110000000000
