000000000000000000000000000000000000000000000000000000000000000000000000000000000000000000000000000000000000000000000000000000000000000000010000000000
000000000000000000000000000000000000000000000110000000000000000000000000000000000000000000000000000000000000000000000000000000000000011100000000000000
000000000000000000000000000000000000000000000110000000000000000000000000000000000000000000000000011100000000000000000000000000000000000000000000000000
000000000000000000000000000000000000000000000000000000000000000000000000000000000000000000000000000000000000000000000011000000000000000000000000000000
000000000000000000000000000000000000000000000000000000000000000000000000000000000000000000000000000000000000000000000100100000111000000000000000000000
000000000000000000000000000000000000000000000000000000000000000000000000000000000000000000000000000000000000000000000010100000000000000000000000000000
000000000110000000000000000000000000000000000000000000000000000001100000000000000000000000000000000000000000000000000001000000000000000000000000000000
000000001001000000000000000000110000000000000000000000000000000001100000000000000000000000000000000000000000000000000000000000000000000000000000000000
000000001001000000000000000000110000000000000000000000000000000000000000000000000000000000000000000000000000000000000000000000000000000000000000000000
000000000110000000000000000000000000110000000000000000000000000000000000000000000000000000000000000000000000000000000000000000000000000000000000000000
000000000000000000000000000000000000110000000000011000000000000000000000000000000000000000000000000000000000000000000000000000000000000000000000000000
000000000000000000000000000000000000000000000000011000000000000000000000000000000000000000000000000000000000000000000000000000000000000000000000000000
000000000000000000000000000000000000000000000000000000000000000000000000000000000000000000000000000000000000000000000000000001110000000000000000000000
000000000000000000000000000000000000000000000000000000000000000000000000000000000000000000000001000000000000000000000000000000000000000000000000000000
000000000000000000000000000000000000000100000000000000000000000000000000000000000000000000000010100000000000000001100000000000000000000000000000000000
000000000000000000000000000000000000001010000000000000000000000000000000000000000000000000000010100000000000000001100000000000000000000000000000000000
000000000000000000000000000000000000001010000000000000000000000000000000000000000000000000000001000000000000000000000000000000000000000000000000000000
000000000000000000000000000000000000000100000000000000000000000000000000000000000000000000000000000000000000000000000000000000000000000000000000000000
000000000000000000000000000000000000000000000000000000000000000000000000000000000000000000110000000000000000000000000000000000000000000000000000000000
000000000000000000000000000000000011000000011000000000000000000000001000000000000000000001001000000000000110000000000000000000000000000000000000000000
000000000000000000000000000000000100100000100100000000000000000000010100000000000000000000110000000000000101000000000000000000000000000000000000000000
000000000000000011000000000000000011000000011000000000000000000000001000000000000000000000000000000000000011000000000000000000000000000000000000000000
000000000000000011000000000000000000000000000000000000000000000000000000000000000000000000000001000000000000110000000000001110000011000000000000000000
000000000000000000000000000000000000000100000000000000000000000000000000000001000000000000000010100001100000101000000000010001000011000000000000000000
000000000000000000000000000000000000001010000000000000000000000000000000000010100000000000000010100001010000010000000000000001000000000000000000000000
000000000000000000000000000000000000001010000000000000000000000000000000000010010000000000000001000000110000000000000000100010000000000000000000000000
000000000000000000000000000000000000000100000000000000000000000000000000000001100000000000000000000000001100000000000000001000000000000011100000000000
000000000000000000000000000000000000000000000000000000000000000000000000000000000000000000000000000000001010000000000001101100110000000000000000000000
000000000000000000000000000000000000000000000000000000000000000011000000000000000000000000000000000000000110000000000001001000100100001000001000000000
000010000000000000000000000000000000000000000000000000000000000011000000000000000000000000000000000000000000000000000010111100000000001000001000000000
000101000000000000000000000000000000000000000000000000000000000000000000000000000000000000000000000000000000000000000011100100000000001000001000000000
000100100000000000000000000000000010000000000000000000000000000000000000000000000000000000000000001111100000000000000001111000101100000000000000000000
000011000000000000000000000000000010000000000000001110000000000000000000000000000000000000000000010010110000000000000000010000110000000011100000000000
000000000000000000000000000000000010000000000000000000000000000000000000000000000000000000000000010011000000000000000000000000000000000000000000000000
000000000000000000000000000000000000000000000000000000011000000000000000000000000000000000000000001000000000000000000000000000000000000000000000000010
000000000000000000000000000000000000000000000000000000100100000000000000000000000000000000001100000000000000000000000000000000000000000000000000000101
000000000000000000000000000000000000011000000000000000011000000000000000000000000000000000001011100000000000000000000000000000000000000000000000000101
000000000000000000000000000000000000011000000000000000000000000000000000000000000000000000010011100000000000000000111000000000000000000000000000000011
000000000000000000000000000000000000000000000000000000000000000000000000000000000000000000011001100000001000000000000000000000000000000000000000001011
000000000110000000000000000000000000000000000000000000000000000000000000000000011100000000000000000000010110000000000000000000000000000000000000011011
000000001001000000000000000000000000000000000000000000000000000000000000000000001110000000000000000000111111000000000000000000000000000000000000001000
110000000110000000000000000000000000000000000000000000000000000000000000000000000000000000000000000000100011000000100000111000000000000000000000001000
001000000000000000000000000000000000000000000000000110000000000000000000000000000000000000000000000000011100000001000111010010000000000000000000001000
111000000000000000000000000000000000000000000000001001000000000000000000000000000000000010000000000000001100000000000001111001000000000001100000000100
000000000000000000000000000000000000000000000000001010000000000000000000000000000000000101000000000000000000000100100001000100000000000000000001100000
000000000000000000000000000000000000000000000000000100000000000000000000000000000000000011000000000000000000001000001000000000010000000010100011100000
000000000000000000000000000000000000000000000000000000000000000000000000000000000000000000000000000000000000000100000111000111101000011000000110010000
000000000000000000000000000000000000000001100000000000000000000000000000000000000000000000000000000000000000000011000011100110110000011000001000100000
000000000000000000000000000000000000000001100000000000000000000000000000000011100000000000000000000000000000000000000000001101000000100100000001100000
000000000000000000000000000000000000100000000000000000000000000000000000000000000000000000000000000000000000000000000000000001000000101000100000000000
000000000000000000000000000000000000100000000000000000000000000000000000000000000000000000000000000000000000000000000000000110000000001000100000000000
000000000000110000000000000000000000100000000000000000000000000000000000000000000000000000000110000000000001100000011111000100000001000000110000000000
000000000000110000000000000000000000000000000000000000000000000001100000000000000000000000000110000000000001100000010010100000000001101111100000000000
000000000100000000000000000000000000000000000000000000000000000001100110000000000000000000000000000000000000000000010100000000000000011001000000000000
000000000100000000000000000000000000000000000000000000000000011000000110000000000000000000000000000000000000000000000000000000000000001110011100000000
000000000100000000000000000000000000000000000000000000000000011000000000000000000000000000000000000000000000000000000000000000000000000000010100000000
000000000000000000000000000011000000000000000000000000000000000000000000000000000000000000000000000000000000000000000000000000000000000000010010000000
000000000000000000000000000100100000000000000000000000000000000000000000000001100000000000000000000000000000000010000000000000000000000001011111000000
000000000000000110000000000011000000000000000000000000000000000000000000000010010000000000000000000000000000001101100000000000000000000010101101000000
000000000000000110000000000000000000000000000000000000000000000000000000000001010000000000000000000000000000011101100000011000000000000001001101000000
000000000000000000000000000000000000000000000000000000000000000000000000000000100000000000000000000000000000100010010000011000000000000000001110000000
000000000000000000000000000000000000000000000000000000000000000000000000000000000000000000000101000000000011000101100000011000000000000000000100000000
000000000000000000000000000000000000000000000000000000000000000000000000000000000000000000000100100000000011000100000000010000000000000000000000000000
000000000000000000000000000000000000000000000000000000000000000000000000000000000000010000101010110000000000000100000001100000000000000111010000000000
000000000000000000000000000000000000000000000000000000000000000000000000000000000000010000101001110000000010000100000000101100000000000111011000100000
000000000000000000000000001000000000000000000000000000000000000000000000000000000000010001000000111000000000000010000000011000000000000100100101101000
000000000000000000000000001000000000000000000000000000000000000000000000000000000000000001011000011000000001100100000000000000000000000000111000101000
000000000000000000000000010100000000000000000000000000000000000000000000000000000000000010010100010010000000011000000000000000000000000011011000001000
000000000000000000000000001000000000000000000000000000000000100000000000000000000000000011111111000001000000000000000000000000000000000000110000110000
000000001100001100000000110000000000000000000000000000000001010000000000000000000000000001111011000010000000000000000000000001100000000111000001000000
000000010010010010000000100000000000000000000000000000000001100000000000000000000000000000100011101110000000000000000000000001100000000000000011011000
100010001010001100000000011000000000000000000000000000000000000000000000000000000000000000000000101000000000000000000000000000000000000000000000011001
100010000110000000000001110000000000000000000000000000000000000000011000000000000000000000000001001100000000000000000000000000000000000000000000010011
000010000000000000000000100000000000110000000000000000000000000000011000000000000000000000000000111000000000000000000000000000000000000000000000000110
000000000000000000010110110001100000110000000000000000000000000000000000000000000000000000000000010000000000000000000000000000000000000110000000001100
000000000000000000000110100001100000000000000000000000000000000000000000000000000000000000000000000000000000000000000000000000000000000010100100001000
000000000000000000000101100000000000000000000000000000000000000000000000000000000000000000000000000000000000000000000000000000000000000001100011100000
000000000000000000101000000000000000000000000000000000000000000000000000000000000000000000000001110000001001000000011000000000000000000000000000000000
000000000000000000010000110000000000000000000000000000000000000000000000000000000000000000000001010000001001000000011000000000000000000000000000000000
000000000000000000000000000000010000000000000000000000000000000000000000000000000000000000000001110000011011000000000000000000000000000000000000000000
000000000000000000000001110000101000000000000000000000000000000000000000000000000000000000000000000000111000000000000000000000000000000000000000000000
000000000000000000000111000001101100000000000000000000000000001000000000000000000000000000000000000000011000000010000000000000000000000000000000000000
000000000000000000000100000010010000000000000000000000000000001000000000000000001110000000000000000000011000100011000000000000000000000000000000000000
000000000000000000000100000000001000000000000011100000110000001000000000000000000000000000000000000000110000011001100000000000000000000000000000000000
000000000000000000000010000001101110000000000000000001001000000000000000000000000000000000000000000011111000000000000000000110000000000000000000000000
000000000000000000000000001111111001000000000000000000110000000011100000000000000000000000000000000110000000001000000000000101000000000000000000000000
000000000000000000000000000000100011000000000000000000000000000000000000000000000000000000000000001101111000001000000000000010000000000011000000000000
001100000000000000000100000001100000000000000000000000000000001000000000000000000000000000000000000101110110001000000000000000000000000011000000000000
001010000000000000000100000011100000000110000000000000000000001000000000000000000000000000000000000010000100000000000000000000000000000000000000000000
000101000000000000000100000001100000000011000000000000000000001000000000000000000000000000000000000000000010110110000000000000000000000000000000000000
000010000000000000000000000000100011001010000000000000000000000000000000000000000000000000000000000000000001001001000000000000000000000000000001100000
000000000000000000000000000000011001001100000000000000000000000000000000000000000000000000000000000000000000000110000000000000000000000000000010010000
000000000000000000000000000000001110000000000000000000000000000000000000000000000000000000000110000000000000000000000000000000000000000000000010100000
000000000000000000000000000000000100000001110000000000000000000000000000000000000000000000000110000000000000000000000000000000000000000000000001000000
000000000111000000000000000000000000000001110000000000000000000000000000000000000000000000000000000000000001000000000000000000000000000000000000000000
000000000000000000000000000000000000000000000000000000000000000000000000000000000000000000000000000000001001001000000000000000000000000000000000000010
000000000000000000000000000000000001110000000000000000000000100000000000000000000000000000000000000000001111111000000000000000000000000000000000000101
000000000000000000000000000000000010001000000000000000000001010000000000000000000000000000000000000000001000001000000000000000000000000000000000000101
000000000000000000000000000000000010001000000000000000000001010000000000000000000000000000000000000000000100010000000000000000000000000000000000000010
000000000000000000000000000000000010001000000000000000000000100000000000000000000000000000000000000000000100010000000000000000000000000000000000000000
001100000010000000000000000000000001110000000000000000000000000000000000000000000000000000000000001100000000000000000000000000000000000000000001100000
010010000101000000000000000000000000000000000000000000000000000000000000000000000000000000000000101100000000000000000000000000000000000001000010010000
001100000100100000000110000000000000000000000000000000000000000000000000000000000000000000000000100100000000000000000000000000000000000010100001100000
000000000011000000000110000110000000000000000000000000000000000000000000000000000000000000000000100100000000000000000000000000000000000001100000000000
000000000000000000000000000110000000000000000000000000000000000000000000110000000000000000000000100100000000000000000000000000000000000000000000000010
000000000000000000000000000000000000000000000000000000000000000000000001010000000000000000000000100110111000000000000000000000000000001100000000000101
000000000000000000000000000000000000000000000000000000000000000000000001100000000000000000000000001111001000000000000000000000000000010100000000000101
000000000000000000000000000000000000000000000000000000000000000000010000000000000000000000000001001001011000000000000000000000000000001000000000000010
000000000000000000000000000000000000000000010000000000000000000000000000000000000000000000000001001000100011000000000000000000000000000000000000000000
000000000100000000000000000000000000000000000000000000000000000110001000000000000000000000000000000000000011000000000000000000000000000000000000000000
000000001010000000000000000000000000000000000000000000000000000101011010000000000000000000000000110000000000000000000000000000000000000000000000000000
000000001010000000000000000000000000000000000000000000000000001001010010000000000000000000001110000000000000000000000000000000000000000010000000000000
000000000100000000000000001100000000000000000111000000000000001000000000000000000000000000000110000000000000000000000000000000000000000010000000000000
000000000000000000000000001100000000000000001110000000000000001001000000000000000000000000000011011000000000000000000000000000000000000010000000000000
000000000000000000000000000000000000000000001100000000000000000110000000000000000000000000000001110000000000000000000000000000000000000000000000000000
000000000000000000000000000000000001000000000000000000110000000000000000000000000000000000000000100000000000000000000000000000000000000000000000000000
000000000000000000000000000000000001000000000000000000110000000000000000000000000000000000000000000000000000000000000000000000000000000000000000001100
000000000011100000000000000000000001000000000000000000000000000000000000000000000000000000000000000000000000000000000000000000000000000000000000001100
000000000000000000000000000000000000000000000000000000000000000000000000000000000000000000000000000000000000000000000000000000000000000000000000000000
000000000000000000000000000000011000011100000000000000000000000000000000000000000000000110000000000000000000000000000000000000000000000000000000000000
000000000000000110000000000000011000000000000000000000000000000000000000000000000000001001000000000000000000000000000000000000000000000000000000000000
000000000000001001000000000000000001000000000000000000000000000000000000000000000000000110000000000000000000000000000000000000000000000110000000000000
000000000000000110000000000000000001000000110000000000000000000000000000000000000000000000010000000000000000000000000000000000000000000110000000000000
000000000000000000000001100110000001000000110000000000000000000000000000000000000000000000101000000000000000000000000000000000000000000000000000000000
000000000000000000000001100110011000000000000000000000000000000000000000000000000000000001010000000000000000000000000000000000000000000000000000000000
000000000011000000000000000000011000001100000000000000000000000000000000000000000000000001100000000000000000010000000000000000000000000000000000000000
000000000101000000000000000000000000010010000000000000000000000000000000000000000000000000000000000000000000101000000000000000000000000000000000000000
000110000010000000000000000000000000001100000000000000000000000000000001100000000000000000000000000000000001001000000000000000000000000000001100000000
000110000000000000000000000000000000000000000000000000000000000000000010010000000000000000000000011000000000110000000000011000000000000000010010000000
000000000000000000000000000000000000000000000000000000000000000000000001100000000000000000000000100100000000000000000000011000000000000000010100000000
000000000000000000000000000000000000000000000000000000000000000000000000000000000000000000000000011000000000000000000000000000000000000000001000000000
000000000000000000000000000000000000000000000000000000000000000000000000000000000000000000000000000000000000000000000000000000000000000000000000000000
000000000000000000000000001100000000000000000000000000110000000000000000000000000000000000000000000000000000000000000000000000000000000000000000000000
000000000000000000000010001100000000000000000000000001000000000000000000000000000000000000000000000000000000000000000000000000000000000000000000000000
000000000000000000000010000000000000000000000000000010100000000000000000000000000000000000000000000000000000000000000000000000000000000000000000000000
000000000000000000000010000000000000000000000000000011000000000000000000000000000000000000000000000000000000000000000000000000000000000000000000000000
000000000000000000000000000000000000000000000000000000000100000000000000000000000000000000000000000000000000000000000000000000011000000011000000000000
000000000000000000111000111000000000000000000000000000001010000000000000000000000000000000000000000000000000000000000000000000100100000100100000000000
000000000000000000000000000000000000000000000000000000000110000000000000000000000000000000000000000000000000000000000000000000011000000011000000000000
000000000000000000000000000000000000000000000000000000000000000000000000000000000000000000000000000000000000000000000000000000000000000000000000000000
000000000000000000000000000000000000000000000000000000111000000000000000000000000000000000000000000000000000000000000000000000000000100000000000000000
000000000000001000000000000000000000000000000000000000101000000000000000000000000000000000000000110000000000000000000000000000000001010000000000000000
000000000000001000000000000000000000000000000000000001000100000000000000000000000000000000000000110000000000000000000000000000000001010000000000000000
000000000000001000000000000000000000000000000000000000100100000000000000000000000000000000000000000000000000000000000000000000000000100000000000000000
000000000001000001000000000000000000000001000000000000100100000000000000000000000000000000000000000000000000000000000000000000000000000000000000000000
000000000010100010100000000000000000000010100000000000000000000000000000000000000000000000000000000000000000000000000000000000000000000000000000000000
000000000010100010100000000000000000000010100000000000000000000000000000000000001100000000000000000000000000000000000000000000000000000000000000000000
000000000001000001000000000000000000000001000000000000000000000000000000000000001100000000000000000000000000000000000000000000000000000000010000000000
000000000000000000000000000000000000000000000000000000000000000000000000000000000000000000000000000000000000000000000000000000000000000000101000000000
000000000000000000000000111000000000000000000000000000000000000000000000000000000000000000000000000000000000000000000000000000000000000000101000000000
