000000000000000000000000000000000000000000000000000000000000000000000000000000000000000000000000000000000000000000000000000000000000000000010000000000
000000000000000000000000000000000000000000000110000000000000000000000000000000000000000000000000000000000000000000000000000000000000011100000000000000
000000000000000000000000000000000000000000000110000000000000000000000000000000000000000000000000011100000000000000000000000000000000000000000000000000
000000000000000000000000000000000000000000000000000000000000000000000000000000000000000000000000000000000000000000000011000000000000000000000000000000
000000000000000000000000000000000000000000000000000000000000000000000000000000000000000000000000000000000000000000000100100000111000000000000000000000
000000000000000000000000000000000000000000000000000000000000000000000000000000000000000000000000000000000000000000000010100000000000000000000000000000
000000000110000000000000000000000000000000000000000000000000000001100000000000000000000000000000000000000000000000000001000000000000000000000000000000
000000001001000000000000000000110000000000000000000000000000000001100000000000000000000000000000000000000000000000000000000000000000000000000000000000
000000001001000000000000000000110000000000000000000000000000000000000000000000000000000000000000000000000000000000000000000000000000000000000000000000
000000000110000000000000000000000000110000000000000000000000000000000000000000000000000000000000000000000000000000000000000000000000000000000000000000
000000000000000000000000000000000000110000000000011000000000000000000000000000000000000000000000000000000000000000000000000000000000000000000000000000
000000000000000000000000000000000000000000000000011000000000000000000000000000000000000000000000000000000000000000000000000000000000000000000000000000
000000000000000000000000000000000000000000000000000000000000000000000000000000000000000000000000000000000000000000000000000001110000000000000000000000
000000000000000000000000000000000000000000000000000000000000000000000000000000000000000000000001000000000000000000000000000000000000000000000000000000
000000000000000000000000000000000000000100000000000000000000000000000000000000000000000000000010100000000000000001100000000000000000000000000000000000
000000000011100000000000000000000000001010000000000000000000000000000000000000000000000000000010100000000000000001100000000000000000000000000000000000
000000000000011000000000000000000000001010000000000000000000000000000000000000000000000000000001000000000000000000000000000000000000000000000000000000
000000000100000100000000000000000000000100000000000000000000000000000000000000000000000000000000000000000000000000000000000000000000000000000000000000
000000000010001000000000000000000000000000000000000000000000000000000000000000000000000000110000000000000000000000000000000000000000000000000000000000
000000000001110000000000000000000011000000011000000000000000000000001000000000000000000001001000000000000000000000000000000000000000000000000000000000
000000000000000000000000000000000100100000100100000000000000000000010100000000000000000000110000000000000000000110000000000000000001000000000000000000
000000000000000011000000000000000011000000011000000000000000000000001000000000000000000000000000000000000000000110000000000000000011110000000000000000
000000000000000011000000000000000000000000000000000000000000000000000000000000000000000000000001000000000000000000000000000000000010001000000000000000
000000000000000000000000000000000000000100000000000000000000000000000000000001000000000000000010100000000000000000000000000000100011000100000000000000
000000000000000000000000000000000000001010000000000000000000000000000000000010100000000000000010100000000000000001000000010000101111010100000000000000
000000000000000000000000000000000000001010000000000000000000000000000000000010010000000000000001000000000000000001000000111000000010010110000000000000
000000000000000000000000000000000000000100000000000000000000000000000000000001100000000000000000000000000000000001000001110100100010110010000000000000
000000000000000000000000000000000000000000000000000000000000000000000000000000000000000000000000000000000000000000000000000010101000011110000000000000
000000000000000000000000000000000000000000000000000000000000000011000000000000000000000000000000000000000000000000000000010100010111111100000000000000
000000000000000000000000000000000000000000000000000000000000000011000000000000000000000000000000000000000000000000000000001000000000000000000000000000
000000000000000000000000000000000000000000000000000000000000000000000000000000000000000000000000000000000000000000000000000000000000000000000000000000
000000110000000000000000000000000010000000000000000000000000000000000000000000000000000000000000000000000000000000011100000000000010000000000000000000
000000110000000000000000000000000010000000000000001110000000000000000000000000000000000000000000000000000000000000010010000000000010111000000000000000
000000000000000000000000000000000010000000000000000000000000000000000000000000000000000011000000000000000011000000100000000000000000000000000000000000
000000000000000000000000000000000000000000000000000000011000000000000000000000000000000011000000000000000101000001000001000010000000000000000000000011
000000000000000000000000000000000000000000000000000000100100000000000000000000000000000000000000000000000010000000111010000101000000000000000000000011
000000000000000000000000000000000000011000000000000000011000000000000000000000000000000000000000000000000000000000010000000101000000000000000000000000
000000000000000000000000000000000000011000000000000000000000000000000000000000000000000000000000000000000000000000000000000010000000000000000000000000
000000000000000011000000000000000000000000000000000000000000000000000000000000000000000000000000000000000000000000000000000000000000000000000000000000
000000000000000011000000000000000000000000000000000000000000000000000000000000011100000000000000000000000000000000000000000000000000000000000000000000
000000000000000000100000000000000000000000000000000000000000000000000000000000001110000000000000000000000000000000000100000000000000000000000000000010
000000000000000000000000000000000000000000000000000000000000000000000000000000000000000000000000000000000000000000001010000000000000000000000000000111
100000000001111100000000100000000000000000000000000110000000000000000000000000000000000000000000000000000000000000001010000000000000000000000000001100
110000000010010010000011010000000000000000000000001001000000000000000000000000000000000010000000000000000000000000000100000000000000000000000000000000
010000100001000101000101100000000000000000000000001010000000000000000000000000000000000101000000000000000000000000000000000000000000000000000000011001
100001100011100010000011100000000000000000000000000100000000000000000000000000000000000011000000000000000000000011000000011000000000000000000000101101
000011000000000000001100000000000000000000000000000000000000000000000000000000000000000000000000000001000000000100100000100100000000000000000001000001
000010001010000000001001110000000000000001100000000000000000000000000000000000000000000000000110000010100000000011000000011000001100000000000000100000
000100101000001000001010001000000100000001100000000000000000000000000000000011100000000000000110000010100000000000000000000000001100000000000000100010
000010001000011000000101110000001010000000000000000000000000000000000000000000000000000000000000000001000000000000000100000000000000000000000000001010
000011000000010000001100001000000000000000000000000000000000000000000000000000000000000000000000000000000000000000001010000000000000000000000000000000
000000000000000000001101011000001000100000000000000000000000000000000000000000000000000000000000110000000000000000001010000000000000000000000000000000
000000000000000000000001011000000000010000000000000000000000000001100000000000000000000000000001001000000000000000000100000000000000000000000000000000
000000000000101000000000000000000000000000000000000000000000000001100110000000000000000000000000110000000000000000000000000000000000000000000000000000
000000000001101000000000000000011000001100000000000000000000011000000110000000000000000000000000000000000000000000000000000000000000000000000000000000
000000000001001000011000000000100000111110000000000000000000011000000000000000000000000000000000000000000000000000000000000000000000000000000000000000
000000000000011100011000010000110011001001000000000000000000000000000000000000000000000000000000000000000000000000000000000000000000000000000000000000
000000000000000100000100010000001100000110000000000000000000000000000000000001100000000000000000000000000000000000000000000000000000000000000000000000
000000000000000000000000101100001100000100000000000000000000000000000000000010010000000000000000000000001110000000000000000000000000000000000000000000
000000000000100011000011110100000001010000000000000000000000000000000000000001010000000000000000000000001001000000000000000000000000000000000000000000
000000000000100011000000110100000011110000000000000000000000000000000000000000100000000000000000000000001101000000000000000000000000000000000000000000
000000000000010011000000010100000000100000000000000000000000011000000000000000000000000000000000000000001110000000000000000000000000000000000000000000
000000000000001100000000000000000000000000000000000000000000011000000000000000000000000000000000000000011000000000000100000000000000000000000000010000
000000000000000000000000000000000000000000000000000000000000000000000000000000000000000000000000000000100100000000101010000000000000000000000000101000
000000000000000000000000000000000000000000000000000000000100000000000000000000000000000000000011100000011000000011100100000000000000000000000000010000
000000000000000000000000000000000000000000000000000000001010000000000000000000000000000000000010100000001000000001000000000000000000000000000000000000
000000000000000000000000000000000000000000000000000000011011000000000000110000000000000100000010100000000000000000000000000000000000000000000000000000
000000000000000000000000000000000001100000000000000000010100000000000000110000000000001010000000001000000000000000000000000000000000000000000000000000
000000000000000000000000000000000011101001010000000000110000000000000000000000000000000100000100001010000000000000000000000000000000000000000000000111
100000000000000000000000000000000110101001100000000000110000010000000000000000000000000000000100110011000000000000000000000000000000000000000000000011
000000000000000000000000000000000010000100000100000000110010010011000000000000000000000000001100011001100000000000000000000000001110000000000000000000
000000000000000000001110000000000001000111001000000000010010100000100000000000000000000000000000111000000000000000000000100000000000000000000000000000
000000000000000000000000000000000000000100101110000000000010111000110000000000000000000001110001110000000000000000000001010000000000000000000000000000
000000000000000000000000000000000000000000000110000000010000010001100000000000000000000001110011000000000000000000110100010000000001110000110000000000
000000000000000000000000000000000000000000000000000000110111111000000000000000011000000001110001110000000000000000000011100000000010010001001000000001
100000000000000000000000001100000000000000000010000000110011111010000000000000001100000000000000111000000000011000000001000000000100100111011000000010
100000000000000000000000011000000100000000000011100000110000100000000000000000010000000000001100011001100000100010000000000000000011000001000000000100
000000000000000000000000000100000010000000000010010000110001000000000000000000000000000000000100110011011100000011100000000000000000000100110000000011
000000000000000000000000000000000100001110010001111000000000000000000000000000000000000000000100001010001000010000100100000000000000000000110000000000
000000000000000000000000000000000000001110010000001110010000000000000000000000000000000000000000001000000111001111100110000000001000000001000000000000
000000000000000000000000000000000000000101001000001100010000000000000000000000000000000000000010100000000001110011001110000000101000000000000000000000
000000000000000000000000000000000001100000100000001100001000000000000000000000000000000000000010100000000011011100011100000011001000001100000000000000
000000000000000000000000000000000010110001000000001000001000000000000000000000001110000000000011100000000011001000011000000001100000011100000000000000
000000000000001000000000000000000001010001100000001110000000000000000000000000000000000000000000000000000001110000000000000000000000011000000000000000
000000000000010100000000000000000000000001101100001000010000000000000000100000000000000000000000000000000000100000000000000000000000011000000000000000
000000000000100100000000000000000000000000100110101000100000000000001001100000000000000000000000000000000000000000000000000011100000001000000000000000
000000000000011000000000000000000001010000000101110000100000000000001001000000000000000000000000000000000000000000000000000000000000000100000000000000
000000000000000000000000000000000001110000110100100000000000001010000000000000000000000000000000000000000000000000000000000000000000000000000000000000
000000000000000000000000000000000010000000110010000100000000100010000000000000000000000000000000000000000000000000000000000000000000000000000000000000
000000000000000011000000000000000010010000001100001010000001100000000000000000000000000000000000000000000000000000000000000000000000000000000000000000
000000000000000100100000000000000001010000000000011000000011000100000000000000000000000000000000000000000000000001100000000000000000000000000000000000
100000000000000011000000000000000001110001000000000000000001111100000001101100000000000000000000000000000000000001100000000000000000000000000000000000
100000000000000000000110001000001000000001000000000000000000110111000001101011000000000000000000000000000000000000000000000000000000000000000000000000
100000000000000000000110001000001000000001000000000000000000000111000000000000000000001000000000000001100000000000000000000000000000000000000000000000
000000000111000000000000001000001000000000000000000010000000000010000000000011000000010100000000000001100000000000000000000000000000000000000000000000
000000000000000000000000000000000000000000000000000101000000000000000000000011000000010100000000000000000000000000000000000000000000000000000000000000
100000000000000000000000000011100000000000000000000101000000000000000000000000000000001000000000000000000000000000000000000000000000000000000000000001
010000000000000000000000000000000000000000000000000010000000000000000001100011000000000000000000000000000000000000000000000000000000000000000000000010
100000000000000000000000000000000000000000000000000000000000000000000001110000000000000000000000000000000000000000000000000000000000000000000000000010
000000000000000000000000000000000000001100000000000000000000000000000000110000000000000000000000000000000000000000000000000000000000000000000000000001
000000000010000000000000000000000000001100000000000000000000000000000000010000000000100000000000000000000000000000000000000000000000000000000000000000
000000000101000000000000000000000000000000000000000000010100000000000000001000000001010000000000000000000000000000000000000000000000000001000000000000
000000000100100000000110000000000000000000000000000000001000000000000000011000001100000000000000000000000000000000001000000000000000000010100000000000
000000000011000000000110000110000000000000000000000000000000000000000000010010001001000011100000000000000000000000010100000000000000000001100000000000
000000000000000000000000000110000000000000000000000000000000000000000000011000000100100110000000000000000000000000100100000000000000000000000000000000
000000000000000000000000000000000000000000000000000000000000000000000000001000001011100110000000000000000000000000011000000000000000001100000000000000
000000000000000000000000000000000000000000000000000000000011100000000000000110011000000100000000000000000000000000000000000000000000010100000000000000
000000000000000000000000000000000000000000000000000000000011100000000000000010011000000000000000000000000000000000000000000000000000001000000000000000
000000000000000000000000000000000000000000000000000000111000000000000000000000000100010000000000000000000000000000000000000000000000000000000000000000
000000000100000000000000000000000000000000000000000000111000000000000011000000000000100000000000000000000000000000000000000000000000000000000000000000
000000001010000000000000000000000000000000000000000000000000000000000011000000000000000000000000000000000000000000000000000000000000000000000000000000
000000001010000000000000000000000000001100000000000000000000000000000000000000000000000000000000000000000000000000000000000000000000000010000000000000
000000000100000000000000001100000000001100000000000000000000000000000000000000000000000011000000000000000000000000000000000000000000000010000000000000
000000000000000000000000001100000000000000000000000000000000000000000000001000000000001000000000000000000000000000000000000000000000000010000000000000
000000000000000000000000000000000000000000000000000000000000000000000000111000000000000000001000000000000000000000000000000000000000000000000000000000
000000000000000000000000000000000001000000000000000000110000000000000001011000000000000001011000000000000000000000000000000000000000000000000000000000
000000000000000000000000000000000001000000000000000000110000000000000000000011100000010000000010000000000000000000000000000000000000000000000000001100
000000000011100000000000000000000001000000000000000000000000000000000000000011100000011000110010000000000000000000000000000000000000000000000000001100
000000000000000000000000000000000000000000000000000000000000100000000000000010010000001100011000000000000000000000000000000000000000000000000000000000
000000000000000000000000000000011000011100000000000000000001111000000000000001000000000000000000000000000000000000000000000000000000000000000000000000
000000000000000110000000000000011000000000000000000000000001000000000000001011000000000000000000000000000000000000000000000000000000000000000000000000
000000000000001001000000000000000001000000000000000000000011010000000000001100000000000000000000000000000000000000000000000000000000000110000000000000
000000000000000110000000000000000001000000110000000000000001011000000000000000000000000000000000000000000000000000000000000000000000000110000000000000
000000000000000000000001100110000001000000110000000000000000110000000000000000000000000000000000000000000000000000000000000000000000000000000000000000
000000000000000000000001100110011000000000000000000000000000100000000000000000000000000000000000000000000000000000000000000000000000000000000000000000
000000000011000000000000000000011000001100000000000000011000111000000000000000000000000000000000000000000000010000000000000000000000000000000000000000
000000000101000000000000000000000000010010000000000000010110111101000000000001100000000000000000000000000000101000000000000000000000000000000000000000
000110000010000000000000000000000000001100000000000000001101100001000011000001100000000000000000000000000001001000000000000000000000000000001100000000
000110000000000000000000000000000000000000000000000000001001111111000100100000000000000000000000000000000000110000000000011000000000000000010010000000
000000000000000000000000000000000000000000000000000000111001000100000011000000000000000000000000000000000000000000000000011000000000000000010100000000
000000000000000000000000000000000000000000000000000000011010100000000000000000000000000000000000000000000000000000000000000000000000000000001000000000
000000000000000000000000000000000000000000000000000000011011100000000000000000000000000000000000000000000000000000000000000000000000000000000000000000
000000000000000000000000001100000000000000000000000000000010000000000000000000000000000000000000000000000000000000000000000000000000000000000000000000
000000000000000000000010001100000000000000000000000000000000001000000000000000000000000000000000000000000000000000000000000000000000000000000000000000
000000000000000000000010000000000000000000000000000000000000010100000000000000000000000000000000000000000000000000000000000000000000000000000000000000
000000000000000000000010000000000000000000000000000000000000010100000000000000000000000000000000000000000000000000000000000000000000000000000000000000
000000000000000000000000000000000000000000000000000000000000001000000000000000000000000000000000000000000000000000000000000000011000000011000000000000
000000000000000000111000111000000000000000000000000000000000000000000000000000000000000000000000000000000000000000000000000000100100000100100000000000
000000000000000000000000000000000000000000000000000000000000000000000000000000000000000000000000000000000000000000000000000000011000000011000000000000
000000000000000000000000000000000000000000000000000000000000000000000000000000000000000000000000000000000000000000000000000000000000000000000000000000
000000000000000000000000000000000000000000000000000000000000000000000000000000000000000000000000000000000000000000000000000000000000100000000000000000
000000000000001000000000000000000000000000000000000000000000000000000000000000000000000000000000110000000000000000000000000000000001010000000000000000
000000000000001000000000000000000000000000000000000000000000000000000000000000000000000000000000110000000000000000000000000000000001010000000000000000
000000000000001000000000000000000000000000000000000000000000000000000000000000000000000000000000000000000000000000000000000000000000100000000000000000
000000000001000001000000000000000000000001000000000000000000000000000000000000000000000000000000000000000000000000000000000000000000000000000000000000
000000000010100010100000000000000000000010100000000000000000000000000000000000000000000000000000000000000000000000000000000000000000000000000000000000
000000000010100010100000000000000000000010100000000000000000000000000000000000001100000000000000000000000000000000000000000000000000000000000000000000
000000000001000001000000000000000000000001000000000000000000000000000000000000001100000000000000000000000000000000000000000000000000000000010000000000
000000000000000000000000000000000000000000000000000000000000000000000000000000000000000000000000000000000000000000000000000000000000000000101000000000
000000000000000000000000111000000000000000000000000000000000000000000000000000000000000000000000000000000000000000000000000000000000000000101000000000
