000000000000000000000000010000000000000000000000000000000000000000000000000000000000000000000000000000000000000000000000000000000000001000010000000000
000000000000000000000000000000000000000000000110000000000000000000000000000000000000000000000000001000000000000000000000000000000000001000000000000000
000000000000000000000000000000000000000000000110000000000000000000000000000000000000000000000000001000000000000000000000000000000000001000000000000000
000000000000000000000000000000000000000000000000000000000000000000000000000000000000000000000000001000000000000000000011000000010000000000000000000000
000000000000000000000000000000000000000000000000000000000000000000000000000000000000000000000000000000000000000000000100100000010000000000000000000000
000000000000000000000000000000000000000000000000000000000000000000000000000000000000000000000000000000000000000000000010100000010000000000000000000000
000000000110000000000000000000000000000000000000000000000000000001100000000000000000000000000000000000000000000000000001000000000000000000000000000000
000000001001000000000000000000110000000000000000000000000000000001100000000000000000000000000000000000000000000000000000000000000000000000000000000000
000000001001000000000000000000110000000000000000000000000000000000000000000000000000000000000000000000000000000000000000000000000000000000000000000000
000000000110000000000000000000000000110000000000000000000000000000000000000000000000000000000000000000000000000000000000000000000000000000000000000000
000000000000000000000000000000000000110000000000011000000000000000000000000000000000000000000000000000000000000000000000000000000000000000000000000000
000000000000000000000000000000000000000000000000011000000000000000000000000000000000000000000000000000000000000000000000000000100000000000000000000000
000000000000000000000000000000000000000000000000000000000000000000000000000000000000000000000000000000000000000000000000000000100000000000000000000000
000000000000000000000000000000000000000000000000000000000000000000000000000000000000000000000001000000000000000000000000000000100000000000000000000000
000000000000000000000000000000000000000100000000000000000000000000000000000000000000000000000010100000000000000001100000000000000000000000000000000000
000000000000000000000000000000000000001010000000000000000000000000000000000000000000000000000010100000000000000001100000000000000000000000000000000000
000000000000000000000000000000000000001010000000000000000000000000000000000000000000000000000001000000000000000000000000000000000000000000000000000000
000000000000000000000000000000000000000100000000000000000000000000000000000000000000000000000000000000000000000000000000000000000000000000000000000000
000000000000000000000000000000000000000000000000000000000000000000000000000000000000000000110000000000000000000000000000000000000000000000000000000000
000000000000000000000000000000000011000000011000000000000000000000001000000000000000000001001000000000000110000000000000000000000000000000000000000000
000000000000000000000000000000000100100000100100000000000000000000010100000000000000000000110000000000000101000000000000000000000000000000000000000000
000000000000000011000000000000000011000000011000000000000000000000001000000000000000000000000000000000000011000000000000000000000000000000000000000000
000000000000000011000000000000000000000000000000000000000000000000000000000000000000000000000001000000000000110000000000000100000011000000000000000000
000000000000000000000000000000000000000100000000000000000000000000000000000001000000000000000010100001100000101000000000001110000011000000000000000000
000000000000000000000000000000000000001010000000000000000000000000000000000010100000000000000010100001010000010000000000011011000000000000000000000000
000000000000000000000000000000000000001010000000000000000000000000000000000010010000000000000001000000110000000000000000101100000000000001000000000000
000000000000000000000000000000000000000100000000000000000000000000000000000001100000000000000000000000001100000000000000101000000000000001000000000000
000000000000000000000000000000000000000000000000000000000000000000000000000000000000000000000000000000001010000000000000001000110000000001000000000000
000000000000000000000000000000000000000000000000000000000000000011000000000000000000000000000000000000000110000000000001101000101000000000000000000000
000010000000000000000000000000000000000000000000000000000000000011000000000000000000000000000000000000000000000000000010001100011100011100011100000000
000101000000000000000000000000000000000000000000000000000000000000000000000000000000000000000000000000000000000000000011000100001100000000000000000000
000100100000000000000000000000000000000000000000000100000000000000000000000000000000000000000000000001100000000000000000111000101000000001000000000000
000011000000000000000000000000000111000000000000000100000000000000000000000000000000000000000000011110100000000000000000000000110000000001000000000000
000000000000000000000000000000000000000000000000000100000000000000000000000000000000000001000000011100100000000000000000000000000000000001000000000000
000000000000000000000000000000000000000000000000000000011000000000000000000000000000000001000100000000000000000000000000000000000000000000000000000010
000000000000000000000000000000000000000000000000000000100100000000000000000000000000000000001001000000000000000000000000000000000000000000000000000101
000000000000000000000000000000000000011000000000000000011000000000000000000000000000000000000101000000000000000000010000000000000000000000000000000101
000000000000000000000000000000000000011000000000000000000000000000000000000000000000000000010000100000000000000000010000000000000000000000000000000010
000000000000000000000000000000000000000000000000000000000000000000000000000000001000000000011001000000010100000000010000000000000000000000000000001010
000000000110000000000000000000000000000000000000000000000000000000000000000000010010000000000001000000010000000000000000000000000000000000000000001110
000000001001000000000000000000000000000000000000000000000000000000000000000000010010000000000000000000110110000000000000000000000000000000000000001010
100000000110000000000000000000000000000000000000000000000000000000000000000000000100000000000000000000000011000000000000110100000000000000000000000101
011000000000000000000000000000000000000000000000000110000000000000000000000000000000000000000000000000011000000001110000010010000000000000000000000111
110000000000000000000000000000000000000000000000001001000000000000000000000000000000000010000000000000001000000001111111001010000000000101000000000110
000000000000000000000000000000000000000000000000001010000000000000000000000000000000000101000000000000001000000110101101001000100000000011100001000000
000000000000000000000000000000000000000000000000000100000000000000000000000000000000000011000000000000000000000110001000000000001000000001100001100000
000000000000000000000000000000000000000000000000000000000000000000000000000000000000000000000000000000000000000110100110001001001000010000000010010000
000000000000000000000000000000000000000001100000000000000000000000000000000001000000000000000000000000000000000001000001100110110000011000001101100000
000000000000000000000000000000000000000001100000000000000000000000000000000001000000000000000000000000000000000000000000111001000000001000001111000000
000000000000000000000000000000000000000000000000000000000000000000000000000001000000000000000000000000000000000000000000110001000000111000011100000000
000000000000000000000000000000000001110000000000000000000000000000000000000000000000000000000000000000000000000000000001111110000000110000110000000000
000000000000110000000000000000000000000000000000000000000000000000000000000000000000000000000110000000000001100000001001110000000001100000100000000000
000000000000110000000000000000000000000000000000000000000000000001100000000000000000000000000110000000000001100000011100000000000000101011000000000000
000000000000000000000000000000000000000000000000000000000000000001100110000000000000000000000000000000000000000000001100000000000000011001000000000000
000000001110000000000000000000000000000000000000000000000000011000000110000000000000000000000000000000000000000000000000000000000000000110001000000000
000000000000000000000000000000000000000000000000000000000000011000000000000000000000000000000000000000000000000000000000000000000000000000011100000000
000000000000000000000000000011000000000000000000000000000000000000000000000000000000000000000000000000000000000000000000000000000000000000010010000000
000000000000000000000000000100100000000000000000000000000000000000000000000001100000000000000000000000000000000010000000000000000000000001010110000000
000000000000000110000000000011000000000000000000000000000000000000000000000010010000000000000000000000000000000101000000000000000000000010100001000000
000000000000000110000000000000000000000000000000000000000000000000000000000001010000000000000000000000000000001101100000010000000000000001000101000000
000000000000000000000000000000000000000000000000000000000000000000000000000000100000000000000000000000000000101000100000011000000000000000001110000000
000000000000000000000000000000000000000000000000000000000000000000000000000000000000000000000011000000000001011001100000000000000000000000000000000000
000000000000000000000000000000000000000000000000000000000000000000000000000000000000000000000111000000000011011000000001001000000000000000000000000000
000000000000000000000000000000000000000000000000000000000000000000000000000000000000000000100010100000000001011000000000101000000000000110010000000000
000000000000000000000000000000000000000000000000000000000000000000000000000000000000111000111000110000000001100100000000111100000000000110101000100000
000000000000000000000000001000000000000000000000000000000000000000000000000000000000000000010000010000000001101100000000000000000000000000000100111000
000000000000000000000000010100000000000000000000000000000000000000000000000000000000000001110000001000000000101100000000000000000000000011011000101000
000000000000000000000000000000000000000000000000000000000000000000000000000000000000000010010000001110000000010000000000000000000000000000010000010000
000000000000000000000000011100000000000000000000000000000000100000000000000000000000000010001110001110000000000000000000000000000000000100100000110000
000000001100001100000000000000000000000000000000000000000001010000000000000000000000000001010011000110000000000000000000000001100000000100100000100000
000000001100001100000001010000000000000000000000000000000001100000000000000000000000000000100000010000000000000000000000000001100000000010000001010000
100000001010001100000000010000000000000000000000000000000000000000000000000000000000000000000001000100000000000000000000000000000000000000000011011001
000111000110000000000000110000000000000000000000000000000000000000011000000000000000000000000001001000000000000000000000000000000000000000000011010001
000000000000000000000010100000000000110000000000000000000000000000011000000000000000000000000000111000000000000000000000000000000000000010000111010010
000000000000000001010010100001100000110000000000000000000000000000000000000000000000000000000000000000000000000000000000000000000000000010000110111100
000000000000000000110011100001100000000000000000000000000000000000000000000000000000000000000000000000000000000000000000000000000000000010100011100000
000000000000000000011000000000000000000000000000000000000000000000000000000000000000000000000000000000000000000000000000000000000000000001100001000000
000000000000000000111000010000000000000000000000000000000000000000000000000000000000000000000000100000000110000000011000000000000000000000000000000000
000000000000000000000000100000000000000000000000000000000000000000000000000000000000000000000011011000001111000000011000000000000000000000000000000000
000000000000000000000000010000000000000000000000000000000000000000000000000000000000000000000000100000010010000000000000000000000000000000000000000000
000000000000000000000010000000111000000000000000000000000000000000000000000000000000000000000000000000100000000000000000000000000000000000000000000000
000000000000000000000010110000101000000000000000000000000000000000000000000000000100000000000000000000010100000000000000000000000000000000000000000000
000000000000000000000100000010001000000000000001000000000000011100000000000000000100000000000000000000001000000111000000000000000000000000000000000000
000000000000000000000011111111000000000000000001000000110000000000000000000000000100000000000000000000010001110001000000000000000000000000000000000000
000000000000000000000011011111001110000000000001000001001000000001000000000000000000000000000000000001101111110001000000000110000000000000000000000000
000000000000000000000000000000010001000000000000000000110000000001000000000000000000000000000000000110000111100000000000000101000000000000000000000000
000000000000000000000000000000100011000000000000000000000000000001000000000000000000000000000000000100111000011000000000000010000000000011000000000000
001100000000000000000000000001000000000000000000000000000000000000000000000000000000000000000000000101000011110000000000000000000000000011000000000000
001010000000000000001110000001001000000010000000000000000000011100000000000000000000000000000000000010000011100000000000000000000000000000000000000000
000101000000000000000000000001000000000110000000000000000000000000000000000000000000000000000000000000000011100110000100000000000000000000000000000000
000010000000000000000000000000100011001010000000000000000000000000000000000000000000000000000000000000000000001001000100000000000000000000000001100000
000000000000000000000000000000010001001100000000000000000000000000000000000000000000000000000000000000000000000110000000000000000000000000000010010000
000000000000000000000000000000001110000000000000000000000000000000000000000000000000000000000110000000000000000000000000000000000000000000000010100000
000000000010000000000000000000000000000000110000000000000000000000000000000000000000000000000110000000000010100000000000000000000000000000000001000000
000000000010000000000000000000000000000001100000000000000000000000000000000000000000000000000000000000000000000000000000000000000000000000000000000000
000000000010000000000000000000000000000000000000000000000000000000000000000000000000000000000000000000001001001000000000000000000000000000000000000010
000000000000000000000000000000000000100000000000000000000000100000000000000000000000000000000000000000001111111000000000000000000000000000000000000101
000000000000000000000000000000000001110000000000000000000001010000000000000000000000000000000000000000000000000000000000000000000000000000000000000101
000000000000000000000000000000000011011000000000000000000001010000000000000000000000000000000000000000001010101000000000000000000000000000000000000010
000000000000000000000000000000000001110000000000000000000000100000000000000000000000000000000000000000000100010000000000000000000000000000000000000000
001100000010000000000000000000000000100000000000000000000000000000000000000000000000000000000000001000000000000000000000000000000000000000000001100000
010010000101000000000000000000000000000000000000000000000000000000000000000000000000000000000000111100000000000000000000000000000000000001000010010000
001100000100100000000110000000000000000000000000000000000000000000000000000000000000000000000000100000000000000000000000000000000000000010100001100000
000000000011000000000110000110000000000000000000000000000000000000000000000000000000000000000000011000000000000000000000000000000000000001100000000000
000000000000000000000000000110000000000000000000000000000000000000000000110000000000000000000000011100000000000000000000000000000000000000000000000010
000000000000000000000000000000000000000000000000000000000000000000000001010000000000000000000000100100110000000000000000000000000000001100000000000101
000000000000000000000000000000000000000000000000000000000000000000110001100000000000000000000000101001011000000000000000000000000000010100000000000101
000000000000000000000000000000000000000000100000000000000000000000000000000000000000000000000000001001010000000000000000000000000000001000000000000010
000000000000000000000000000000000000000000010000000000000000000010001000000000000000000000000001110000100011000000000000000000000000000000000000000000
000000000100000000000000000000000000000100001000000000000000000010000000000000000000000000000000110000000011000000000000000000000000000000000000000000
000000001010000000000000000000000000000000000000000000000000000100001110000000000000000000000100100000000000000000000000000000000000000000000000000000
000000001010000000000000000000000000000000000010000000000000000110110110000000000000000000000100000000000000000000000000000000000000000000000000000000
000000000100000000000000001100000000000010000001000000000000000110000000000000000000000000000100010000000000000000000000000000000000000111000000000000
000000000000000000000000001100000000000000011010000000000000000110000000000000000000000000000010010000000000000000000000000000000000000000000000000000
000000000000000000000000000000000000000000000100000000000000000110000000000000000000000000000001110000000000000000000000000000000000000000000000000000
000000000000000000000000000000000000000000000000000000110000000000000000000000000000000000000000000000000000000000000000000000000000000000000000000000
000000000001000000000000000000000011100000000000000000110000000000000000000000000000000000000000000000000000000000000000000000000000000000000000001100
000000000001000000000000000000000000000000000000000000000000000000000000000000000000000000000000000000000000000000000000000000000000000000000000001100
000000000001000000000000000000000000001000000000000000000000000000000000000000000000000000000000000000000000000000000000000000000000000000000000000000
000000000000000000000000000000011000001000000000000000000000000000000000000000000000000110000000000000000000000000000000000000000000000000000000000000
000000000000000110000000000000011000001000000000000000000000000000000000000000000000001001000000000000000000000000000000000000000000000000000000000000
000000000000001001000000000000000000000000000000000000000000000000000000000000000000000110000000000000000000000000000000000000000000000110000000000000
000000000000000110000000000000000011100000110000000000000000000000000000000000000000000000010000000000000000000000000000000000000000000110000000000000
000000000000000000000001100110000000000000110000000000000000000000000000000000000000000000101000000000000000000000000000000000000000000000000000000000
000000000000000000000001100110011000000000000000000000000000000000000000000000000000000001010000000000000000000000000000000000000000000000000000000000
000000000011000000000000000000011000001100000000000000000000000000000000000000000000000001100000000000000000010000000000000000000000000000000000000000
000000000101000000000000000000000000010010000000000000000000000000000000000000000000000000000000000000000000101000000000000000000000000000000000000000
000110000010000000000000000000000000001100000000000000000000000000000001100000000000000000000000000000000001001000000000000000000000000000001100000000
000110000000000000000000000000000000000000000000000000000000000000000010010000000000000000000000011000000000110000000000011000000000000000010010000000
000000000000000000000000000000000000000000000000000000000000000000000001100000000000000000000000100100000000000000000000011000000000000000010100000000
000000000000000000000000000000000000000000000000000000000000000000000000000000000000000000000000011000000000000000000000000000000000000000001000000000
000000000000000000000000000000000000000000000000000000000000000000000000000000000000000000000000000000000000000000000000000000000000000000000000000000
000000000000000000000000001100000000000000000000000000110000000000000000000000000000000000000000000000000000000000000000000000000000000000000000000000
000000000000000000000000001100000000000000000000000001001000000000000000000000000000000000000000000000000000000000000000000000000000000000000000000000
000000000000000000000111000000000000000000000000000010100000000000000000000000000000000000000000000000000000000000000000000000000000000000000000000000
000000000000000000000000000000000000000000000000000011000000000000000000000000000000000000000000000000000000000000000000000000000000000000000000000000
000000000000000000010000010000000000000000000000000000000100000000000000000000000000000000000000000000000000000000000000000000011000000011000000000000
000000000000000000010000010000000000000000000000000000001010000000000000000000000000000000000000000000000000000000000000000000100100000100100000000000
000000000000000000010000010000000000000000000000000000000110000000000000000000000000000000000000000000000000000000000000000000011000000011000000000000
000000000000000000000000000000000000000000000000000000000000000000000000000000000000000000000000000000000000000000000000000000000000000000000000000000
000000000000000000000000000000000000000000000000000000010000000000000000000000000000000000000000000000000000000000000000000000000000100000000000000000
000000000000000000000000000000000000000000000000000000111000000000000000000000000000000000000000110000000000000000000000000000000001010000000000000000
000000000000011100000000000000000000000000000000000000100100000000000000000000000000000000000000110000000000000000000000000000000001010000000000000000
000000000000000000000000000000000000000000000000000000111100000000000000000000000000000000000000000000000000000000000000000000000000100000000000000000
000000000001000001000000000000000000000001000000000000011000000000000000000000000000000000000000000000000000000000000000000000000000000000000000000000
000000000010100010100000000000000000000010100000000000000000000000000000000000000000000000000000000000000000000000000000000000000000000000000000000000
000000000010100010100000000000000000000010100000000000000000000000000000000000001100000000000000000000000000000000000000000000000000000000000000000000
000000000001000001000000000000000000000001000000000000000000000000000000000000001100000000000000000000000000000000000000000000000000000000010000000000
000000000000000000000000010000000000000000000000000000000000000000000000000000000000000000000000000000000000000000000000000000000000000000101000000000
000000000000000000000000010000000000000000000000000000000000000000000000000000000000000000000000000000000000000000000000000000000000000000101000000000
