110000000011000000000011000000000110000000000000000000000000000000000000000000000000000000000000000000000000000000000110000001001000000000000000000110
100000000001000000000000000000000000000000000000000000000000000000000000110000000000000000000000000000000000000000000110011100101100000000000000000011
000000000000000000000000000000000000000000000000000000000000000000000000110000000110000000000000001110011000000000000110001000100010000000000000000001
000000000000010000000000000000000110000000000000000000000000000000000000000000001000000000000000000001001000011110000110010111110001000000000000000000
000000000001100000000000000000001001000000000001000000000000000000000000000000000001000000000000000000011000111111001110011001010010000000000000000000
000000000000000000000000000000010000000000000001000000100000000000000000000000000110000000000000000001010001101000001101101000000010000000000000000000
000000000000000000000000000000110000000000000001000000100000000001100000000000000000000000000000100011100011001100011111010001100100000000000011010000
000000000000000000000000000001100000100000000000000000100000000001100000110000000000000000000000010000000001010101001000001000000010000000000100000000
000000000000000000000000000000101000110000000000000000000000000000000000110000000000000000000000000000000000000100001000000011000100000000001011000000
010000000000000000000000000000011000000000000000000000000000000000000000000000000000000000000000000000100100001100000100000001011000000000000100010000
011000000000000000000000001100000000000000000000000000000000000000000000000000000000000000000000000000011000000000101000000000000000000000000000001000
000000000000000000000000010010000000000000000000000000000000000000000000000000000000000000000000000000011010100000010000000000000011000000010000000000
111000100000000000000000001100000000000000000000000000000000000000000000110000000000000000000000110000000001000000000000000000001001000000010100000111
000001010000000000000000000000000000000000000000000000000000000000000000110000000000000000000000110000000010000000000000000000001001000000010110000110
000011010000000000000000000000000000000000000000000000000000000000000000000000000000000000000000000000000101000000000000000000001010000000010100000000
000001000100000000000000000000000000000000000000000000000000000000000000000000000000000000000000000000001001000000000000000000000000000000011000000000
000001000100000000000000000000000000000000000000000000000000000000000000000001100000000000000000000000001010011000000000000000000000000000000000000000
000000000000000000000000000000000000000000000000000000000000000000000010000001100000000000000000000000011101111100000000000000000000000000000000000000
111100000000000000000000000000000000000000000000000000000011000000000101000000000000000000000000000000001010000000000000000000000000000000000000000000
111000000000000000000000000000000000000000000000000000000011000000000100100000000110000000000000000000000100000010000000000000000000000000000000000000
010000010010000000000000000000000000000000000000000000000000000000000011000000001010000000000000000000000000100010000000000000000000000001000000000000
000000001000000000000000000000000000000000000000000000000000000000000000000000001000000000000000000000000010000001000000000000000110000010100000000000
001010010000000000000000000000000000000000001100000000000000000000000000000000001011101000000000000000000100011010000000000000000110000100010000000000
111111110100000000000000000000000000000000001100000000000000000000000000000000001000101000000000000000011100101100000000000000011100000010100000000000
110110110100000000000000000000000000000000000000000000000000000000000000000000000110100000000011000111011000111000000000000000011000000001000000000000
110110000000000000000000000000000000000000000000000000000000000000000000000100001110000000000011000000000110000000000000000000000100000000001100000000
011100001000000000000000000000000000000000000000000000000000000001001000001011101000000000000000000000001000110000000000000011111000000000010010000000
001000001000000000000000000000000000000000000000000000000000000100001100000111010000000000000000000000000000100000110000000010010000000000001100000000
000000000000000000000000000000000000000000000000000000000000000000000100000100010000000000000000000000001110000000110000000010000000000000000000000000
000000000000000000000000000000000000000000011000000000000000000001101100000011000000000000000000000000000000000000000000000001001000000000000000000000
000000000000000000000000000000011000000000011000000000000000000001101100000011000000000000000000000000000000000000000000000000111000000000000000000000
000000000000000000000000000000011000000000000000000000000000000000010000000000000000000000000000000000000000000000000000000000000000000000000000000000
000000000000000000000000000000000000000000000000000000000000000000000000000001000000000000000000000000000000000000000000000000000000000000000000000000
000000000000000000000000000000000000000000000000000000000000000000000000000011100000011000000000000000000000001000000000000000000000000000000000000000
000000000000000000000000000000000000000000000000000000000000000000000000000110110001100100000000000000000000001011100000000000000000000000000000000000
000000000000000000000000000000000000000000000000000000000000000000000000000011100010000110000000000000000000000000000000000000000000000000000000000000
000000000000000000000000000000000000000000000011000000000000000000000000000001000010010010001110000000000000000010000000000000000000000000000000000110
000000000000000000000000000000000000000000000100100000000000000010000000000000000011100011001110000000000000000010000000000000000000000000000000001001
000000000000000000000000000000000000000000000011000000000000000010000000000000000000000001110001100000001110000001000000000000000000000000000000000110
000000001100000000000000000000000000000000000000000000000000000010000000000000000000000001111011100000100001101101000000000000000000000000000000000000
000000001100000000000000000000000000000000000000001100000000000000000000000000000000000000111001100000100001000110000000000000000000000000000000000000
000000000000000000000000000000000000000000000000010010000000111000111000000000000000000000000000000001000001100000000000000000000000000000000000000000
000000000000000000000000000000000000000000011000001100000000000000000000000000000000000000000000000000111001000000000000000000000000000000000000000000
000000000000010000000000000000000000000000100000000000000000000010000000000000000000000000000000000000001110000000000000000000011000000000000000000000
000011100000101000100100000000000000000000101000000000000000000010000000000000000000000000001000000000000100000000001100000000011000000000000000000000
000000000001101101001110000000000000000001101000000000000000000010000000000000000000000000001100011100000000000000000100000000000000000000000000000000
000000000001000101000111000000000000000001001000000000000000000000000000000000000000000000001000010100000000000000000000000000000000000000000000000000
000000000001000101110000000000000000000000111000000000000000000000000000000000000000000000000000100001000000000000000000111000000000000111100000000000
000000011001101101100001001000000000000000110000000000000000000000000010000000000000000000000000100011000000000000110000000000000011001000010000000000
000000100100101001110011001000000000000000000000000000000000000000000101000000000000000000000000000010000000000000001000011000000011001001110000000000
000000011000010000110000000000000000000000000000000000000000000000000110000000000000000000000000000000000000000010001000110000000000001100010000000000
000000000000000000011000000000000000000110110000000000000000000000000000000000000000000000000000110000000000000010000001100000000000000011100000000000
000000000000000000000000000000000000010010111000000000000000000000000000000000000000000000000000000000000011110001010001001000000000000011000000000000
000000000000000000000000000000000000011110001000001100000000000000000000000000000000000000000000000000000011111110110000101000000000000001011000000000
000000000000000000000000000000010000000001100000001100000000000000000000000000000000000000000000000000000101000111000000011000000000000001001000000000
001000000000000000000000000000101000000000000000000000000000000000000000000000000000000000000000000000000100110000000000011100000000000000001000000000
100010000000000100000000000000100100000000000000000000000000000000000011000011011100000000000000000000010101011001000000011100000001100100000000000000
000010000000000011000000000000011000000000000000000000000000000000000010000001011100000000000000000000100011111111000000100010000001001000100000000001
000010000000000110000000000000000000000000000000000000000000000000000011000011000000000000000000000000011100100000000000000000000000100011110000000001
000000000000000000000000000000000000000000000000000000000000000000000000000000000000000000000000000000000100000000000000000000000000000000000000000000
000010000111000000000000000000000000000000000000000000000000000000000000000000000000000000000000000000000000000000000000000000000000011000000000000001
000000000000000000000000000000011100000000000000000000000000000000000000000000000000000000000000000000000000000000000000000000000000000000000000000000
000000100000000000000001100000000000000000000000000000000000000000000000000000000000000000000000000000000000000000000000000110000000000000000000000110
101100100000000000000010010000000000000000000000000000000000000000000000000000000001100000000000000000000000000000000000000110000000000000000000010001
100000000000000000000001010000000000000000000001110000000000000000000000110000000010010000000000000000000000000011000000000000000000000000000000010000
000000000000000000000000100000000000000000000000000000000000000000000001001000000010100000000000000000000000000001100000000000000000000000000000010001
000000000000000000000000000000000000000000000000000000000000000000000000101000000001000000000000000000000000001010100000000000000000000000000000000100
000000000000000000000000000000000000000000000000000000000000000000000000010000000000000000000000000000000000000010010000000000000000000000010000101000
000000000011000000001100000000000000000000000000000010010000000000001010000000000000000000000000000000000000000100100000000000000000000000101000010000
000000100010100000010010000000000000000000000000000010000000000000001001000000000000000010000000000000000000000001000000000000000000000001000000000000
000011110001100000010100000000000000000000000000001010101100000000011001100000000000000101000000000000000000000000000000000000000000000000001000000000
000100001000000000001000000000000000000000000000000000111011000000001000100000000000000011000000000000000000000000000000000000000000000111110000000000
001001110100000000000000000000000000000000000011000000000101000000000100100000000000010100000000000000000000000010000000000000000000001111100000000000
001001110000000000000000000000000000000000000010000000110101000000000100000000000000101100000000000000000000001110000000000000000000010100000000000000
001110000000000000000000000000000000110000000000000000001000000000000000100000000000011000000000000000000000010010000000000000000000011010110000000000
000100000110000000000000000000000000110000000000000000010000000000000100010000011000000000001000100000000000000000000000111100000000001010100000000000
000111000000000000000000000000000000000000000000000000000000000000001000110001101000000000001011100000000001000000000001010100000000000010000000000000
001001000000000000000000000000000000000000000000000000000000000000001010000010000000000000000000000000000001001000000001011000010000000000000000000000
001001000000000000000000000000000000000000000000000000000000000000011100000110110000000000001000000000001110001000000000100000101000000000000000000000
000010000000000000000000000000000000000000000000000000000000000000010100000110000000000000000000000000000001000000000000000000100100000000000000000000
001110000001000000000000000000000000000000000000000000000000000000011000000110000000000000000000000000000001001000000000000000011000000000000000000000
001000110000100000000000010000000000000000000000000000000000000000001000000010110000000000000100100000000001101100000000000000000000000000000000000000
010100100011101100000000100100000000000000000000000000000000000000000000000010101000000000000000100000000000101000000000000000000000000000000000000000
011000111000011100000000011000000000000000000000000000000000000000000000000001111000000000000001100000000000010000000000000000000000000000000000000000
000000000000011000000000000000000000000000000000000000000000000000000000001100000000000000000101000000000000000000000000000000000001100000000000000000
000000000000100000000000000000000000000000000000000000000000000000000000001000000000000000000110000000000000000000000000000000000001100000000000000000
000000000000000000000000000000000000000000000000000000000000000000110000000000000000000000000000000000000000000000000000000000000000000000000000000000
000000000000110010000000000000000000000000000000000000000000000000110000000000000000000000000000011000000000000000000000000000000000000000000000000000
000000000000111011000000000000000000000000000000000000000000000000000000000000000000000000110000100100000000000000000000000000000000000000000000000000
000000000000111000100000000000000000000000000000000000000000000000000000000000000000000010110000011000000000000000000110000000000000000000000000000000
000000000000000001110000000000000000000000000000000000000000011100000000000000000000001011100000000000000000000000000110000000000000000000000000000000
100000000000000101000000000000000000000011000000000000000000000000000000000000000000000110000000000000000000000000000000000110000000000000000000000010
100000000010000000000000000001100000000011000000000000000000000000000000000000000000000000000000000000000000000000000000000101000000000000000000000010
000110000101000001000000000001100000000000000000000000000000000000000000000000000000000000000000000000000000000000000000000101000000000000000000000010
001011001110000101000000000000000000000000000000000000000000000000000000000000000000000000000000000000000000000000000000110001000000000000000000000000
000111001100000101000000000000000000000000000000000000000000001100000000000000000000000000000000000000000000000000000000110011010000000000000010000000
000101111100000000000000000000000000000000000000000000000000001100000000000000000000000000000000000000000000000000000000000001010000000000000011100000
000011000100000000000000000000000000000000000000000000000000000000000000000000011100000000000000000000000000000000000000000011010110000000000001010000
000000011000001100000000000000000000000000000000000000000000000000000000000000000000000000000000000000000010000000000000000001010110000000000000111000
000011010000011100000000000011100000000000000000000000000000000000000000000000000011000000000000000000000101000000000000000000110010000000000011101000
000000000000011101000000000000000000000000000000000000000000000000000000000000100001000000000000000000000011000000000000000000001100000000000111101000
000000000000101010110000000000000000000000000011000000000000000000000000000000000001000000000000000100000000000000000000000000000000000000000100110000
000000000001100000111000000000000000000000000011000000000000000000000000000000010010000000000000001010000000000000001000000000000000000000000000011000
000000000000101000001100000000000000000000000000000000000000000000000000000000011000000000000000001001000000000000010100000000000000000000000000011000
000000000000011100010010000000000000110000000000000000000000000000000000000000100000000000000000000110000000000000100100000000000000000000000011010000
000000000000001000100100000000000000110000000000000000000000000000000000001101010000000000000000000000000000000000011000000000000000000000000001110000
000000000000000000010100000011000000000000000000000000000000000000000000011101010000000000000001000000000000000000000000000000000000000000000000100000
000000000000000000000000000100100000000000000000000000000000000000000000100001100000000000000011100000001000000000000000000000000000000000000000100000
000000000000000000000000000101000000000000000000000000000000000000000000101100000000000000000111110000001010000000000000000000000000000000000001110000
000000000000000000000000000010000000000000000000000000000000000000000000011000100000000000001000001000001011000000000000000000000000000000000011111000
000000000000000000000000000000000000000000000000000000000000000000000000000011011000000000011001001110100000000000000000000000000000000000000100000100
000000100000000000000000000000000000000000000000000000000000000000000000000010000010000000111010101101101010000000000000000000000000000000001100000110
000001010000000000000000000000000001000000000000010000000000000000000000000011100010000000011001001111100110000000000000000000000000000000011000000011
000010010000000000000000000000000010100011000000010000000000000000000000000000001110000000001000001000010110000000000000000000000000000000001010001010
000001100000000000000000000000000010100011000000010000000000000000000000000000000000000000000111110000001000000000000000000000000000000000000110001100
000000000000000000000000000000000001000000000000000000000000000000000000000000000000000000000011100000000000000000000000000000000000000000000000000000
000000000011100000000000000000000000000000000000000000000000000000000000000000000000000000100001000000000000110000000000000000000000000000000000000000
001100000000000000000000000001001000000000000000000000000000000000000000000000000000000001010000000000000001001000000000000000000000000000000100000000
010010000000000000000000000000101000000000000000000000000000000000000000000000000000000010010000000000000001010000000000000000000000000000001100000000
001010000000000000000000011001000000000000000000000000000000000000000000000000000000000001100000000000000000100000000000000000000000000000001010000000
000100000000000000000000101100000000000000000000000000000000000000000000000000011000000011000000000000000000000000000000000000000000000000000000000000
000000000000000000000001101000001000000000000000000000000000000000000000000000100100000011000000100000000000000000000110000000000000000011000000000000
000000000000000000000000101010001000000000000000000000000000000000000000000000011000000011000001010000000000000000000110000000000000000100100000000000
000000000000000000000000011100010000000000000000000000000000000000000000000000000000000000000001010011000000000011110000000000000000000100100000000000
000000000000000000000000001000000000000000000000000000000000000000000000000000000000000000000000100011000000000100110000000000000000000011000000000000
000000000000000000000000000001110000000000000000000000000000100000000000000000000000000000000000000000000000001001001100000000000000000000000000000000
000000000000000000000000000010001000000000000000000000000000100000000000000000000000000000000000000000000000001100010010000000000000000000000000000000
000000000000000000000000000011011000000000000000000000000000100000000000000000000100000000000000000000000000001101110010000000000011100000001100000000
000000000000000000000000000001010000000000000000000000000000000000000000000000000100000000000000000000000000000001100010000000000000001100001010000000
110000000000000000000000010000000000000000000000000000000000000000000000000000000100000000000000000000000000000000111000000000000001000100000100000001
110000000000000000000000010000000000000000000011100000000000000000000000000000000000000000000000000000000000000000000000000000000000111000000000000000
000010100000000000110000000000011000000000000000000000000000000000000000000000000000000000000000001111100000000000000000000000000000000000000000000111
000100100000000001010000000100000000000000000000001000001100000000000000000000000000000000000000010000100000000000000000000000000000000000000000000101
000010100000000001100000000011110000000000000000001000010010000000000000000000000000000000010100010000100000000000000000000000000000000000000001100101
100011001100000000000000000000100000000000000000001000001100000000000000000000000000000000001000000001000000000000000000000000000000000000000010000100
110000000000010000000000000000000000000000000000000000000000000000000000000000000000000000000000100010000000000000000000000000000000000000000000000000
010000000000101000000000000000000000000000000000000010000000000000000000000000000000000000000001011000000000000000000000000000000000000000000000000010
011000000000101100000000110001000000000000000000000101000000000000000000000000000000000000000001001110100000000000000000000000000000000000000000000001
010000000000000100000000110010100000000000001100000101000000000000000000000000000000000000000000000110100000000000000000000000000000101100000000000011
000000000000000000000000000010010000000000001100000010000000000000000000000000110000111000000000000001000000000000000000000000000011101100001000000010
000000000000001100000000000001100000000000000000000000000000000000000000000000110000000000000000000000000000000000000000000000000100010000011000000000
100000000000100010000000000000000000000000000000000000000000000000000000000000000000000000000000100100000000000000000000000000110100000000110011110011
000000000010001110000000000000000000000000000000001100000000000000000000000000000111000000000000011000000000000000000000000000010110000000010110000001
000000000000010110000000000000000000000000000000001100000000000000000000000110000000000000000000000000000000000000000000000000000000000000001001000110
000000000001011000011000000000000000000000000000000000000000000000000001000110000000000000000000000000000000000000001100010001010000000000000010001000
000000000001100100100100000000000000000000000000000000000000000000000010100000000000000000000000000000000000000000000000110011011000000000000010101000
000000000000011100011000000000000000000000000000100000000000000000000001000000000000000000000000001000000000000000000011100001001000000000000001110001
100000000000011000000000000000000000000000000001010000000000000000000000000000000000000000000000001000000000000000000111000000110000000000000000100011
110000000000100000000000000000000000000000000001010000000000000000000000000000000000000000000000010000000000000000000000000000110000000000000000000110
111000000001011000000011000000000110000000000000100000000000000000000000000000000000000000000000000000000000000000001000000000110000000000000000001110
