000000000000000000000110000000000000000000000000000000000000000000000001000000000000000000000000000000000000000000000000000000000000000000000010110000
000000000000000000001001000000000000000000000000000000000000000000000000000000000000000000000000000000000000000000000000000000000000000000000111110000
000000000000000000000110000000000000000000000000000000000000000000000000000000000000000000000000011100000000000000000000000000000000000000001110001000
110000000000000000000000000000000000000000000000000000000000000000000000000000000001100000000000000000000000000000000000000000000000011100010111101101
000000000000000000000000000000000000000000000001000000000000000000000000000000000001100000000000000000000000000000000000000000000000011111000011001000
000000000000000000000000000000000000000000000001000000100000000000000000000000000000000000000000000000000000000000000000000000000001100001000001011000
000000000110000000000000000000000000000000000001000000100000000001100000000000000000000000000000000000000000000000000000000000000001111001000000110000
000000001001000000000000000000000000110000000000000000100000000001100000110000000000000000000000000000000000000000111000000000000011010001000000000000
000000001001000000000000000000000000110000000000000000000000000000000000110000000000000000000000000000000000000000111000000000000001010111000000000000
000000000110000000000000000000000000000000000000000000000000000000000000000000000000000000000000000000000000000010000010000000000000111011100100000000
000000000000000000000000000000000000000000000000000000000000000000000000000000000000000000000000000000000000000010101010000000000000010000001100000000
000000000000000000000000000000000000000000000000000000000000000000000000000000000000000000000000000000000000000000000000000000000000000000000100000000
000000000000000000000000000000000000000000000001000000000000000000000000110000000000000000000000110000000000000101010100000000000000000000000000000000
000000000000000000000000000000000000000000000001000000000000000000000000110000000000000000000000110000000000000100000100000000000000000000000000000000
000000000000000000000000000000000000001000000000000000000000000000000000000000000000000000000000000000000000000001110000000000000000000000000000000000
000000000000000000000000000000000000001100010000000000000000000000000000000000000000000000000000000000000000000001110011000000000000000000000000000000
000000000000000000000000000000000000000100010000000000000000000000000000000000001000000000000000000000000110000000000100100000000000000000000000000000
000000000000000000000000000000000000000110100001000000000000000000000000000000011100000000000000000000001001000000100011000000000000000000000000000000
000000000000000000000000000000000000000100000010100000000000000000000110000000100110000000000000000000000110000001110000000000000000000000000000000000
000000000000000000000000000000000000000000000000100000000000000000001000100000101010000000000000000000000000000001110000000000000000000000001000000000
000000000000000000000000000000000000000000000010100000000000000000010000010000010100000000000000000000000000000000000000000000000000000000110100000000
000000000000000000000000000000000000000000000011000000000000000000001010110000000000000000000000000000000000000011100000000000110000000011110110000000
000000000000000000000000000000000000000000000000000000000000000000000000011000000000000000000000000000000000000011100000000000110000000011110110000000
000000000000000000000000000000000000000000000000000000000000110000000000000000000000000000000000000000000000000001000000000000000000100000001110000000
000000000000000000000000000000000000000000011000000000001100110000000000000000000000000000000000000000000000000000000000000010010101110000000110000000
000000000000000000000000000000000000000000011000000000001100000000000000000000000000000000000000000000000000011100000000000010100100111100001110000000
000000000000000001100000000000000000000000010000000000000000000000000000000000000000000000000000000000000000000000000000000000000110000100001110000000
000000000000000001010000000000000000000000001000000000000000000000110110000000000001000000000000000000000000000000000000000000000000000010001110000100
000000000000000000100000000000000000001000001000000000000000000000110110001110000010100000000000000000000000000000000000000000000000000001100110001110
000000000000000000000000000000000000001110000000000000000000000000110000000010000001100000000000000000000000000000000000000000000000000011111100000001
000010000010000000011000000000000000000100000000000000000000000000001100010000000000000000000000000000000000000000000000000000000000000000011100000110
000010000101000000101000000001100110000000000000000000000000000000000101100100000000000000000000000000000000000000000000010000000000000011000000000010
000010000110000000001000000001100100100100000000000000000000000000000000111000000000000000000000000000000000000000000000110000000000000001000000000000
000000000000000000000000000000000000001100010000010000000000010000000000000000000000000011000000000000000000000000000001110000000000111010100000000000
000000000000000000000000000000000010101011101000010000000000010000000001000000000000000011000000000000001100000000000011100000010001011011011000000000
000000000000000000000000000000000001101001011000010000000000010000000011100000000000000000000000000000001100000000000001001000010001000000010110000000
000000000000000000000000000000000000011001110000000000000000001001000010010000000000000000000000000000000000000000000000110000010001001000110010000000
000000000000000000111000000000000001001100100000000000000000000111001011001010000000000000000000000000000000000000000000000000000000111000001100000000
000000000000000000001000000000000000111000000000000000000000000000100010000010000000000000000000000000000000000000000000000000000000000000000000000000
000000000000000000101000000000000000010000000000000000000000000000000010011010000000000000000000000000000000000000000000000000000000000000000000000000
000000111000000000000000000000000000000000000000000000000000000001000001100100000000000000000000000000000000000000000000000011000000000000000000001100
000000000000000000000000000000000000000000000000000000000000000000000111111000000000000000000000000000000000000000000000000101000000000000000000001100
000000000000000000000000000000000000000000000000000000000000000000000101000100000000000000000000000000000000000000000000000010000000000000000000000000
000000000000000000000000000000000000000000000000000000000000000000000001011000000000000010000000000000000000000000000000000000000000000000000000000000
000000000000000000000000000000000000000000000000000000000000000000000000110000000000000101000000000000000000000000000000000000000000000000000000000000
000000000000000000000000000000000000000000000000000000000000000000000000000000000000000011000000000000000000000000000000000000000000000000000000000000
000000000000000000000000000000000000000110000000000000000000000000000000000000000000000000000000000001000000000000000000000000000000000000000000000000
000000000000000000000000000000000000000110000000000000000000000000000000000000000000000000000110000010100000000000000000000000000000000000000000000000
000000000000000000000000000000000000000000000000000000000000000100000000000000000000000000000110000010100000000000000000000111000000000000000000000000
000000000000011100000000000111000000000000000000000000000000000110000000000000000000000000000000000001000000000000000000001000000000000000000000000000
000000000000000000000000001001000000000000000000000000000000001010000000000000000000000000000000000000000000000000000000010000001110000000000000000000
000000000000000000000000001001000000000000000000000000000000000000000000000000000000000000000000110000000000000000000000010000000010000000000000000000
000000000000000000000000000000000000000000000000000000000000000000000000000000000000000000000001001000000000000000000000001100001100000000000000000000
000000000000000000000000011000000000000000000000001100000000000000000000000000000000000000000000110000000000000000000000000001001000000000000000000000
001100000000000000000000010000000000000000000000001100000000000000000000000000000000000000000000000000000000000000000000000011100000000000000000000000
011100000000000000000000000000000000000000000000000000000000000000000000000000000000000000000000000001000000000000000000000001110000000000000000000000
110100100000000000000000000000000000000000000000000000000000000000001000000000000000000000000000000010100000000000000000000001101100000000000000000000
100111011000000000000000000000110000000000000000000000000000000000001000000000000000000000000000000010100000000000001100000011010100000000000000000001
101100011000000000000000000001101000000001100000000000000000000000001000000000000000000000000000000001000000000000001100000011010100000000000000000000
010000100000000000000000000010000000000010010000000000000000000000000000000000000000000000000000000000000000000000000000000100100000000000000000000000
000000100000000000000000000110000000000001100000000000000000000000000000000000000000000000001000000000000000000000000000001100010000000000000000000000
000000110110000000000000000010100000000000000000000000000000000000000011000000000000000111001000000000000000000000000000001100000000000000000000000000
000000111100000000000000000001000000000000000000000000000011000000000011000000000000000111011000110000000000000000000000010000010000000000000000000000
000000001000000000000000000011000000000000000000000000000011000000000000000000000000000000000000110000000000000000000000011000000001000000000000000000
000000000000000000000000000100010000000000000000000000000000000000000000000000000000000011110100011001000000000000011100001000010011110000000000000000
000000000000000000000000000100000000001000000000000000000000000000000000000000111110000110010010000000100000000000000000000100000000000000000000000000
000000000000000000000000000110000000010100000000000000000000000000000000000000111111100100001011000010100000000111000000000011000010101100000000000000
000000000000000000000000000000000000010100000000000000000000000000000000000000000000100110100011000111000000011001000000000010000101001110000000000000
000000000000000000000000000000000000001000000000000000000000000000000000000000000001100010101011000110000000011110000000000010000011000000000000000000
000000000000000000000000000000000000000000000000000011000000000000000000001100000000000010100010000000000000000000000000000011000000000000000000000000
000000000011100000000000000000000000000000000000000011000000001100000000001100000000000000010100000000000110000000001100000000000000000000000000000000
000000000111110000000000000000000000000000000000000000000000010010000000001100000000000000001000000000001011110000010100000000000000000000000000000000
000000000100100000000000000000000000000000000000000000011000001100000000000000000000000000000000000000000001001000010010000000000000000000000000000000
000000000111000000000000000000000000000000000000000000011000000000000000000000000000000000000000000000000001000100001000000000000000000000000000000000
000000000010100000000000000000000000000000000000000000000000000000000000000000111000000000000000000000000000100100000111101000000000000000000000001100
000000000001110000000000100000110000000000000000000000000000000000000000000000111000000000000000000001100001101000000100111100000000000000000000001100
011000000001110000000001010001001000000000000000000000000000000000000000000000000000000000000000000101100001110000100100001110000000000000000000001100
000000000000000000000001011011010000000110000000000000000000000000000000011000000000000000000000000100100000000000100010110110000000000000000000000000
000000000000000000000000001010100000000110000000000000000000000000000000011000000000000000100001100101000000000000100000011011000000000000000000000000
000000000000011100001110001110000000000000000000000000000000000000000000000000000000000001010011000001000000000000000000001110000000000000000000000000
000000000000000000000001001000000000000000000000000000000000000000000000000000000000000001000101100001100000000000000000000110000000000000000000000000
000000000000000000001101100000000000000000000000000000000000000000000000000000000000000001000110000001101100000111000000000000000000000000000000000000
000010000000000000000011011000000000000000000000000000000000000000000000000000000000000000110100000001100000000101100000000000000011000000000000000000
000010000000000000000000001001000000000000000000000000000000000000000000000000000000000000000000000011110000000100010000000000000011000000000000000000
000010000000000000000000110000110000000000000000000000000000000000000000000000000000000000000000000100010000000011100000000000000000000000000000000000
000000000000000000000000001001000000000000000000000000000000000000000000000000000000000000011000000100000000000000000000000000000000000000000000000000
111000000000001000000011011000000000000000000000000000000000000010000000000000000000000000011000000011100000000000000000000000000000000000000000000000
000000000000010100001101100000000000000000000000000000000000000010000000000001100000110000000000000000000000000000000000000000000000000000000000000000
000000000000010100000001001000000000000111110000000000000000000010000000000001100001001000000000000000000000000000000000000000000011100000000000000000
000000000000001000001110001110000000000000110000000000000000000000000000000000000000110000000000000001000000000000000000000000000000000000000000000000
000000000000000000000110000100000000100001100000000000000000111000000000000000000000000000000000000010100000000000000000000000000000000000001100000000
000000000000000000000011011000000000100001110000000000000000000000000000000000000000000000000000000010100110001110000000000000000000000000001100000000
000000000000000000000001010000000001000000010000000000000000000010000011000000000000000000000000000001000110011001000000000000000000000000000000000000
000000000000000000000001010000000001010001100000000000000000000010000011000000000000000000000000000000011011011011000000000000000000000000000000000000
000000000000000000000001110000000001001011000000000000000000000010000000000000000000000000000000000000011000000000000000000000000000110000000000000000
011000000000000000000000000000000001101011000000111000000000000000000000000000000000000000000000000000000000000000000000000000000000110000000000000000
100010000000000000000000000000000000000101000000001000000000000000110000000000000000000000000000000000000000000000000000000000000000000000000000000001
000001000000000000000000000000000001010001000000101100000000000000110000000000000000000000000000000000000000000000000000000000000000000000000000000000
000000100000000000000000000000000000111000000000101000000000000000000000000000000000000000000000000000110000000000000000000000000000000000000000000010
010100100001000000000000000000000000010000000001000000000000110000000000000000000000000000000000000000110000000000000000000000000000000000000000000001
100000000011100000000000000000000000000110111001101100000000110000000000000000000000000000000000000000000000000000000000000000000000000000000000000000
000100100110110000000000000000000000000010001000101100000000000000000000000000000000000000000000000000000000000000000000000000000000000000000000000000
000000000011100000000001100000000000000000001000001010000000000000011000000000000000000000000000000000000000000000001000000000000000000000000000000000
001000100001000000000000111100000000000001110000000000000000000000100100000000000000000000000000000000000000000000010100000000000000000000000000000000
001000100000000000000000010010000000110000000000000000000000000000011000000000000000000000000000000000000000000000100100000000000000000000000000000000
000111000000000000000000010000000001001000000000000000000000000000000000000000000000000000000000000000000000000000011000000000000000001100000000000000
000000000000000000000000001100000001010000000000000000000000000000000000000000000000000000000000000000000000000000000000000000000000010100000000000000
000000000000000000000000000000000000100000000000000000100000000000000000000000000000000000000000000000000000000000000000000000000000001000000000000000
000000000000000000000000000000000000000000000000000000100000000000000000000000000000000000000000000000000000000000000000000000000000000000000000000000
000000000000000010000000000000000000000000000000000000100000000000000000000000000000000000000000000000000000000000000000000000000000000000000000000000
000000000000000101000000000000000000000000000001000000000000000000000000000000000000000000000000000000000000000000000000000000000000000000000000000000
000000000000001001000000000000000000000000000110010000000000000000000000000000000000100000000000000000000000000000000000000000000000000010000000000000
000000000000000110000000000000000000000000000000001000000000000000000000000000000001010000000000000000000000000000000000000000000000000010000000001100
000000000000000000000000000000000000000010110011001000000000000000000000000000000010010000000000000000000000000000000000000000000000000010000000001100
000000000000000000000000000000000000000110100000001000000000000000000000000000000001100000000000000000000000000000000000000000000000000000000000000000
000000000000000000000000000000000000000110010011000000000000000000000000000000000000000000000000000000000000000000000000000000000000000000000000000000
000000000000000000000000000000000000000000001011001000000000000000000000000000000000000000000000000000000000000000000000000000000000000000000000001100
000000000000000000000000000000000000000001100001001000000000000000000000000000000000000000000000000000000000000000000000000000000000000000000000001100
000000000000000000000000000000000000000001111100110000000000000000000000000000000000000000000000000000000000000000000000000000000000000000000000000000
000000000000000000000000000000000000000001000101100000000000000000000000000000000000000000000000000000000000000000000000000000000000000000000000000000
000000000000000000000000000000000000000000111000000000000000000000000000000000000000100000000000000000000000000000000000000000000000000000000000000000
000000000000000000000000000000000000000000110000000000000000000000000000000000000001010000000000000000000000000000000000000000000000000110000000000000
000000000011000001100000000000000000000000000000000000000000000000000000000000000001010000000000000000000000000000000000000000000000000110000000000000
000000000011000001100000000000000000000000000000000000000111000000000000000000000000100000000000000000000000000000000000000000000000000000000000000000
000000000000000000000000000000000000000000000000000000001001110000000000000000000000000000000000000000000000000000000000000000000000000000000000000000
000000000000000000000000000000000000000000000000000000100011110000000000000000000000000000000000000000000000010000000000000000000000000000000000000000
000000000000000000000000000000000000000000000000000001110000011000000000000000000000000000000000000000000000101000000000000000000000000000000000000000
000000000000000000000000000000000000000000000000000010000010000000000000000000000000000000000000000000000001001000000000000000000000000000001100000000
000000000000000000000000000000000000000000000000000010010110000000000000000000000000000000000000000000000000110000000000011000000000000000010010000000
000000000000000000000000000000000000000000000000000001110100000000000000000000000000000000000000000000000000000000000000011000000000000000010100000000
000000000000000000000000000000000000000000000000000000100000000000000000000000000000000000000000000000000000000000000000000000000000000000001000000000
000000000000000000000000000000000000000000000000000000000000000000000000000000000000000000000000000000000000000000000000000000000000000000000000000000
000000000000000000000000000000000000000000000000000000000000000000000000000000000000000000000000000000000000000000000000000000000000000000000000000000
000000000000000000000000000000000000000000000000000000000010000000000011000000000000000000000000000000000000000000000000000000000000000000000000000000
000000000000000000000000000000000000001100000000011000000101000000000100001000000000000000000000000000000000000000000000000000000000000000000000000000
000000000000000000001100000000000000001100000000011000001001100000000101101000000000000000000000000000000000000000000000000000000000000000000000000000
000000000000000000001100000000000000000000000000000000000110000100000011011000000000000000000000000000000000000000000000000000011000000011000000000000
000000000000000000000000000000000000000000000000000000000000001100000000000000000000000000000000000000000000000000000000000000100100000100100000000000
000000000000000000000000000000000000000000000000000000000000000000000000000000000000000000000000000000000000000000000000000000011000000011000000000000
000000000000000000000000000000000000000000000000000000000000000000001000000000000000000000000000000000000000000000000000000000000000000000000000000000
000000000000000000000000000000000000000000000000000000000000000000001010000000000000000000000000000000000000000000000000000000000000100000000000000000
000000000000000000000000000000000000000000000000000000000000000000000000000000000000000000000000110000000000000000000000000000000001010000000000000000
000000000000000000000000000000000000000000000000000000000000000000001001000000000011100000000000110000000000000000000000000000000001010000000000000000
000000000000000000000000000000000000000000000000000000000000000000000101000000000000000000000000000000000000000000000000000000000000100000000000000000
000000000000000000001100011000000000000000000000000000000000000000000001000000000000000000000000000000000000000000000000000000000000000000000000000000
000000000000000000010010011000000000000000000000000000000000000000000100000000001000000000000000000000000000000000000000000000000000000000000000000000
000000000000000000010100000000000000000000000000100000000000000000001001000000010100000000000000000000000000000000000000000000000000000000000000000000
000000000000000000001000000000000000000000000001010000000000000000000101000000010100000000000000000000000000000000000000000000000000000000000000000000
000000000000000000000000000000000000000000000001010000000000000000000010100000001000000000000000000000000000000000000000000000000000000000000000000000
000000000000000000000000000000000000000000000000100000000000000000000001000000000000000000000000000000000000000000000000000000000000000000000000000000
