000000000000000000000000000000000000000000000000000000000000000000000000000000000000000000000011000000000011000000000000000000000000100000000000000000
000000000000000000000000000000000000000000000110000000000000000000000000000000000000000000000011000000000011100000000000000000000000000000000000000000
000000000000000000000000000000000000000000000110000000000000000000000000000000000000000000000000000000000011000000000000000000000000000000000000000000
000000000000000000000000000000000000000000000000000000000000000000000000000000000000000000000000000000000000000000000000000000000000000000000000000000
000000000000000000000000000000000000000000000000000000000000000000000000000000000000000000000000000000000000000000000000000000000000000000000000000000
000000000000000000000000000000000000000000000000000000000000000000000000000000000000000000000000000000000000000000000000000000000000000000000000000000
000000000110000000000000000000000000000000000000000000000000000001100000000000000000000000000000000000000000000000000000000000000000000000000000000000
000000001001000000000000000000110000000000000000000000000000000001100000000000000000000000000000000000000100000000000000000000000000000000000000000000
000000001001000000000000000000110000000000000000000000000000000000000000000000000000000000000000000000001010000000000000000000000000000000000000000000
000000000110000000000000000000000000110000000000000000000000000000000000000000000000000000000000000000000001000000000000000000000000000000000000000000
000000000000000000000000000000000000110000000000011000000000000000000000000000000000000000000000000000001001000000000000000000000000000000000000000000
000001100000000000000000000000000000000000000000011000000000000000000000000000000000000000000000000000000101100000000000000000000000000000000000000000
000001100000000000000000000000000000000000000000000000000000000000000000000000000000000000000000000000001100010000000000000001110000000000000000000000
000000000000000000000000000000000000000000000000000000000000000000000000000000000000000001100000000000010000000000000000000000000000000000000000000000
000000000100000000000000000000000000000100000000000000000000000000000000000000000000000010010000000000010000100000000000000000000000000000000000000000
000000001110000000000000000000000000001010000000000000000000000000000000000000110000000001100000000000000000000000000000000000000000000000000000000000
000000010001000000000000000000000000001010000000000000000000000000000000000000110000000000000000000000001100000000000000000000000000000000000000000000
000000011011000000000000000000000000000100000000000000000000000000000000000000000001100000000000000000000000000000000000000000000000000000000000000000
000110000000000000000000000000000000000000000000000000000000000000000000000000000001100000000000000000000000000000000000000000000000000000000000000000
001001000000000000000000000000000011000000011000000000000000000000001000000000000000000000000000000000000000000000000000000000000000000000000000000000
000101000000000000000000000000000100100000100100000000000000000000010100000110000000000000000000000000000000000000000001000000000000000000000000000000
000010000000000000000000000000000011000000011000000000000000000000001000000110000000011000000000000000000000000000000001000000000000000000000000000000
000000000000000000000000000000000000000000000000000000000000000000000000000000000000100100000000000000000000000000000001000000000000000000000000000000
000000000000000000000000000000000000000100000000000000000000000000000000000000011000011000000000000000000000000000000000000000000000000000000000000000
000000000000000000000000000000000000001010000000000000000000000000000000000000011000000000000000000000000000000000000000000000000000000000000000100000
000000000000000000000000000000000000001010000000000000000000000000000000000000000000000000000000000000000000000000000000000000000000000000000001010000
110000000000000000000000000000000000000100000000000000000000000000000000000000000000000000000000000000000000000000000000000000000000000000000000100000
110000000000000000000000000000000000000000000000000000000000000000000000000000000110000000000000000000000000000000000000000000000000000000000000000000
000000000000000000000000000000000000000000000000000000000000000011000000000000000110000000000000000000000000000000000000000000000000000000000000000000
000000000000000000000000000000000000000000000000000000000000000011000000000000000000000000000000000000000001000000000000000000000000000000000000000000
000000000000000000000000011000000000000000000000000000000000000000000000000000000000000000000001100000000010100000000111000000000000000000000000000000
000000000001100000000000011000000010000000000000000000000000000000000000000000000000000000000001100000000010100000000000000000000000000000000000000000
000000000001100000000000000000000010000000000000001110000000000000000000000000000000000000000000000000000001000000010000010000000000000000000000000000
000000000000000000000000000000000010000000000000000000000000000000000000000000000000000000000000000000000000000000010000010000000000000000000000000000
000000000000000000000000000000000000000000000000000000011000000000000000000000000000000000000000000000000000000000010000010000000000000000000000000000
000000000000000000000000000000000000000000000000000000100100000000000000000000000000000000000000000000000000000000000000000000000000000000000000000000
000000000000000000000000000000000000011000000000000000011000000000000000000000000000000000000000000000000000000000000111000000000000000000000000000000
000000000000000000000000000000000000011000000000000000000000000000000000000000000000000000000000000000000000000000000000000000000000001100000000000000
000000000000000000000000000000000000000000000000000000000000000000000000000000000000000000000000000000000000110000000000000000000000010010000000000000
000000000000000000000000000000000000000000000000000000000000000000000000000000000000000000000000000000000000110000000000000000000000000100000000000000
000000000000000000000000000000000000000000000000000000000000000000000000000000000000000000000000000000000000000000000000000000000000011100000000000000
000000000000000000000000000000000000000000000000000000000000000000000000000000000000000000000001000000000000000000000000000000000011101000000001100000
000000000000000000000000000000000000000000000000000110000000000000000000000000000000000000000010110000000000000000000000000000000111000000010010010000
000000000000000000000000000000000000000000000000001001000000000001100000000000000000000000000010110000000000000000000000000000001001000111110001101110
000000000000000000000000000000000000000000000000001010000000000010010000000000000000000000000001001110000000000000000000000000001110000111010100000110
000000000000000000000000000000000000000000000000000100000000000001100000000000000000000000000000010010000000000100000000000000000000011111100000001100
000000000000000000000000000000000000000000000000000000000000000001000000000000000000000000000000100010000000000100000000000000000000000000100110011000
000000000000000000000000000000000000000001100000000000000000000011000000001110000000000000000110001100000000000100000000000000000000000000100100011000
100000000000000000000000000000000000000001100000000000000000000011011000000000000000000000001100000000000000000000000000000000000000000000010000110000
100000000000000000000000000000000000100000000000000000000000000011010011000000000000000000000000100000000000000000000000000000000000000000100001100000
100000000000000000000000000000000000100000000000000000000000000000100000100000001000000000011000000000000000000000000000000000000000000000000011000000
000000000000000000000000000000000000100000000000000000000000000000010000010000010100001100011001000000000001100000000000000000000000000000111000000000
000000000000000000000000000000000000000000000000000000000000010000010001101010000101100100000110000000000001100000000000000000000000000000000000000000
000000000000000000000000000000000000000000000000000000000000100100000100101010100100001000000000000000000000000000000000001000000000000000000000000000
000000000000000000000000000000000000000000000000000000000000010100000000000100000100010000000000000000000000000000000000001000000000000000000000000000
000000000000000000000000000000000000000000000000000000000000001000000000001010100100010000000000000000000000000000000000001000000000000000010000000000
000000000000000000000000000011000000000000000000000000111000000000000000011011000110010000000000000000000000000000000000000000000000000000101000000000
000000000000000000000000000100100000000000000000000001000100000000000000010001000110110000000000000000000000000000000000000000000000000000000100000000
000000000001100000000000000011000000000000000000000000000100000000000000000000000011100000000000000000000000000000110000000000000000000010000100000000
000000000100000000000000110000000000000000000000000000000110000000000000000000000000100000000000000000000000000000110000000000000000000110000110000000
000000000000000000000001010000000000000000000000000000000000000000000000000000000011000000000000000000000000000000000000000000000000000000001001000000
000000000000000001000000100000000000000000000000000010010001010000000000000000001001000000000000000000000000000000000000000000000000000001001011000000
000001101000000001000000000000000000000000000000000011100110110000000000000000010000000000000000000000000000000000000000000000000011000000101111000000
000010010100001000000000000000000000000000000000000000000100000000000000000000010011100111000000000000000000000000000000000000000011000000110000000000
000110100001100000000000000000000000000000000000010000000110000000000000000000011000000000000000000000000000000000000000000000000000000000000000000000
000010110000000000000000000000000000000000000000010100000000010000000000000000001100000000000000000000000000000000000000000000000000000000000000000000
000010100000000000000000000000000000000000000000010000000000110000000000000000001001000000000000000000110000000000000000000000000000000000000000000000
000001100000000000000000000000000000000000000000001000000010000000000000000000001000000000000000000000110000000000000000000000000000000000000000000000
000001000000000000000000000000000000000000000000000000001101000000000000011000011001000000000000000000000000000000000000000000000000000000000000000000
000000000000000000000000000000000000000000011100000000001001100000000000011000100000000000000000000000000000000000000000000000000000000000000000000000
000000000000000000000000000000000000000001100100000000001001000011000000000000010000000000000000000000000000000000000000000000000000000000000111000000
000000000000000000000000000000000000000001000000000101100110000100100000000000010000000000000000000000000000000000000000000000000000000000000000000000
010000000000000000000000000000000000000001000010000000111000000010100000000010000000000000000000000000000000000000000000000001100000000000000000000000
010000100000000000000000000000000000000000110001001000000000000001000000000010000000000000000000000000000000000000000000000010110000000000000000000000
010001100000000000000000000000000000000000000110001000000000000000000000000101000000000000000000000000110110000000000000000011011000000000000000000000
000001000000000000000000000000000000000000000000000101000000000000001110000010000000000000000111000000110110000100000000000011111000000000001000000000
000100000000000000000000000000000000000000000000000111000000000000000000000010000000000000000000000000000000001010000000000000110100001100010100000000
000101000000000000000000000000000000000000000000000000000000000000000000000000001000000000000000000000000000010010000000000011011100001100100100000000
000010000000000000000000000000000000000000000000000000000000000000000000000000010100000000110000000000000000001100000000000111111010000000011000000110
000000000000000000000000000000000000000000000000000001110000000001000000000000010100000000110000000000000000000000000000000100100110000000000000000110
000000000000000000000000000000000000000000100000000010100000000001000001010000001000000000000000000000000000000000000000000100010111000000000000000000
000000000000000000000000000000000000000001100000000111010000000010100000100000000000000000000000000000000000000000000000000011110000000000000000000000
000000000000000000001100000000000000000011000000000111000000000001000000000000000000000000000000000000000000000000000000000000110000000000000000000000
000000000000000000001100000000000000000001000011000011000000000001000001000100000000000000000000000000000000000000000000000000000000000000000000000000
000000000000000000000000000000000000000000101100000001100000000000000010101010000000000000000010000000000000000000000000000000000000000000000000001110
000000000000000000000000000000000000000000001010000011000000000000000100001000000000000000000011101000000000000000000000000000000000000000000000001010
000000000000000000000000000000000000000000000000000000000101100000000111101100000000000000000011100110000000000001100000000000000000000000000000001010
000000000000000000000000000000000000000000000000000001101100000000000001101000000000000000000000000110000000000000000000000000000000000000000000000000
001010000000000000000000000000000000000000000000000001111000010100000000110000000000011000000000001110000000000000000000000000000000011100000000000000
001001000000000000000000011000000000000000000000000000001011100010000001000100000000011000000000000000000000000000000000000000000000000000000001100000
001010000000000000001100011000000110000000000000000000101011000010000000111011011000000000000000000000000000000000000000000000000000000000000010010000
000100000000000000001100000000000110000000000000000001001010100010000010000000101100000000000000000000000000000001100001100000000000000000000010000000
000000000000000000000000000000000000000000011000000000110010000010000001010000000010000000000000000000001100000001100001010000100011000000000010000000
000000000000000000000000000000000000000000011000000000100000010010000000111000101010000000000000000000011010000000000001001001010011000000000000000000
000000000111000000000000000000000000000000000000000000011000001101011000011100011100000000000000000000110011000000000000110001100000000000000001110000
000000000000000000000000000000000000000000000000000000000000000111100000000000000000000000000000000000110001000000000000000000000000000000000000000011
100000000000000000000000000000000000000000000000000000000000000111110000001010000001100000000000000000011001000000000000000000000000000000000000000101
000000000000000000000000000000000100000000000000000000000000001100000000001110000010010011000000000010000001000000000000000000000000000000010000000101
000000000000000000000000000000000100000000000000000000000000011000000010000100000010011101100000000010010000000000000000000000000000000000100100010100
111000000000000000000000000000000100000000000000000000000000000001100010000000000010001110101110000010001110000000000000000000000000000000000000010111
111100000010000000000000000000000000000000000000000000000000000001100111000000000000111000000110000000010000000000000000000000000000000001100100001111
000010000101000000000000000000000001110000000000000000000000000000101011000000000000000000000000000001100100000000000000000000000000000111000000000000
111100000100100000000110000000000000000000000000000000000000000011100000100011100000000000000000000000011110000000000000000000000000001010000000010001
111000000011000000000110000110000000000000000000000000000000000010001101100100010000000000000000000000000010000000000000000000000000011011000000000000
000000000000000000000000000110000000000000000000000000000000000000110000001000001000000000000000001100000000000000000000000000000000110011000001000000
000000000000000000000000000000000000000000000000000000000000000001100000001000000000000000000000001100000000000000000000000000000001100001000001010000
000000000000000000000000000000000000000000000000000000000000000000010000001000110000000000000000000000000000000000000000000000000001000000000001010000
000000000000000000000000000000000000000000000000000000000000000011111100000011000000000000000000000000000000000000000000000000000000000000000000100000
000000000000000000000000000000000000000000000000000000000000000011011000000000000000000000000000000000000000000000000000000000000000000000000000000000
000000000100000000000000000000000000000000000000000000000000000011000100000000000110000000000000000000000000000000000000000000000000001100000000000000
000000001010000000000000000000000000000000000000000000000000000000101100000000000110000000000000000011000000000000000000000000000000001111100000000000
000000001010000000000000000000000000000000000000000000000000000001101100000000000000000000000000000011000000000000000000000000000000001101100000000000
000000000100000000000000001100000000000000000000000000000000000010001100000000011000000000000000000000000000000000000000000000000000000110000000000000
000000000000000000000000001100000000000000000000000000000000000001110000000000111100000011100000000000000000000000000000000000000000000000000000000000
000000000000000000000000000000000000000000000000000000000000000001100100000000000110000000000000000000000000000000000000000000000000000000000000000000
000000000000000000000000000000000001000000000000000000000000000000010001000000001000000000000000011000000000000000000000000000000000000000000000000000
000000000000000000000000000000000001000000000000000000000000000000000001000000000000000000000000011000000000000000000000000000000000000000000000001100
000000000011100000000000000000000001000000000000000000000000000000011011000001000000000000000000000000000000000000000000000000000000000000000000001100
000000000000000000000000000000000000000000000000000000000000000000000000000000100000000000000000000000000000000000000000000000000000000000000000000000
000000000000000000000000000000011000011100000000000000000000000000000000000000100000000000000000000000000000000000000000000000000000000000000000000000
000000000000000110000000000000011000000000000000000000000000000000000000000000101000000000000000000000000000000000000000000000000000000000000000000000
000000000000001001000000000000000001000000000000000000000000000000000010000000010000000000000000000000001110000000000000000000000000000110000000000000
000000000000000110000000000000000001000000110000000000000000000000000101000000010000000000010000000000000000000000000000000000000000000110000000000000
000000000000000000000001100110000001000000110000000000000000000000000100100000000000000000101000000000000000000000000000000000000000000000000000000000
000000000000000000000001100110011000000000000000000000000000000000000011000000000000000001010000000000000000000000000000000000000000000000000000000000
000000000011000000000000000000011000001100000000000000000000000000000000000000000000000001100000000000000000010000000000000000000000000000000000000000
000000000101000000000000000000000000010010000000000000000000000000000000000000000000000000000000000000000000101000000000000000000000000000000000000000
000110000010000000000000000000000000001100000000000000000000000000000000000000000000000000000000000000000001001000000000000000000000000000001100000000
000110000000000000000000000000000000000000000000000000000000000000000000000000000000000000000000011000000000110000000000011000000000000000010010000000
000000000000000000000000000000000000000000000000000000000000000000000000000000000000000000000000100100000000000000000000011000000000000000010100000000
000000000000000000000000000000000000000000000000000000000000000000000000000000000000000000000000011000000000000000000000000000000000000000001000000000
000000000000000000000000000000000000000000000000000000000000000001100000000000000000000000000000000000000000000000000000000000000000000000000000000000
000000000000000000000000001100000000000000000000000001000000000010010000000000000000000000000000000000000000000000000000000000000000000000000000000000
000000000000000000000010001100000000000000000000000010100000000001100000000000000000000000000000000000000000000000000011000000000000000000000000000000
000000000000000000000010000000000000000000000000000010100000000000000000000000000000000000000000000000000000000000000011000000000000000000000000000000
000000000000000000000010000000000000000000000000000001000000000000000000000000000000000000000000000000000000000000000000000000000000000000000000000000
000000000000000000000000000000000000000000000000000000000000000000000000000000000000000000000000000000000000000000000000000000011000000011000000000000
000000000000000000111000111000000000000000000000110000000110000000000000000000000000000000000000000000000000000000000000000000100100000100100000000000
000000000000000000000000000000000000000000000001001000001001000000000000000000000000000000000000000000000000000000000110000000011000000011000000000000
000000000000000000000000000000000000000000000000110000000110000000000000000000000000000000000000000000000000000000001001000000000000000000000000000000
000000000000000000000000000000000000000000000000000000000000000000000000000000000000000000000000000000000000000000001010000000000000100000000000000000
000000000000001000000000000000000000000000000000000001000000000000000000000000000000000000000000000000001000000000000100000010000001010000000000000000
000000000000001000000000000000000000000000000000000010100000000000000000000000000000000000000000000000010100000010000000000010000001010000000000000000
000000000000001000000000000000000000000000000000000010100000000000000000000000000000000000000000000000010100000010000000000010000000100000000000000000
000000000001000001000000000000000000000001000000000001000000000000000000000000000000000000000000000000001000000010000000000000000000000000000000000000
000000000010100010100000000000000000000010100000000000000000000000000000000000000000000000000000000000000000000000000000111000111000000000000000000000
000000000010100010100000000000000000000010100000000000000000000000000000000000001100000000000000000000000000000000000000000000000000000000000000000000
000000000001000001000000000000000000000001000000000000000000000000000000000000001100000000000000000000000000000000000000000010000000100000000000000000
000000000000000000000000000000000000000000000000000000000000000000000000000000000000000000000000000000111000000000000000000010000001010000000000000000
000000000000000000000000111000000000000000000000000000000000000000000000000000000000000000000000000000001000000000000000000010000001010000000000000000
