000000000000000000000110000000000000000000000000000000000000000000000000000010000000000000000000000000000000000000000000000000000000001000010000000000
000000000000000000001001000000000000000000000000000000000000000000000000000000000000000000000000001000000000000000000000000000000000001000000000000000
000000000000000000000110000000000000000000000000000000000000000000000000000000000000000000000000001000000000000000000000000000000000001000000000000000
000000000000000000000000000000000000000000000000000000000000000000000000000000000000000000000000001000000000000000000011000000010000000000000000000000
000000000000000000000000000000000000000000000000000000000000000000000000000000000000000000000000000000000000000000000100100000010000000000000000000000
000000000000000000000000000000000000000000000000000000000000000000000000000000000000000000000000000000000000000000000010100000010000000000000000000000
000000000110000000000000000000000000000000000000000000000000000001100000000000000000000000000000000000000000000000000001000000000000000000000000000000
000000001001000000000000000000000000000000000000000000000000000001100000000000000000000000000000000000000000000000000000000000000000000000000000000000
000000001001000000000000000000000000000000000000000000000000000000000000000000000000000000000000000000000000000000000000000000000000000000000000000000
000000000110000000000000000000000000000000000000000000000000000000000000000000000000000000000000000000000000000000000000000000000000000000000000000000
000000000000000000000000000000000000000000000000000000000000000000000000000000000000000000000000000000000000000000000000000000000000000000000000000000
000000000000000000000000000000000000000000000000000000010000000000000000000000000000000000000000000000000000000000000000000000000000000000000000000000
000000000000000000000000000000000000000000000000000000010000000000000000000000000000000000000000000000000000000000000000000000000000000000000000000000
000000000000000000000000000000000000000000000000000000010000000000000000000000000000000000000001000000000000000000000000000000000000000000000000000000
000000000000000000000000000000000000000000000000000000000000000000000000000000000000000000000010100000000000000000000000000000000000000001100000000000
000000000110000000000000000000000001100000000000000000000000000000000000000000000000000000000010100000000000000000100000000000000000000010010000000000
000000000110000000000000000000000001100000000000000000000000000000000000000000000000000000000001000000000000000001010000000000000000000001100000000000
000000000000000000000000000000000000000000000000000000000000000000000000000000000000000000000000000000000000000000100000000000000000000000000000000000
000000000000000000000000000000000000000000000000000000000000000000000000000000000000000000110000000000000000000000000000000000000000000000000011000000
000000000000000000000000000000000000000000000000000000000000000000001000000000000000000001001000000000000000000000000000000000000000000000000001000100
000000000010000000000000000000000000000000000000000000000000000000010100000000000000000000110000000000000000000000000000000000000000000000000001001100
000001100101000011000000000000000000000000000000000000000000000000001000000000000000000000000000000000000000000000000000000000000000000000000001010010
111011100101000011000000000000001000000000000000000000000000000000000000000000000000000000000001000000000000000000000000000011000000000000000000010111
001000000010000000000000000000001000000000000000000000000000000000000000000001000000000000000010100000000000000000000000000011000000000000000000110101
011000000000000000000000000000001000000000000000000000000010000000000000000010100000000000000010100000000000000000000000000000000000000000000000001000
100000000000000000000000000000000000000000000000000000000101000000000000000010010000000000000001000000000000000000000000000000000000000000000000011001
000000000000000000000000000000000000000000000000000000000100100000000000000001100000000000000000000000000000000000000000001000000000000000000000011000
000000000000000000000000000000000000000000000000000000000011000000000000000000000000000000000000000000000000000000000000010100000000000000001100011000
000000000000000000000000000000000000000000000000000000000000000000000000000000000000000000000000000000000000000000000000010100000000000000000000000000
000000000000000000000000000000000000000000000000000000000000000000000000000000000000000000000000000000000000000000000000001000000000000000000000000000
000000000000000000000000000000000000000000000000000110001000000000000000000000000000000000000000000000000000000000000010000000000000000000000000000000
000000110000000000000000000000000000000000000000000111101000000000000000000000000000000000000000000000000000000000000010000011000000000000000000000000
000000110000000000000000000000000111000000000000000101000000000000000000000000000000000000000000000000000000000000000010000000100000000000000000000000
000000000000000000000000000000000000000000000000000000000000000000000000000000000000000011000000000000000000000000000000000011000000000000000000000000
000000000000000000000000000000000000000000000000000000000000000000000000000000000000000011000000000000001100000000000000000010000000000000000000000011
000000000000000000000000000000000000000000000000000001000000000000000000000000000000000000000000000000001100000000000000000000010000000000000000000011
000000000000000000000000000000000000011000000000000010101100000000000000000000000000000000000000000000000000000000001000000100001000000000000000000000
000000000000000000000000000000000000011000000000000001101000001000000000000000000000000000000000000000000000000000010100000101111000000000000000000000
000000000000000000000000000000000000000000000000000000000100001100000000000000000000000000000000000000000000000000010100000001100000000000000000000000
000000000000000000000000000000000000000000000000000001011000000010000000000000000000000000000000000000000000000000001000000000000000000000000000000000
000000000000000000000000000000000000000000000000000001101000000111000000000000000000000000000000000000000000000000000001000000000000000000000000000000
000000000000000000000000000000000000000000000000000100010000000000000000000001000000000000000000000000000000000000000001000000000000000000000000000000
000000000000000000000000000000000000000000000000011010100000000000000000000001000000000000000000000000000000000000000001000000000000000000000000000000
000000000000000000000000000000000000000000000000011010000000000000000000000001000000000010000000000000000000000000000000000000000000000000000000000000
110000000000000000000000000000000000000000000000000000000000000000000000000000000000000101000000000000000000000000000000000000000000000000000000000001
100000000000000000000001100000000000000000000000000000000000000000000000011100011100000011000000000000000000000000000000000000000000000000000000000010
010000000000000000000010010000000000000000001100000011100000000000000000000000000000000000000000000001000000000000000000000000000000000000000000000010
010000000000000000000001100000000000010000001100000000000000000000000000000001000000000000000110000010100000000000000000000001000000000000000000000010
010000000000001000000000000000000000010000000000000000000000000000000000000001000000000000000110000010100000000000000000000010100000000000000000000001
010000000000001000000000000000000000101000000000000000000000000000000000000001000000000000000000000001000000000000000000000011000100000000000000000010
100000000000001000000000000000000000000000000000000000000000000000000000000000000000000000000000000000000000000000000000000000001010000000000000000001
000000000000000000000000000000000011000000000000000000000000000000000000000000000000000000000000110000000000000000000000000000000100000000000000000001
000000000000000000000000000000111001000100000000000000000000000000000000000000000000000000000001001000000000000000000000000000000000000000000000000000
000000000000000000000000000000000000000000000000001100000000000000000000000000000000000000000000110000000000000000000110000000000000000000000000000000
000000000000000000000000000010000010111000000000001100000000000000000000000000000000000000000000000000000000000000000110000000000000000000000000000000
110000010000000000000000000010000010011000000000000000000000000000000000000000000000000000000000000001000000000000000000000000000000000000000000000000
110000101000000000000000000010000010110011000000000000000000000000000000000000000000000000000000000010100000000000000000000011000000000000000000000000
000000011000000000000000000000000000110111000000000000000000000000011100000001100000000000000000000010100000000000000000000100100000000000000000000100
000000000000000000000000000000110000011100000000000000000000000000000000000010010000000000000000000001000000000000000000000100100000001100000000001010
000000000000000000000000000000000110000000000000000000000000000000000000000001010000000000000000000000000000000000000000000011000000001100000000001001
000000001100000000000000000000010001000000000000000000000000000000000000000000100000000000000000000000000000000000000000000000000000000000000000000110
000000001010000000000000000000100000100000000000000000000000000000000000000000000000000000000000000000000110000000000000000000000000000000000000000000
000000000100000000000000000000100000100000000000000000000011000000000000000000000000000000000000000000000110000000000011000011000000000000000000000000
000000000000000000000000000000100000100000000000000000000011000000000000000000000000000000000000000000000000000000000000001000000000000000000000000000
000000000000000000000000000000010001000000000000000000000000000000000000000000000000000000000000000000000000000000000000100011000000000000000000000000
000000000000000000000000000000001110000000000000000000000000000000000000000000000000000000000000000000000110000000000000000001000000000000000000000000
000000000000000000000000000000000000000001100000000000000000000000000000000000000000000100000000000000000110000000001011000001000000000000000000000000
000000000000000000000000000011000000000001100000000000000000000000000000000000000000001010000000001000000000000000000100000001000000000000000000000000
000000000010000000000000000011000000000000000000000000000000000000000000000000000000000100000000010100000000000000000000000000000000000000000000000000
000000000101000000000000000000000000000000000000000011000000000000000000000000000000000000000000010010000000000000000000000000000000000000000000000000
000000000101000000000000000000000000000000000000000011000000000000000000000000000000000000000000001100000000000000000000000000000000000000000000000000
000000000010000000000000000000000000000000000000000000000000000000000000001100000000000000000000000000000010000000000000000000000000110000000000000000
000000000000000000000000000000000000000000000000000000000000000000000000001010000000000000000000000000000010000000000000000000000001001000000000000000
000000000000000000000000000000000000000000000000000000000000000000000000000110000000000000000000000000000010000000000000000000000001001000000000000000
000000000000000000000000000000000000000001000000000000000000000000000000000000000000000000000000000000000000000000000000000000000000110000000000001100
000000000000000000000000000000000000000101000000000000000000000000000000000000000000000000000000000000000000000000000000010000000000000000000000010010
000000000000000000000000000000000000000011000000000000000000000000000000000000000000000000000000000000000000000000000000101000000000000000000000001100
000000000000000000000000000001100000000000000000000000000000000000000000000000000000000000000000000000000000000000000000101000001100000000000000000000
000000000000000000000000000001010000000000000000000000000000000000000000000000000000000000000000000000000110000000000000010000010100000000000000000000
000000000110000000000010000000100000000000000000000000000000000000000000000000000000000000000000000000000110000000000000000000001000000000000000000000
000000000110000000000011000000000000000000000000000000000000000000000000000000000000001100000000000000000000000000000000000000000000000000000000000000
000000000000000000111001000000000000000000000000000000000000000000000000000000000000001100000000000000000000000000000000000000000000000000000000000000
000000000000000001000001000000000000000000000000000000000000100000000000000000000000000000000000000000000000000000000000000000000000000000000000000000
000000000000000001000001000000000000000000000000000000000001010000000000011000000000000000000000000000000000000000000000000000000000000000000000000000
000000000000000101100010000000000000000000000000000000000001001000000000011000000000000000000000000000000000000000000000000000000000000000000000000000
000000000000000011000000000000000000000000000000000000000000110000000000000000000000000000000000000000000000000000000000000000000000000000000000000000
000000000000000100000000000000000000000000000000000000000000000000000000000000000000000000000000000000000000000000000000000000000000000000000000000000
000000000000000000000000000000000000000000000000000000000000000000000000000001100000110000000000000000000000000000000000000000000001000000000000000000
000000000000000000000000000000001000000000000000000000000000000000000000000001100001001000000000000000000000000000000000000000000001000000000000000000
000000000000000000000000000000001000000000000000100000000000000000010000000000000000110000000000000000000000000000000000000000000001000000000000000000
000000000000000000000000000000011100000000000001011000000000000000010000000000000000000000000000000000000000000000000000000000000000000000000000000000
000000000000000000000000000000000000000000000101011000000001110000000000000000000000000000000000000000000000000000000000000000000000000000000000000111
000000000000000000000000000000000000000000000000001001100011001000000011000000000000000000000000000000000000000000000000000000000000000000000000000111
010000000000000000000000000000011100000000001001110001100001000100000011000000000000000000000000000001100000000000000000000000000000000000000000000000
010000000000000000000000000000001000000000001100010000000011000000000011000000000000000000000000000001100000000000000000000000000000110000000000000000
010100010000000000000000000000001000000000000011000000000000010000110110000000000000000000000000000000000000000000000000000000000000110000000000000001
101011110000000000000000000000000000000000000000000000000000000000000100000000000000000000000000000000000000000000000000000000000000000000000000000010
110110100000000000000000000000000000000000000000000000000000000000000110000000000000000000000000000000000000000000000000000000000000000000000000000001
110110000000000000010000000000000000000000000000000000000000000000001010000000000000000000000000000000000000000000000000000000000000000000000000000000
000110000000000000010000000000000001000000000000000000000001100011001011000000000000000000000000000000000000000000000000000000000000000000000000000000
000010000000110000001000000000000011000000000000000000000100101000100110110000000000000000000000000000000000000000000000000000000000000000000000000000
000000000000000100111000000000000101000000000000001000000010100000000010010000000000000000000000000000000000000000000000000000000000000000000000000000
000100000000001110011110000000000100000000000000001000000001100000001011010000000000000000000000000000000000000000001000000000000000000000000000000000
000100000000000101000001111000000010000111000100000000000000100100000101100000000110000000000000000000000000000000010100000000000000000000000000000000
000111000000000110000110110100000000000000001000000001010000011000000100000000000110000000000000000000000000000000100100000000000000000000000000000000
001101100000000101011101000100110000000000000100000000101100000011101011100000000000000000000000000000000000000000011000000000000000001100000000000000
001101000000011010101011111000011000000000000000001000101100000011000000100000000000000000000000000000000000000000000000000000000000010100000000000000
001101000000110000110001010000110001100000000000001000010110000000000010000000000000000000000000000000000000000000000000000000000000001000000000000000
000000100001000000010000000000000001001000000000000000011001100000000001000000000000000000000000000000000000000000000000000000000000000000000000000000
101000000001000000100000000000000000000000000000000000001111100000000000000000000000000000000000000000000000000000000000000000000000000000000000000001
111000000001100111101111000000000000000100000000000000000111000101101000000000000000000000000000000000000000000000000000000000000000000000000000000000
111000000000001110101111100000000000101000000000000110000000000100001000000000000011100000000000000000000000000000000000000000000000000000000000000000
000000000000000100000000100000010110100000000000001001000000000101101000000000001101010000000000000000000000000000000000000000000000000111000000000100
000000000000111110001000000000010100100000000000000110000000000000000001100000010100010000000000000000000000000000000000000000000000000000000000000100
000000000000100000001000000000100111100000000000000000000001111100000001100000010001010000000000000000000000000000000000000000000000000000000000000000
000000000000010110010000000000101000000000000000000000000011010001000000000000010101100000000000000000000000000000000000000000000000000000000000000000
000000000000000111000010000000101000000000000000000000000011000001000000000000001110000000000000000000000000000000000000000000000000000000000000001100
000000000000000000000010000000100000001100000000100000000000000001000000000000000000000000000000000000000000000000000000000000000000000000000000001100
000000000000000000000000000000010100111001111100110000000000010100000000000000000000000000000000000000000000000000000000000000000000000000000000000000
000000000000000000000000000000100100110100011110011000000000011100000000000000000000000000000000000000000000000000000000000000000000000000000000000000
000000000000000000000000000000010000011000110000010000000000000000000000000000000000000000000000000000000000000000000000000000000000000000000000000000
000000000000000000000000000000001110001010110010100000000000000000000000000000000000000000000000000000000000000000000000000000000000000110000000000000
000000000011000001100000000000000011100000101101000000000000000000000000000000000000000000000000000000000000000000000000000000000000000110000000000000
000000000011000001100000000000000001100011111100000000000000000000000000000000000000000000000000000000000000000000000000000000000000000000000000000000
000000000000000000000000000000000000011111110000000000000000000000000000000000000000000000000000000000000000000000000000000000000000000000000000000000
000000000000000000000000000000000000000000000000000000000000000000000000000000000000000000000000000000000000010000000000000000000000000000000000000000
000000000000000000000000000000000000000000000000000000000000000111000000000000000000000000000000000000000000101000000000000000000000000000000000000000
000000000000000000000000000000000001100000000000000000000000000000000000000000000000000000000000000000000001001000000000000000000000000000001100000000
000000000000000000000100000000000001100000000000000000000000000000000000000000000000000000000000000000000000110000000000011000000000000000010010000000
000000000000000000001100000000000000000000000000000000000000000000000000000000000000000000000000000000000000000000000000011000000000000000010100000000
000000000000000000001010000000000000000000000000000000001000000000000000000000000000000000000000000000000000000000000000000000000000000000001000000000
000000000000000000000000000000000011000000000000000000010100000000000000000000000000000000000000000000000000000000000000000000000000000000000000000000
000000000000000000000000000000000011000000000000000000010100000000000000000000000000000000000000000000000000000000000000000000000000000000000000000000
000000000000000000000000000000000000000000000000000000001000000000000000000000000000000000000000000000000000000000000000000000000000000000000000000000
000000000000000000000000000000000000000000000000000000000000000000000000000000000000000000000000000000000000000000000000000000000000000000000000000000
000000000000000000001100000000000000000000000000000000000000000000000000000000110000000000000000000000000000000000000000000000000000000000000000000000
000000000000000000001100000000000000000000000000000000000000000000000000000001001000000000000000000000000000000000000000000000011000000011000000000000
000000000000000000000000000000000000000000000000000000000000000000000000000010001000000000000000000000000000000000000000000000100100000100100000000000
000000000000000000000000000000000000000000000000000000000000000000000000000100000000000000000000000000000000000000000000000000011000000011000000000000
000000000000000000000000000000000000000000000000000000000000000000000000000000010000000000000000000000000000000000000000000000000000000000000000000000
000000000000000000000000000000000000000000000000000000000000000000000000001000100000000000000000000000000000000000000000000000000000100000000000000000
000000000000000000000000000000000000000000000000000000000000000000000000001000000000000000000000110000000000000000000000000000000001010000000000000000
000000000000000000000000000000000000000000000000000000000000000000000000010000000000000000000000110000000000000000000000000000000001010000000000000000
000000000000000000000000000000000000000000000000000000000000000000000000111111000000000000000000000000000000000000000000000000000000100000000000000000
000000000000000000001100011000000000000000000000000000000000000000000000001000000000000000000000000000000000000000000000000000000000000000000000000000
000000000000000000010010011000000000000000000000000000000000000000000000000000100000000000000000000000000000000000000000000000000000000000000000000000
000000000000000000010100000000000000000000000000100000000000000000000001001001000000000000000000000000000000000000000000000000000000000000000000000000
000000000000000000001000000000000000000000000001010000000000000000000000111101000000000000000000000000000000000000000000000000000000000000010000000000
000000000000000000000000000000000000000000000001010000000000000000000000000111001100000000000000000000000000000000000000000000000000000000101000000000
000000000000000000000000000000000000000000000000100000000000000000000000000111001100000000000000000000000000000000000000000000000000000000101000000000
