000000000000000000000000000000000000000000000000000000000000000000000000000000000000000000000011000000011101110010000000000000000000100000000000000000
000000000000000000000000000000000000000000000110000000000000000000000000000000000000000000000011000000000001111100000000000000000000000000000000000000
000000000000000000000000000000000000000000000110000000000000000000000000000000000000000000000000000000000001101100000000000000000000000000000000000000
000000000000000000000000000000000000000000000000000000000000000000000000000000000000000000000000000000000000000000000000000000000000000000000000000000
000000000000000000000000000000000000000000000000000000000000000000000000000000000000000000000000000000000001110000000000000000000000000000000000000000
000000000000000000000000000000000000000000000000000000000000000000000000000000000000000000000000000000000001010000000000000000000000000000000000000000
000000000110000000000000000000000000000000000000000000000000000001100000000000000000000000000000000000001111010000000000000000000000000000000000000000
000000001001000000000000000000110000000000000000000000000000000001100000000000000000000000000000000000001001100000000000000000000000000000000000000000
000000001001000000000000000000110000000000000000000000000000000000000000000000000000000000000000000000000111000000000000000000000000000000000000000000
000000000110000000000000000000000000110000000000000000000000000000000000000000000000000000000000000000000010000000000000000000000000000000000000000000
000000000000000000000000000000000000110000000000011000000000000000000000000000000000000000000000000000000000000000000000000000000000000000000000000000
000001100000000000000000000000000000000000000000011000000000000000000000000000000000000000000000000000000000000000000000000000000000000000000000000000
000001100000000000000000000000000000000000000000000000000000000000000000000000000000000000000000000000000000000000000000000001110000000000000000000000
000000000000000000000000000000000000000000000000000000000000000000000000000000000000000001100000000000000000000000000000000000000000000000000000000000
000000000000000000000000000000000000000100000000000000000000000000000000000000000000000010010000000000000000000000000000000000000000000000000000000000
000000000000000000000000000000000000001010000000000000000000000000000000000000110000000001100000000000000000000000000000000000000000000000000000000000
000000000000000000000000000000000000001010000000000000000000000000000000000000110000000000000000000000001100000000000000000000000000000000000000000000
000000010000000000000000000000000000000100000000000000000000000000000000000000000001100000000000000000001100000000000000000000000000000000000000000000
000000101000000000000000000000000000000000000000000000000000000000000000000000000001100000000000000000000000000000000000000000000000000000000000000000
000000100000000000000000000000000011000000011000000000000000000000001000000000000000000000000000000000000000000000000000000000000000000000000000000000
000000111010000000000000000000000100100000100100000000000000000000010100000110000000000000000000000000000000000000000001000000000000000000000000000000
000000000011000000000000000000000011000000011000000000000000000000001000000110000000000000000000000000000000000000000001000000000000000000000000000000
000000000010000000000000000000000000000000000000000000000000000000000000000000011000111000000000000000000000000000000001000000000000000000000000000000
000000101100000000000000000000000000000100000000000000000000000000000000000000010100000100000000000000000000000000000000000000000000000000000000000000
000000011000000000000000000000000000001010000000000000000000000000000000000000110001000100000000000000000000000000000000000000000000000000000000100000
000000010000000000000000000000000000001010000000000000000000000000000000000110010001011100000000000000000000000000000000000000000000000000000001010000
110000000000000000000000000000000000000100000000000000000000000000000000000110001101100010000000000000000000000000000000000000000000000000000000100000
110000000000000000000000000000000000000000000000000000000000000000000000000000000110000000000000000000000000000000000000000000000000000000000000000000
000000000000000000000000000000000000000000000000000000000000000011000000000000000000000000000000000000000000000000000000000000000000000000000000000000
000000000000000000000000000000000000000000000000000000000000000011000000000000000000000000000000000000000001000000000000000000000000000000000000000000
000000000000000000000000011000000000000000000000000000000000000000000000000000000000000000000001100000000010100000000111000000000000000000000000000000
000000000001100000000000011000000010000000000000000000000000000000000000000000000000000000000001100000000010100000000000000000000000000000000000000000
000000000001100000000000000000000010000000000000001110000000000000000000000000000000000000000000000000000001000000010000010000000000000000000000000000
000000000000000000000000000000000010000000000000000000000000000000000000000000000000000000000000000000000000000000010000010000000000000000000000000000
000000000000000000000000000000000000000000000000000000011000000000000000000000000000000000000000000000000000000000010000010000000000000000000000000000
000000000000000000000000000000000000000000000000000000100100000000000000000000000000000000000000000000000000000000000000000000000000000000000000000000
000000000000000000000000000000000000011000000000000000011000000000000000000000000000000000000000000000000000000000000111000000000000000000000000000000
000000000000000000000000000000000000011000000000000000000000000000000000000000000000000000000000000000000000000000000000000000000000000000000000000000
000000000000000000000000000000000000000000000000000000000000000000000000000000000000000000000000000000000000110000000000000000000000000000000000000000
000000000000000000000000000000000000000000000000000000000000000000000000000000000000000000000000000000000000110000000000000000000000000110001100000000
000000000000000000000000000000000000000000000000000000000000000000000000000000000000000000000000000000000000000000000000000000000000000101111100000000
000000000000000000000000000000000000000000000000000000000000000000000000000000000000000000000000000000000000000000000000000000000000000000010000000000
000000000000000000000000000000000000000000000000000110000000000000000000000000000000000000000000000000000000000000000000000000000001010000010100110000
000000000000000000000000000000000000000000000000001001000000000000100000000000000000000000000101000000000000000000000000000000000001010000011110000000
000000000000000000000000000000000000000000000000001010000000000001100000000000000000000000010011000000000000000000000000000000000001000010110000111010
100000000000000000000000000000000000000000000000000100000000000000000000000000000000000000100001000000000000000100000000000000000000110001101111110111
010000000000000000000000000000000000000000000000000000000000000100100000000000000000000000000000000000000000000100000000000000000000110000100010000000
001000000000000000000000000000000000000001100000000000000000011000000000000000000000001000101000000110000000000100000000000000000000000000111100010010
110000000000000000000000000000000000000001100000000000000000000000010000000000000000001000000000000001000000000000000000000000000000000000010110010000
100000000000000000000000000000000000100000000000000000000000000000010000000100000000011100000000001010000000000000000000000000000000000000000000000110
000000000000000000000000000000000000100000000000000000000000010010000000001110000000000000000110000100000000000000000000000000000000000001110000110000
000000000000000000000000000000000000100000000000000000000000001110110000011011000001100110001100000000000001100000000000000000000000000001010000000000
000000000000000000000000000000000000000000000000000000000000000001110000010101000001011110000000000000000001100000000000000000000000000001010000011000
000000000000000000000000000000000000000000000000000000000000000011100000010001000011111100000000000000000000000000000000001000000000000000000000000000
000000000000000000000000000000000000000000000000000000000000000001000000001010000110010000000000000000000000000000000000001000000000000000000000111000
000000000000000000000000000000000000000000000000000000000000001110000000000100000111000000000000000000000000000000000000001000000000000000000000000000
000000000000000000000000000011000000000000000000000000000000000100000000000000000100111000000000000000000000000000000000000000000000000000000000000000
000000110000000000000000000100100000000000000000000000000000000000000000000000000000100000000000000000000000000000000000000000000000000000110000000000
000001001100000000000000000011000000000000000000000000000000000000000000000000000000001010000000000000000000000000110000000000000000000001001000000000
000001101000000000000000110000000000000000000000000000000000000000000000000000000000001010000000000000000000000000110000000000000000000000101010000000
000000011011000000000001010000000000000000000000000001110000000000000000000000000000000000000000000000000000000000000000000000000000000000100010000000
000000000111000000000000100000000000000000000000000001001000000000000000000000000000000000000000000000000000000000000000000000000000000000010110000000
000000000001000000000000000000000000000000000000000010000100000000000000000000000001000000000000000000000000000000000000000000000011000000111000000000
000000010011000000000000000000000000000000000000000011100010000000000000000000000110110000000000000000000000000000000000000000000011000000000000000000
000000001110011000000000000000000000000000000000000000110011000000000000000000000000110000000000000000000000000000000000000000000000000000000000000000
000000000100011000000000000000000000000000000000000000010110000100000000000000000000110000000000000000000000000000000000000000000000000000000000000000
000000000000000000000000000000000000000000000000000011010111000110000000000000000110000000000000000000110000000000000000000000000000000000000000000000
000000000000000000000000000000000000000000000000000100011101100010000000000000000000000000000000000000110000000000000000000000000000000000000000000000
000000000000000000000000000000000000000000000000000100101000010110000000001010000010100000000000000000000000000000000000000000000000000000000000000000
000001000000000000000000000000000000000000000000111000000100010110000110000001000011000000000000000000000000000000000000000000000000000000000000000000
000010100000000000000000000000000000000000000001111100100001100110011000011001000000000000000000000000000000000000000000000000000000000000000111000000
000001100001000000000000000000000000000000000010000100100000000000010000001111000000000000000000000000000000000000000000000000000000000000000000000000
000001000110000000000000000000000000000000000001100001000000000000000000110000000000000000000000000000000000000000000000000001100000000000000000000000
010010001010000000000000000000000000000000000000100000000100000000110010101000000000000000000000000000000000000000000000000010010000000000000000001101
100010100010000000000000000000000000000000000000000000001001000000000110100100000000000000000000000000110110000000000000000001100000000001100000001000
100111011100000000000000000000000000000000000000000011001111100000111101111010000000000000000111000000110110000100000000000000000000000010010000000100
000110000000000000000000000000000000000000000000000001001000000000111000000111000000000000000000000000000000001010000000000000000000000001000000000000
000000000000000000000000000000000000000000000000000010100011110000000000000011000000000000000000000000000000010010000000000000000000000010010000000000
000000000000000000000000000000000000000000000000000010100100010000000000001000100000000000110000000000000000001100000000000000110000000001111000000110
000000000000000000000000000000000000000000000000000011101000000000000010111100100000000000110000000000000000000000000000000001001000000000001100000110
000000000000000000000000000000000000000000000000000001000000000000000010100001100000000000000000000000000000000000000000000000101000010000001100000000
000000000000000000000000000000000000000000000001100000000000000000000000100000000000000000000000000000000000000000000000000000010000100000001000000000
000000000000000000001100000000000000000000000011100000000000000000110001000000000000000000000000000000000000000000000000000000000001100111111000000000
000000000000000000001100000000000000000000000111110000000000000001011000110000000000000000000000000000000000000000000000000000000011001100010000000000
000000000000000000000000000000000000000000000010000000000000000001010000010000000000000000011000000000000001100000000000000000000000100001100000000000
000000000000000000000000000000000000000000000000111000011100001000000101000000000000000000011000000000000001100000000000000000000000000000000000000000
000000000000000000000000000000000000000000000000110011111111000000010100000000000000000001110000010000000000000000000000001000011000000000001000100000
001100000000000000000000000000000000000000000000110011011010000000000000000000000000000001100000010000000000000010000000011000011000000000010000010000
001010000000000000000000000000000000000000000000000011001000001101010010000000000000011000000000010000000000001101100001101100000000011100010000001000
000101000000000000000000011000000000000000000000000000001111001100010100000000000000011000000001100000000000001101100001100101010000000000010000001000
000010000000000000001100011000000110000000000000000000000100000000110100000010000000000000000001100000000011001001100001101010101000000000010011110000
000000000000000000001100000000000110000000000000000000000000000000000000001100000000000000000000000000000000100110000000011100000100000000010000000000
000000000000000000000000000000000000000000011000000000000000000000000000001001000000000000000000000000000000000000000000000001000110000000000001000000
000000000000000000000000000000000000000000011000000000000000000000000000001001111000000000000000000000010000100000000000000000100100000000100011000000
000000000111000000000000000000000000000000000000000000000000000000000000000111011000000000001110000000011011000000000000000000111000000000100101000000
000000000000000000000000000000000000000000000000000000000000000000001100000000000000000000100110000000101000000000000000000000000000000000000000000010
000000000000000000000000000000000000000000000000000000000000000010011000000000000000000010110000000000110000000000000000000000000000000000000000000101
000000000000000000000000000000000100000000000000000000000001100101001001000000101000000100110000000000001000000000000000000000000000000000000110000101
000000000000000000000000000000000100000000000000000000000001100100101000000100001000001110000000000101101000000000000000000000000000000000000011000010
000000000000000000000000000000000100000000000000000000000010000001101000001010000000000110000110000101101000000000000000000000000000000101000110000000
001100000010000000000000000000000000000000000000000000000001000010110001001001000000000010000110001001001000000000000000000000000000000100101000001000
010010000101000000000000000000000001110000000000000000000000000011101010001101100000010000000000000000000000000000000000000000000000001000111011100100
001100000100100000000110000000000000000000000000000000000000000011011100011101100000110000000000000001000000000000000000000000000000000100101011111000
000000000011000000000110000110000000000000000000000000000000000000000000100101100000000000000000000011010000000000000000000000000000000001001100000000
000000000000000000000000000110000000000000000000000000000000000000100001001110000000000000000000000001010000000000000000000000000000001100000110000000
000000000000000000000000000000000000000000000000000000000000000011011001001000000000000000000000000000100000000000000000000000000000000110000010000010
000000000000000000000000000000000000000000000000000000000000110011010001010000000000000000000000000000000000000000000000000000000000010100000000000001
000000000000000000000000000000000000000000000000000000000000110000110011110000000000000000000000000000000000000000000000000000000000001000000000000010
000000000000000000000000000000000000000000000000000000000000000000001111100000000000000000000000000000000000000000000000000000000000000000000000000000
000000000100000000000000000000000000000000000000000000000000000000001001000000000110000000000000000000000000000000000000000000000000000000000000000000
000000001010000000000000000000000000000000000000000000000000000000000110000000000110000000000000000011000000000000000000000000000000000000000000000000
000000001010000000000000000000000000000000000000000000000000000000000110000000000000000000000000000011000000000000000000000000000000000010000000000000
000000000100000000000000001100000000000000000000000000000000000000000000000000000000000000000000000000000000000000000000000000000000000010000000000000
000000000000000000000000001100000000000000000000000000000000000000000000000000000000000011100000000000000000000000000000000000000000000010000000000000
000000000000000000000000000000000000000000000000000000000000000000000000000000000000000000000000000000000000000000000000000000000000000000000000000000
000000000000000000000000000000000001000000000000000000000000000001100000000000001000000000000000011000000000000000000000000000000000000000000000000000
000000000000000000000000000000000001000000000000000000000000000010010000000000001000000000000000011000000000000000000000000000000000000000000000001100
000000000011100000000000000000000001000000000000000000000000110000010111000000111000000000000000000000000000000000000000000000000000000000000000001100
000000000000000000000000000000000000000000000000000000000000110010001001000001100000000000000000000000000000000000000000000000000000000000000000000000
000000000000000000000000000000011000011100000000000000000000000100110111000011000000000000000000000000000000000000000000000000000000000000000000000000
000000000000000110000000000000011000000000000000000000000000000110011010000001100000000000000000000000000000000000000000000000000000000000000000000000
000000000000001001000000000000000001000000000000000000000000000110000000000000000000000000000000000000001110000000000000000000000000000110000000000000
000000000000000110000000000000000001000000110000000000000000000000000011000000000000000000010000000000000000000000000000000000000000000110000000000000
000000000000000000000001100110000001000000110000000000000000000000000000000000000000000000101000000000000000000000000000000000000000000000000000000000
000000000000000000000001100110011000000000000000000000000000000000000000000000000000000001010000000000000000000000000000000000000000000000000000000000
000000000011000000000000000000011000001100000000000000000000000000100000000000000000000001100000000000000000010000000000000000000000000000000000000000
000000000101000000000000000000000000010010000000000000000000000001010000000000000000000000000000000000000000101000000000000000000000000000000000000000
000110000010000000000000000000000000001100000000000000000000000001010000000000000000000000000000000000000001001000000000000000000000000000001100000000
000110000000000000000000000000000000000000000000000000000000000000100000000000000000000000000000011000000000110000000000011000000000000000010010000000
000000000000000000000000000000000000000000000000000000000000000000000000000000000000000000000000100100000000000000000000011000000000000000010100000000
000000000000000000000000000000000000000000000000000000000000000000000000000000000000000000000000011000000000000000000000000000000000000000001000000000
000000000000000000000000000000000000000000000000000000000000000000000000000000000000000000000000000000000000000000000000000000000000000000000000000000
000000000000000000000000001100000000000000000000000001000000000001100000000000000000000000000000000000000000000000000000000000000000000000000000000000
000000000000000000000010001100000000000000000000000010100000000001100000000000000000000000000000000000000000000000000011000000000000000000000000000000
000000000000000000000010000000000000000000000000000010100000000000000000000000000000000000000000000000000000000000000011000000000000000000000000000000
000000000000000000000010000000000000000000000000000001000000000000000000000000000000000000000000000000000000000000000000000000000000000000000000000000
000000000000000000000000000000000000000000000000000000000000000000000000000000000000000000000000000000000000000000000000000000011000000011000000000000
000000000000000000111000111000000000000000000000110000000110000000000000000000000000000000000000000000000000000000000000000000100100000100100000000000
000000000000000000000000000000000000000000000001001000001001000000000000000000000000000000000000000000000000000000000110000000011000000011000000000000
000000000000000000000000000000000000000000000000110000000110000000000000000000000000000000000000000000000000000000001001000000000000000000000000000000
000000000000000000000000000000000000000000000000000000000000000000000000000000000000000000000000000000000000000000001010000000000000100000000000000000
000000000000001000000000000000000000000000000000000001000000000000000000000000000000000000000000000000001000000000000100000010000001010000000000000000
000000000000001000000000000000000000000000000000000010100000000000000000000000000000000000000000000000010100000010000000000010000001010000000000000000
000000000000001000000000000000000000000000000000000010100000000000000000000000000000000000000000000000010100000010000000000010000000100000000000000000
000000000001000001000000000000000000000001000000000001000000000000000000000000000000000000000000000000001000000010000000000000000000000000000000000000
000000000010100010100000000000000000000010100000000000000000000000000000000000000000000000000000000000000000000000000000111000111000000000000000000000
000000000010100010100000000000000000000010100000000000000000000000000000000000001100000000000000000000000000000000000000000000000000000000000000000000
000000000001000001000000000000000000000001000000000000000000000000000000000000001100000000000000000000000000000000000000000010000000100000000000000000
000000000000000000000000000000000000000000000000000000000000000000000000000000000000000000000000000000000000001100000000000010000001010000000000000000
000000000000000000000000111000000000000000000000000000000000000000000000000000000000000000000000000000000000000110000000000010000001010000000000000000
