001110000000000000000000001000000110000000000000000000000000000000000000000000000000000000000000000000000000000000000000000000000000000000011001000000
000000000000000000000000000000000000000000000000000000000000000000000000110000000000000000000000001000000000000000000000000000000000000000001110000000
100000000000000000000000000000000000000000000000000000000000000000000000110000000100000000000000001000000000000000000000000000000000010000000100000000
100000000000000000000000000000000000000000000000000000000000000000000000000000000110000000000000001000000000000000000000000000000001100000000000000001
111000000000000000000000000000000000000000000000000000000000000000000000000000000110000000000000000000000000000000000000000000001101000000000010000010
000000000000000000000000000000000000000000000011100000000000000000000000000000000010000000000000000000000000000000000000000000001110011001100101000111
000100000000000000000000000000000000000000000000000001110000000001100000000000000000000000000000000000000001100000000000000000001100110001001101100000
000000000000000000000000000000000000110000000000000000000000000001100000110000000000000000000000000000000001100000000000000000000000010110000001000001
111010000000000000000000000000000000110000000000000000000000000000000000110000000000000000000000000000000000000000000000000000000000000011001001000000
111100000000000000000000000000000000000000000000000000000000000000000000000000000000000000000000000000000000000000000000000000000000000011011001000000
011100000000000000000000011000000000000000000000000000000000000000000000000000000000000000000000000000000000000000000000000000000000000110011011000000
000000000000000000000000010100000000000000000000000000000000000000000000000000000000000000000000000000000000000000000000000000000000000000000100000000
000000110000000000000000001000000000000000000000000000000000000000000000110000000000000000000000110000000000000000000000000000011101110000000000000110
000001001000000000000000000000000000000000000000000000000000000000000000110000000000000000000000110000000000000000000000000000010000010000000000001001
000000110000000000000000000000000000000000000000000000000000000000000000000000000000000000000000000000000000000000000000000000010000010000000000000110
000000000000000000000000000000000000000000000000000000000000000000000000000000000000000000000000000000000000000000000000000000001000100000000000000000
001000000000000000000000000000000000000000000000000000000000000000000000000000000000000000000000000000000000000000000000000000100111000000000000000000
010100000000000000000000000000000000000000000000000000000000000000000001000000000000000000000000000000000000000000000000000001110000000000000000000000
010100000000000000000000000000000000000000000000000000000011000000000010100000000001100000000000000000000000000000000000000011111000000000000001100000
001000000000000000000000000000000000000000000000000000000011000000000001000000000001100000000000000000000000000000000000000110001100000000000001010000
000000000000000000000000000000000000000000000000000000000000000000000000000000000000000000000000000000000000000000000000001110001110000000010000100000
000000000000000000000000000000000000000000000000000000000000000000000000000000000010000000001100000000000000000000000000000110001100000000101000000000
000000000000000000000000000000000000000000001100000000000000000000000000000000000111000000010010000000000000000000000000000011111000000000110000000000
000000000000000000000000000000000000000000001100000000000000000000000000000000001001100000001010000000000000000000000000000001111111100000000000000011
100000000000000000000000000000000000000000000000000000000000000000000000000000011101111100000100000000000000000000000000001000110100110000000000000100
000000000000000000000000000000000000000000000000000000000000000000000000000000001111111100000000000000000000000000000000001000000000001011000000000011
000000000000000000000000000000000000000000000000000000000000000000000000000000000010000000000000000001100000000000000000011000001000101100010000000000
000000000000000000000000000000000000000000000000000000000000000000000000000000000000000000000000000010010000000000110000101000000111000001001000000000
000000000000000000000000000000000000000000000000000000000000000000000000000000000000000000000000000001100000000000110000101000000000000000010000100000
000000000000000000000000000000000000000000011000000000000000000000000000000000000000000000000000000000000000000000000000000001011000000000000001010000
000000000000000000000000000000011000000000011000000000000000000000000000000000000000000000000000000000000000000000000000000010100010000000000001100000
000000000000000000000000000000011000000000000000000000000000000000000000000000000000000000000000000000000000000000000000000010101000000000000000000000
000000000000000000000000000000000000000000000000000000000000000000000000000000000000000000000000000000000000000000000000000001000001000000000000000000
000000000000000000000000000000000000000000000000000000000000000000000000010000000000000000000000000000000000000000000000000000000110000000000000000000
000000000000000000000000000000000000000000000000000000000000000000000000101000000000000000000000000000000000000000000000000000000000000000000000000000
000000000000000000000000000000000000000000000000000000000000000000000000100100000000000000000000000000000000000000000000000001000000000000000000000000
000000000000000000000000000000000000000000000011000000000000000000000000011000000000000010000000000010000000010000000000000010100000000000000000000110
000000000000000000000000000000000000000000000100100000000000000000000000000000000000000101000000000010000000101000011000000010100000000100000000001001
000000000000000000000000000000000000000000000011000000000000000111000000000000000000000101000000000010000000011000011000000000000000001010000000000110
000111000000000000000000000000000000000000000000000000000000000000000000000000000000000010000000000000000000000000000000000000000000001010000000000000
000111000000000000000000000000000000000000000000001100000000010000010000000000000110000000000000000000100000000000000000000000000000000100000000000000
000010000000000000000000000000000000000000000000010010000000010000010000000000000110000000000000000001011100001100000000000000000000000000000000000000
011000000000000000000000000000000000000000000000001100000000010000010000000000000000000000000011000011001110001110000000000000000011000000011000000000
111100001100000000000000000000000000000000000000000000000000000000000000000000000000000000000000001110110011111001000000000000000100100000100100000000
100100011100000000000000000000000000000000000000000000000000000111000000000000000000000000000000000110011000000100100000000000000011000000011000000000
000101001100000000011101110000000000000000000000000000000000000000000000000000000000000000000000001100000111000001000000000000000000000000000000000000
000100100000000001101001000100000000000110000000000000000000000000000000000000000000000000000000000000000011001110000000000000000000000100000000000000
000100010000000001001000000100000000000110000000000000000000000000000000000000000000000000000000000001100000000000000000000000000000001010000000000000
000011001000000000000010101100000000000000000000000000000000000000000010000000000000000000000001010001100000101000000000000000000000001010000000000000
000000000010000000000111000000000000110000000000000000000000000000000101000000001000000001110010010001110000010000000000000000000000000100000000000000
000000000001000001011010000000000001001000000000000000000000000000000110000000110110000010001100010000000000010000000000000000000000000000000000000000
000000000001000001010000000000000000110000000000000000000000000000000000000000100011000010001100100000000000010000000000000000000000000000000000000000
000000100010000000100000000100000000000000000000000000000000000000000000000000001010000010001011101000000000010000000000000000000000000000000000000000
000000000000000000100000000100000000000111000000001100000000000000000000000001001000000001110000000000000000000000000000001101111000000000000000000000
000000000000000000000000000100000000000000000000001100000000000000000000000001110000000000000000000000000000000000000000001010000000000000000000000000
000000000000000000000000000000000000000000000000000000000000000000000000000000000000000000000000000000000000000000000000111010000000000000000000000000
000110000000000000000100000000000000110000000000000000000000000000000000000000000000000000000000000000000000000000000000111000000000000000000000000000
001001000000000000011011000000000000110000000000000000000000000000000000000000110000000000000000000000000000000000000001010000000000000000000000000000
000110000000000000000000000000000000000000000000000000000000000000000000000001000000000000000000000000000000000000000001010000000000000000100000000000
000000000010000000100000100000010000000000000000000000000000000000000000000001000000000000000000000000000000000110000000000000001100000001010000000000
000000000010000000010000100000101000000000000000000000000000000000000000000001000001000000000000000000000000000110000110000000010000000000000000000000
000000000010000000001000000000100100000000000000000000000000000000000000000000100100100000000000000000000000000000001010000000110010000000000000000000
000000000000000000000100010000011000000000000000000000000000000000000000000000011111000000000000000000000000000000000010000000000000000000000000000000
000000000000000000000000001000000000000000000000000000000000000000000000000000000110000000000000000000000000000000000000000000010100000000010000000000
000000000000000000000001001000000000000000000000000000000000000000000001000000000000000000000000000000000000000000000000000000011100000000110000000000
000000000000000000000000110000000000000000000000110000000100000000000010100000000000010000000000000000000000000000000000000000000000000001101000000000
000000000000000000000000000000000000000000000000000000001010000000000010100000000000101000000000000000000000000000000000000000000000000000101000000000
000000000000000000000000000000000000000000000000000000001010000000000001000000000000101000000000000000000000000000000000000000000000000000011000000000
000000000000000000000000000000000000000000000000000001000100000000000000000000000000010000000000000000000000000000000000000000000000000000000000000000
000100000000000000000000000000000000000000000000000010100000000000000000000000000000000000000000000000000000000000000000000000000000000000000000000000
001010000000000000000000000000000000000000000000000000010000000000000001100000000000000000000000000000000000000000000000000000000000000000000000000000
001100000000000000000000000000000000000000000000000010100000000000000001100000000000000000000000000000000000000000000000000000000000000000000000000000
000010000000000000000000000000000000000000000000000000000000000000000000000000000000000000000000000000001100000000000000000000000000000000000000000000
000101000000000000000000000000000000000000000000000000000000000000000000000000000000000000000000000010010010000000000000000000000000000000000000000000
000111000000000000000000000000000000110000000000000001100000000000000000000000000000000000110000000101100001000000000000000000000000000000011100000000
001001000000000000000000000000000000110000000000000001100000000000000000000000000000000011110000001110011001100000000000000000000000000000100100000000
011010000000000000000000000000000000000000000000000000000000000000000000000000000000000101101000000111011101000000000000000000011000000000101100000000
001010000000000000000000000000000000000000000000000000000000000000000000000000000000001100001100000000000110000000000000000000100100101000010000000000
000100000000000000000000000000000000000000000000000000000000000000000000000000000100100101111000100011000000000000000000000001000000011000000011100000
000000000000000000000000000000000000000000000000000000000000000000000000000000000100100011111101101110000000000000000000000001100000011000000100010000
000000000000000000000000000000000000000000000000000000000000000000000000000000001000010000100000011011000000000000000000000000111000000000001000010000
001100001110000000000000000000000000000000000000000000000000000000000000000000000100001101100110000110000000000000000000000110000000000000001000100000
001100000000000000000000000000000000000000000000000000000000000000000000000000000100000000100011000100000000000000000000000000000000000000001110000000
000000000000000000000000000000000000000000000000000000000000000000000001000000000000000001000011000000000000000000000000000010000000000000000000000000
000000000000000000000000000000000000000000000000000000000000000000000001000000000000000010000001000000000000000000000000000000011000000000000000000000
000000110000000000000000000000000000000000000000000000000000000000000001000000000000000000000000000000000000000000000110000110011000000000000000000000
000000110000000000000000000000000000000000000000000000000000000000000000000000000000000000000000000000000000000000000110000111000000000000000000000000
000000000011000000000000000000000000000000000000000000000000000111000000011100000000000000000000000000000000000000000000000011000000000000000000000000
000000000100100000000000000000000000000000000000000000000000000000000000000000000000000000000000000000000000000000000000000000000000000000000000000000
000000000010100000000000000000000000000000000000000000000000010000001010000000000000000001000000000000000000000000000000000000000000000000000000000000
000000000001000000000000000000000000000000000000000000000000010000000100000000000000001011100000000000000000000000000000000000000000000000011000000000
000000000000000000000000000000000000000011000000000000000000010000000000000000000000000100010111000000000000000000000000000000000000000000100000000000
000100000000000000000000000001100000000011000000000000000000000000000000000000000000000100011000100000000000000000000000000000000000000000100000000000
001010000000000000000000000001100000000000000000000000000000000111000000000000000000000010000000010000000000000000000000000000000000000000010100000000
001100000000000000000000000000000000000000000000000000000000000000000000000000010000000000000000001000000000000000000000000000000000000000001000000000
000000000000000000000000000000000000000000000000000000000000000000000001100000010000000000001110001000000000000000000000000000000000000000000000000000
000000000000000000000000000000000000000000000000000000000000000000000010000000010000000001000010011000000000000000000000000000000000000000000100000000
000011100010000000000000000000000000000000000000000000000000000000000010000100000000000000101100000000000000000000000000000000000000000000001111000000
000010111001000000000000000001000000000000000000000000000000000000000010001010000111000110100000000000000000000000000000000000000000000000011000110000
000001100110000000000000000001000000000000000000000000000000000000000001100010000000000110111110000000000000000000000000000000000000000000001010010000
000000011110000000000000000001000000000000000000000000000000001000000001001100000000000110101011000000000000000000000000000000000000000000000000010000
000000001000000000000000000000000000000000000011000000000000001000000000011100000000000000001011000000000000000000000000000000000000000000000100100000
000000000000000000000000000000000000000000000011000000000000001000000000100000000000000001100011100001110000000000001000000000000000000000000011100000
000000000000000000000000000000000000000000000000000000000000000000000000000100000000000000001011110001010000000000010100000000000000000000011100000000
000000000000000000000000000000000000110000000000000000000011100011100000001100000000000000000110011001110000000000100100000000000000000000000000000000
000000000000000000000000000000000000110000000000000000000000000000000000000100000000000000000110001000000000000000011000000000000000000000010100000000
000000000000000000000000000011000000000000000000000000000000001000000000000110000000000000000001001100000000000000000000000000000000000111111000000000
000000000000000000000000000100100000000000000000000000000000001000000000001111000000000000000001101000000000000000000000000000000000000100100000000000
000000000000000000000000000101000000000000000000000000000000001000000000001000110000000000000000111000000000000000000000000000000000000000000000000000
000000000000001110000000000010000000000000000000000000000000000001100000000110101000000000000001010000000000000000000000000000000000000011100000000000
100011000000001010000000000000000011100000000000000000000000000010010000000100001100000000000000110000000000000000000000000000000000000000000000000001
100010100000100010000000000000000000000000000000000000000000000001100000100100001000000000000110000000000000000000000000000000000000000000000000000010
000101100000101100100000000000001000001000000000000000000000000000000100011000010000000001111100000000000000000000000000000000000000000000000000000111
001000000000100010000001100000001000001111000000111000000000000000001000010000000000000001111010000000000000000000000000000000000000000000000000001011
101000000000001100000000001100001000001111000000000000000000000000000100010011100010000001000000000000000000000000000000000000000000000000000000001001
011011000000000000000110100000000000000000000000000000000000000000000011010000000101000000010100000000000000000000000000000000000000000000000000000111
000001000000001000000110001011000011100000000000000000000000000000000000000000000110000000010101000000000000000000000000000000000000000000000000000100
100010101100001000011110100011000010000000000000000000000000000000000000010010000000000000000110000000000000000000000000000000000000000000000000000001
000000011010000001110000001011000110000000000000000000000000000000000000001110000000000000000001000000000000000000000000000000000000000000000000000001
010000000010000000000001100000001101000000000000000000000000000000000000000100000000000000000000000000000000000000000000000000000000000000000000011000
010110011100000000000000001100010001000000000000000000000000000000000000000000011000000000000000000000000000000000000000000000000000000000000000001101
011110011100000000101000000000011110000000000000000000000000000000000000000000100100000011000000000000000000000000000000000000000000000000000000000100
110000000000000000101101000001000000000000000000000000000000000000000000000000011000000011000000000000000000000000000000000000000000000000000000000100
000000000000000000101010100010000110000000000000000000000000000000000000000000000000000000000010000000000000000000000000000000000000000000000000000001
000000000000000001010000000001000010000000000000000000000000000000000000000000000000000000000101000000000000000000000000000000000000000011000000000000
000000000000000001001000000000111100000000000000000000000000000000000000000000000000000000000101000000000000000000000000000000000000000011000000000000
000000000000000010001000010000011100000000000000000000000001110000000000000000000000000000000010000000000000000000000000000000000000010000000000000000
000000000000000001110000110000000000000000001110000000000000000000000000000000000000000000000000000000000000000000000000000000000000101000000000011000
000000000000011000000010000000000000000000100001000000000000000000000000000000001110000000000000000000000000011000000000000000000001000100000000100100
000000000000100100000000000000001000000000100000000000000000000000000000000000000000000000000000000000000000011000000000000000000000101000000000100100
000000000000010100011000000000011100011100100001010000000000000000000000000000000000000000000000000000000000000000000000000000000000100000000000011000
000000000000010000011010000000110010001000000000010100000000000000000000000000000000000000000000000000000000000000000000000000000000000000000000000000
000000000000001111001011100000010000001100000000010010001100000000000000000000000000000000000000000000000000000000000000000000000000000001000000000000
000000000000000001100001000000001001001100000000001100010010000000000000000000000000000000000000110000000000000000000000000000000000000010100000000000
000000000000000000000000000000000000111001100000000000001100000000000000000000000000000000000000110000000000000000000000000000001000000100100000000000
000000000000000000100100000000000000011011000000000000000000000000000000000000000000000000000000000000000000000000000000000000011000000011000000000000
000000000000000000000000000000000000001110000000000010000000000000000000000000000000000000000110000000000000000000000000000000110000000000000000000000
000000000000000000000000000000000000000110000000000101000000000000000000000000000000000000001001000000000000000000000000000000010000000000000000000000
000000000000000000000000000000000000000110001100000101000000000000000000000000000000010000000101000000000000000000000000000000011011110000000000000000
000000000000000000000000000000000000000110001100000010000000000000000000000000110000010000000010000000000000000000000000000000000011110000000000000000
000000001100000000000000000000000000000000000000000000000000000000000000000000110000010000000000000000000000000000000000000001101010000000000000000000
000000001100000000000000000000000000000000000000000000000000000000000000000000000010000000000000000000000000000000000000000001110000000000000000000000
000000000000000001100001000000000000000000000000001100000000000000000000000000000010000000000000000000000000000000000000000000000000000001010011000000
000000000000000010100000111000000000000000000000001100000000000000000000000110000010000000000000000000000000000000000000000000000000000010001100000000
000000000000000010010000110100000000000000000000000000000000000000000001000110000000000000000000000000000000000000000000000000000000000001001000001000
000000000000000000010000101100000000000000000000000000000000000000000010100000000000000000000000000000000000000000000000000000000000000001100110000100
001010000000011011001000000100000000000000000000100000000000000000000001000000000000000000000000000000000000000000000000000000000000000000100000010100
001001000000100110110000100000000000000000000001010000000000000000000000000000000000000000000000000000000000000000000000000000000000000001110000001100
000001000000010100000000010110000000000000000001010000000000000000000000000000000000000000000000000000000000000000000000000000000000000001100000000000
001100000000001000000000010100000110000000000000100000000000000000000000000000000000000000000000000000000000000000000000000000000000000000110000000000
