000000000000000000000000000000000000000000000000000000000000000000000000000000000000000000000000000000000000000000000000000000000000000000010000000000
000000000000000000000000000000000000000000000110000000000000000000000000000000000000000000000000000000000000000000000000000000000000011100000000000000
000000000000000000000000000000000000000000000110000000000000000000000000000000000000000000000000011100000000000000000000000000000000000000000000000000
000000000000000000000000000000000000000000000000000000000000000000000000000000000000000000000000000000000000000000000011000000000000000000000000000000
000000000000000000000000000000000000000000000000000000000000000000000000000000000000000000000000000000000000000000000100100000111000000000000000000000
000000000000000000000000000000000000000000000000000000000000000000000000000000000000000000000000000000000000000000000010100000000000000000000000000000
000000000110000000000000000000000000000000000000000000000000000001100000000000000000000000000000000000000000000000000001000000000000000000000000000000
000000001001000000000000000000110000000000000000000000000000000001100000000000000000000000000000000000000000000000000000000000000000000000000000000000
000000001001000000000000000000110000000000000000000000000000000000000000000000000000000000000000000000000000000000000000000000000000000000000000000000
000000000110000000000000000000000000110000000000000000000000000000000000000000000000000000000000000000000000000000000000000000000000000000000000000000
000000000000000000000000000000000000110000000000011000000000000000000000000000000000000000000000000000000000000000000000000000000000000000000000000000
000000000000000000000000000000000000000000000000011000000000000000000000000000000000000000000000000000000000000000000000000000000000000000000000000000
000000000000000000000000000000000000000000000000000000000000000000000000000000000000000000000000000000000000000000000000000001110000000000000000000000
000000000000000000000000000000000000000000000000000000000000000000000000000000000000000000000001000000000000000000000000000000000000000000000000000000
000000000000000000000000000000000000000100000000000000000000000000000000000000000000000000000010100000000000000001100000000000000000000000000000000000
000000000000000000000000000000000000001010000000000000000000000000000000000000000000000000000010100000000000000001100000000000000000000000000000000000
000000000000000000000000000000000000001010000000000000000000000000000000000000000000000000000001000000000000000000000000000000000000000000000000000000
000000000000000000000000000000000000000100000000000000000000000000000000000000000000000000000000000000000000000000000000000000000000000000000000000000
000000000000000000000000000000000000000000000000000000000000000000000000000000000000000000110000000000000000000000000000000000000000000000000000000000
000000000000000000000000000000000011000000011000000000000000000000001000000000000000000001001000000000000110000000000000000000000000000000000000000000
000000000000000000000000000000000100100000100100000000000000000000010100000000000000000000110000000000000101000000000000000000000000000000000000000000
000000000000000011000000000000000011000000011000000000000000000000001000000000000000000000000000000000000011000000000000001110000000000000000000000000
000000000000000011000000000000000000000000000000000000000000000000000000000000000000000000000001000000000000110000000000001010000011000000000000000000
000000000000000000000000000000000000000100000000000000000000000000000000000001000000000000000010100001100000101000000000001001000011000000000000000000
000000000000000000000000000000000000001010000000000000000000000000000000000010100000000000000010100001010000010000000000001101000000000000000000000000
000000000000000000000000000000000000001010000000000000000000000000000000000010010000000000000001000000110000000000000000011000000000000000000000000000
000000000000000000000000000000000000000100000000000000000000000000000000000001100000000000000000000000001100000000000001101100000000000011100000000000
000000000000000000000000000000000000000000000000000000000000000000000000000000000000000000000000000000001010000000000000100011110000000000000000000000
000000000000000000000000000000000000000000000000000000000000000011000000000000000000000000000000000000000110000000000000011101110000001000001000000000
000010000000000000000000000000000000000000000000000000000000000011000000000000000000000000000000000011000000000000000000000100000000001000001000000000
000101000000000000000000000000000000000000000000000000000000000000000000000000000000000000000000001001010000000000000011110000000000001000001000000000
000100100000000000000000000000000010000000000000000000000000000000000000000000000000000000000000011101011000000000000010000000000000000000000000000000
000011000000000000000000000000000010000000000000001110000000000000000000000000000000000000000000110001010000000000000000000000010000000011100000000000
000000000000000000000000000000000010000000000000000000000000000000000000000000000000000000000000011001110000000000000000000000010000000000000000000000
000000000000000000000000000000000000000000000000000000011000000000000000000000000000000000000000011001000000000000000000000000000000000000000000000001
000000000000000000000000000000000000000000000000000000100100000000000000000000000000000000110000111000000000000000000000000000000000000000000000000010
000000000000000000000000000000000000011000000000000000011000000000000000000000000000000000111000111000000000000000000000000000000000000000000000001100
010000000000000000000000000000000000011000000000000000000000000000000000000000000000000000100000110000000000000000111000000000000000000000000000010001
010000000000000000000000000000000000000000000000000000000000000000000000000000000000000000011000000000000000000000000000000000000000000000000000000001
000000000110000000000000000000000000000000000000000000000000000000000000000000011100000000000000000000000000000000000000000000000000000000000000010000
000000001001000000000000000000000000000000000000000000000000000000000000000000001110000000000000000000000000000000000011001100000000000000000000001010
001000000110000000000000000000000000000000000000000000000000000000000000000000000000000000000000000000010000000000000110010000000000000000000000000000
101000000000000000000000000000000000000000000000000110000000000000000000000000000000000000000000000000010000000000000010100010000000000000000000000101
000100000000000000000000000000000000000000000000001001000000000000000000000000000000000010000000000000010000000000000011010010000000000000000000000000
001000000000000000000000000000000000000000000000001010000000000000000000000000000000000101000000000000000000000100000001000000110000001000000001110000
000000000000000000000000000000000000000000000000000100000000000000000000000000000000000011000000000000000000001010000000010111001000011100000111011000
000000000000000000000000000000000000000000000000000000000000000000000000000000000000000000000000000000000000001001001100001100110000110100001101111000
000000000000000000000000000000000000000001100000000000000000000000000000000000000000000000000000000000000000000110001110000000000000100000001100010000
000000000000000000000000000000000000000001100000000000000000000000000000000011100000000000000000000000000000000000000100000000000000110000000010010000
000000000000000000000000000000000000100000000000000000000000000000000000000000000000000000000000000000000000000000000010000001100000111000000010010000
000000000000000000000000000000000000100000000000000000000000000000000000000000000000000000000000000000000000000000000001000101100000000000000000000000
000000000000110000000000000000000000100000000000000000000000000000000000000000000000000000000110000000000001100000110011000110000000000010010000000000
000000000000110000000000000000000000000000000000000000000000000001100000000000000000000000000110000000000001100000110000000000000001100111110000000000
000000000100000000000000000000000000000000000000000000000000000001100110000000000000000000000000000000000000000000000000000000000000001101110000000000
000000000100000000000000000000000000000000000000000000000000011000000110000000000000000000000000000000000000000000000000000000000000110001100010000000
000000000100000000000000000000000000000000000000000000000000011000000000000000000000000000000000000000000000000000000000000000000000010001101101000000
000000000000000000000000000011000000000000000000000000000000000000000000000000000000000000000000000000000000000001000000000000000000000000011010000000
000000000000000000000000000100100000000000000000000000000000000000000000000001100000000000000000000000000000000110100000000000000000000001101000000000
000000000000000110000000000011000000000000000000000000000000000000000000000010010000000000000000000000000000010000110000000000000000000010100000000000
000000000000000110000000000000000000000000000000000000000000000000000000000001010000000000000000000000000000101000011000011100000000000001000101000000
000000000000000000000000000000000000000000000000000000000000000000000000000000100000000000000000000000000000110001010001100000000000000000000001000000
000000000000000000000000000000000000000000000000000000000000000000000000000000000000000000001111000000000011010100000000000100000000000011111001000000
000000000000000000000000000000000000000000000000000000000000000000000000000000000000000000001011000000000101000100100000001000000000000111110000000000
000000000000000000000000000000000000000000000000000000000000000000000000000000000000010000010111000000000110000000000010010000000000001010011100010000
000000000000000000000000000000000000000000000000000000000000000000000000000000000000010000000000000000000111000000000010000000000000011100000000000000
000000000000000000000000001000000000000000000000000000000000000000000000000000000000011010001011000000000010100000000000101000000000001011001101000000
000000000000000000000000010100000000000000000000000000000000000000000000000000000000000111111110000000000001010000000000101000000000000110000000010000
000000000000000000000000100110000000000000000000000000000000000000000000000000000000000000010110000000000000100000000000000000000000000110000000000000
000000000100000000000000000010000000000000000000000000000000100000000000000000000000000000000110001001100000000000000000000000000000000101010110001100
000000001110111100000000000000000000000000000000000000000001010000000000000000000000000000000110011110000000000000000000000001100000001000000000001100
000000010011110010000000010000000000000000000000000000000001100000000000000000000000000000000110000001000000000000000000000001100000000100100010001110
000010001000011100000000011100000000000000000000000000000000000000000000000000000000000000000000010011000000000000000000000000000000000000000000000110
000010000111000000000000011100000000000000000000000000000000000000011000000000000000000000000000010000000000000000000000000000000000000000000000000000
000010000111000000000100110000000000110000000000000000000000000000011000000000000000000000000000000010000000000000000000000000000000000010000000000000
000000000000000000000011100001100000110000000000000000000000000000000000000000000000000000000000000100000000000000000000000000000000000101000001100000
000000000000000000000011100001100000000000000000000000000000000000000000000000000000000000000000000000000000000000000000000000000000000100100001100110
000000000000000000000000000000000000000000000000000000000000000000000000000000000000000000000001000000000000000000000000000000000000000010100000001100
000000000000000000100000000000000000000000000000000000000000000000000000000000000000000000000000000000000001000000011000000000000000000011100000000000
000000000000000000011000000000111000000000000000000000000000000000000000000000000000000000000111011100000010100000011000000000000000000000000000000000
000000000000000000001000110001000100000000000000000000000000000000000000000000000000000000000010101000000110000000000000000000000000000000000000000000
000000000000000000000111010010000010000000000000000000000000000000000000000000000000000000000001110000000000000011000000000000000000000000000000000000
000000000000000000001111100100000000000000000000000000000000001000000000000000000000000000000000100000000000011011000000000000000000000000000000000000
000000000000000000010001100100101001000000000000000000000000001000000000000000001110000000000000000000000000011000100000000000000000000000000000000000
000000000000000000001110001100110000000000000011100000110000001000000000000000000000000000000000000000000000100010100000000000000000000000000000000000
000000000000000000001100001111110000000000000000000001001000000000000000000000000000000000000000001000000001100001000000000110000000000000000000000000
000000000000000000000000000000001101000000000000000000110000000011100000000000000000000000000000011100000101110100000000000101000000000000000000000000
000000000000000000000000000000011111000000000000000000000000000000000000000000000000000000000000110111011100000000000000000010000000000011000000000000
001100000000000000000100000000101000000011000000000000000000001000000000000000000000000000000000011001111000000000000000000000000000000011000000000000
001010000000000000000100000000101000000100100000000000000000001000000000000000000000000000000000000001011000000000000000000000000000000000000000000000
000101000000000000000100000001001110000110100000000000000000001000000000000000000000000000000000000000000000000011000000000000000000000000000000000000
000010000000000000000000000000000011011101110000000000000000000000000000000000000000000000000000000000000000010001000000000000000000000000000001100000
000000000000000000000000000000100010111101110000000000000000000000000000000000000000000000000000000000000000100010000000000000000000000000000010010000
000000000000000000000000000000000001100001110000000000000000000000000000000000000000000000000110000000000000010010000000000000000000000000000010100000
000000000000000000000000000000011101000011010000000000000000000000000000000000000000000000000110000000000000010100000000000000000000000000000001000000
000000000111000000000000000000001111100001010000000000000000000000000000000000000000000000000000000000001000001000000000000000000000000000000000000000
000000000000000000000000000000000000110000100000000000000000000000000000000000000000000000000000000000010000000100000000000000000000000000000000000010
000000000000000000000000000000000000000000000000000000000000100000000000000000000000000000000000000000110010100110000000000000000000000000000000000101
000000000000000000000000000000000100000100000000000000000001010000000000000000000000000000000000000000000000000000000000000000000000000000000000000101
000000000000000000000000000000000100000100000000000000000001010000000000000000000000000000000000000000000000000000000000000000000000000000000000000010
000000000000000000000000000000000100000100000000000000000000100000000000000000000000000000000000001100000000000000000000000000000000000000000000000000
001100000010000000000000000000000000000000000000000000000000000000000000000000000000000000000000000000000000000000000000000000000000000000000001100000
010010000101000000000000000000000001110000000000000000000000000000000000000000000000000000000001100010000000000000000000000000000000000001000010010000
001100000100100000000110000000000000000000000000000000000000000000000000000000000000000000000010001111100000000000000000000000000000000010100001100000
000000000011000000000110000110000000000000000000000000000000000000000000000000000000000000000011100001010000000000000000000000000000000001100000000000
000000000000000000000000000110000000000000000000000000000000000000000000110000000000000000000000000010001000000000000000000000000000000000000000000010
000000000000000000000000000000000000000000000000000000000000000000000001010000000000000000000000000000000000000000000000000000000000001100000000000101
000000000000000000000000000000000000000000000000000000000000000000000001100000000000000000000000011000001000000000000000000000000000010100000000000101
000000000000000000000000000000000000000000000000000000000000000000000000000000000000000000000000001101001100000000000000000000000000001000000000000010
000000000000000000000000000000000000000000000000000000000000000101001000000000000000000000000001101000101000000000000000000000000000000000000000000000
000000000100000000000000000000000000000000000000000000000000001101000100000000000000000000000110110000010100000000000000000000000000000000000000000000
000000001010000000000000000000000000000000000000000000000000000100001100000000000000000000000111100000000000000000000000000000000000000000000000000000
000000001010000000000000000000000000000000000000000000000000000001111100000000000000000000001001000000000000000000000000000000000000000010000000000000
000000000100000000000000001100000000000000000000000000000000000100010000000000000000000000001010000000000000000000000000000000000000000010000000000000
000000000000000000000000001100000000000000000101000000000000001100100000000000000000000000000101111000000000000000000000000000000000000010000000000000
000000000000000000000000000000000000000000000010000000000000001101100000000000000000000000000101001000000000000000000000000000000000000000000000000000
000000000000000000000000000000000001000000000000000000110000000010000000000000000000000000000010011000000000000000000000000000000000000000000000000000
000000000000000000000000000000000001000000000000000000110000000000000000000000000000000000000001110000000000000000000000000000000000000000000000001100
000000000011100000000000000000000001000000000000000000000000000000000000000000000000000000000000100000000000000000000000000000000000000000000000001100
000000000000000000000000000000000000000000000000000000000000000000000000000000000000000000000000000000000000000000000000000000000000000000000000000000
000000000000000000000000000000011000011100000000000000000000000000000000000000000000000110000000000000000000000000000000000000000000000000000000000000
000000000000000110000000000000011000000000000000000000000000000000000000000000000000001001000000000000000000000000000000000000000000000000000000000000
000000000000001001000000000000000001000000000000000000000000000000000000000000000000000110000000000000000000000000000000000000000000000110000000000000
000000000000000110000000000000000001000000110000000000000000000000000000000000000000000000010000000000000000000000000000000000000000000110000000000000
000000000000000000000001100110000001000000110000000000000000000000000000000000000000000000101000000000000000000000000000000000000000000000000000000000
000000000000000000000001100110011000000000000000000000000000000000000000000000000000000001010000000000000000000000000000000000000000000000000000000000
000000000011000000000000000000011000001100000000000000000000000000000000000000000000000001100000000000000000010000000000000000000000000000000000000000
000000000101000000000000000000000000010010000000000000000000000000000000000000000000000000000000000000000000101000000000000000000000000000000000000000
000110000010000000000000000000000000001100000000000000000000000000000001100000000000000000000000000000000001001000000000000000000000000000001100000000
000110000000000000000000000000000000000000000000000000000000000000000010010000000000000000000000011000000000110000000000011000000000000000010010000000
000000000000000000000000000000000000000000000000000000000000000000000001100000000000000000000000100100000000000000000000011000000000000000010100000000
000000000000000000000000000000000000000000000000000000000000000000000000000000000000000000000000011000000000000000000000000000000000000000001000000000
000000000000000000000000000000000000000000000000000000000000000000000000000000000000000000000000000000000000000000000000000000000000000000000000000000
000000000000000000000000001100000000000000000000000000100000000000000000000000000000000000000000000000000000000000000000000000000000000000000000000000
000000000000000000000010001100000000000000000000000001010000000000000000000000000000000000000000000000000000000000000000000000000000000000000000000000
000000000000000000000010000000000000000000000000000010100000000000000000000000000000000000000000000000000000000000000000000000000000000000000000000000
000000000000000000000010000000000000000000000000000011000000000000000000000000000000000000000000000000000000000000000000000000000000000000000000000000
000000000000000000000000000000000000000000000000000000000100000000000000000000000000000000000000000000000000000000000000000000011000000011000000000000
000000000000000000111000111000000000000000000000000000011011000000000000000000000000000000000000000000000000000000000000000000100100000100100000000000
000000000000000000000000000000000000000000000000000000011011000000000000000000000000000000000000000000000000000000000000000000011000000011000000000000
000000000000000000000000000000000000000000000000000000111000000000000000000000000000000000000000000000000000000000000000000000000000000000000000000000
000000000000000000000000000000000000000000000000000000100000000000000000000000000000000000000000000000000000000000000000000000000000100000000000000000
000000000000001000000000000000000000000000000000000000000000000000000000000000000000000000000000110000000000000000000000000000000001010000000000000000
000000000000001000000000000000000000000000000000000000000000000000000000000000000000000000000000110000000000000000000000000000000001010000000000000000
000000000000001000000000000000000000000000000000000000000000000000000000000000000000000000000000000000000000000000000000000000000000100000000000000000
000000000001000001000000000000000000000001000000000000000000000000000000000000000000000000000000000000000000000000000000000000000000000000000000000000
000000000010100010100000000000000000000010100000000000000000000000000000000000000000000000000000000000000000000000000000000000000000000000000000000000
000000000010100010100000000000000000000010100000000000000000000000000000000000001100000000000000000000000000000000000000000000000000000000000000000000
000000000001000001000000000000000000000001000000000000000000000000000000000000001100000000000000000000000000000000000000000000000000000000010000000000
000000000000000000000000000000000000000000000000000000000000000000000000000000000000000000000000000000000000000000000000000000000000000000101000000000
000000000000000000000000111000000000000000000000000000000000000000000000000000000000000000000000000000000000000000000000000000000000000000101000000000
