00000000000000000000000000000000000000000000000000
00000010000000000000000000000000000000000000000000
00000010000000000000000000000000000000100000000000
00000010000000000000000000000000000001010000000000
00000000000000000000000000000000000000110000000000
00000000000000000000000000000000000000000000000000
00000000000000000000000000000000000000000000000000
00000000000000000011000000000000000000000000000000
00000000000000000101000000000000000000000000000000
00000000000000000010000000010111000000000000000000
01000000000000000000000000111011000000000000000000
01000000000000000000000001101001000000000000000000
01000000000000000000000010011011000000000000000000
00000000000000000000000110001001000000000000000000
00011100000000000000001110000100000000000000000111
00000000000000000000000110000000100000000000000000
01000000000000000000000110000001100000000000000000
01000000000000000000000000000000000000000000000000
01000000000000000000000000000000000000000000000000
00000000110000000000000000000000000000000000000000
00000001001001100000000000000000000000000000000000
00000000110001100000000000000000000000000000000000
00000000000000000000110000000000000000000000000000
00000100000000000000110000000000000000000000000000
00001110000000000000000001100000000000000000000000
00010011000000000000000001100000001100000000000000
00011000000000000000000000000000001100000000000000
00001100000000000000000000000000000000000000011000
00011000000000000000000000000000000000000000010100
00110000000000000000000000000000000000000000001100
00000000000000000000000000000000000000000000000000
01000000000000000000000110010000000000001000000001
10000000000000000000000000000000000000010100000001
10001000000000000000000100010000000000001100000000
00010000000000000000000100000000000000000000000000
00001000000000000000000010100000000000000000000000
00000110000000000000000000000000000000000000000000
00000011000000000000000011100000000000000000000000
00000101000000000000000000000000000000000000000000
00000010000000000001000000000000000000000000000000
00000100000000000010100000000000001100000000000000
00000110000000000010100000000000001100000000000000
00000100000000000001000000000000000000000000000000
00000000110000000000001110000000000000000000000000
00000001001000000000000000000000000000000000000000
00010000110000000000000000000000000000000000000000
00101000000000000000110000000100000000000000000000
00101000000000000000110000000100000000000000000000
00010000000000000000000000000100000000000000000000
00000000000000000000000000000000000000000000000000
