000000000000000000000110000000000000000000000000000000000000000000000000000000000000000000000000000000000000000000000000000000000000000000010000000000
000000000000000000001001000000000000000000000000000000000000000000000000000000000000000000000000000000000000000000000000000000000000011100000000000000
000000000000000000000110000000000000000000000000000000000000000000000000000000000000000000000000011100000000000000000000000000000000000000000000000000
000000000000000000000000000000000000000000000000000000000000000000000000000000000000000000000000000000000000000000000011000000000000000000000000000000
000000000000000000000000000000000000000000000000000000000000000000000000000000000000000000000000000000000000000000000100100000111000000000000000000000
000000000000000000000000000000000000000000000000000000000000000000000000000000000000000000000000000000000000000000000010100000000000000000000000000000
000000000110000000000000000000000000000000000000000000000000000001100000000000000000000000000000000000000000000000000001000000000000000000000000000000
000000001001000000000000000000000000000000000000000000000000000001100000000000000000000000000000000000000000000000000000000000000000000000000000000000
000000001001000000000000000000000000000000000000000000000000000000000000000000000000000000000000000000000000000000000000000000000000000000000000000000
000000000110000000000000000000000000000000000000000000000000000000000000000000000000000000000000000000000000000000000000000000000000000000000000000000
000000000000000000000000000000000000000000000000000000000000000000000000000000000000000000000000000000000000000000000000000000000000000000000000000000
000000000000000000000000000000000000000000000000000000000000000000000000000000000000000000000000000000000000000000000000000000000000000000000000000000
000000000000000000000000000000000000000000000000000000111000000000000000000000000000000000000000000000000000000000000000000000000000000000000000000000
000000000000000000000000000000000000000000000000000000000000000000000000000000000000000000000001000000000000000000000000000000000000000000000000000000
000000000000000000000000000000000000000000000000000000000000000000000000000000000000000000000010100000000000000000000000000000000000000000000000000000
000000000110000000000000000000000001100000000000000000000000000000000000000000000000000000000010100000000000000000100000000000000000000000000000000000
000000000110000000000000000000000001100000000000000000000000000000000000000000000000000000000001000000000000000001010000000000000000000000000000000000
000000000000000000000000000000000000000000000000000000000000000000000000000000000000000000000000000000000000000000100000000000000000000000000000000000
000000000000000000000000000000000000000000000000000000000000000000000000000000000000000000110000000000000000000000000000000000000000000000000000000000
000000000000000000000000000000000000000000000000000000000000000000001000000000000000000001001000000000000000000000000000000000000000000000000000000000
000000000010000000000000000000000000000000000000000000000000000000010100000000000000000000110000000000000000000000000000000000000000000000000000000000
000000000101000011000000000000000000000000000000000000000000000000001000000000000000000000000000000000000000000000000000000000000000000000000000000000
000000000101000011000000000000000000000000000000000000000000000000000000000000000000000000000001000000000000000000000000000000000000000000000000000000
000000000010000000000000000000011100000000000000000000000000000000000000000001000000000000000010100000000000000000000000000000000000000000000000000000
000000000000000000000000000000000000000000000000000000000000000000000000000010100000000000000010100000000000000000000000000000000000000000000000000000
000000000000000000000000000000000000000000000000000000000010000000000000000010010000000000000001000000000000000000000000000000000000000000000000000000
000000000000000000000000000000000000000000000000000000010101000000000000000001100000000000000000000000000000000000000010000000000000000000000000000000
000000000000000000000000000000000000000000000000000000010000000000000000000000000000000000000000000000000000000000000101000000000000000000000000000000
000000000000000000000000000000000000000000000000000000000000000100000000000000000000000000000000000000000000000000001101100000000000000000000000000000
000000000000000000000000000000000000000000000000000000000000000110000000000000000000000000000000000000000000000000011011100000000000000000000000000000
000000000000000000000000000000000000000000000000000000000000000010000000000000000000000000000000000000000000000000001011111000000000000000000000000000
000000110000000000000000000000000010000000000000000000000000000000000000000000000000000000000000000000000000000000000110011000000000000000000000000000
000000110000000000000000000000000010000000000100000000000000000000000000000000000000000000000000000000000000000000000000000000000000000000000000000000
000000000000000000000000000000000010000000001110000000000000000000000001100000000000000011000000000000000000000100000000000000000000000000000000000000
000000000000000000000000000000000000000000011111000000000000011000000001100000000000000011000000000000001100001000000000000000000001100000111000000011
000000000000000000000000000000000000000000000000100000000000011000000000000000000000000000000000000000001100000110000000000000000001100000100000000011
000000000000000000000000000000000000011000000000110000000110000000000000000111000000000000000000000000000000000010000000000000100110000000010000000000
000000000000000000000000000000000000011000000000011000000110000000000000011001000000000000000000000000000000000000011101110000100110000000000000000000
000000000000000000000000000000000000000000000010110000000000000000011000010011000000000000000000000000000000000000010100010000000000000000000000000000
000000000000000000000000000000000000000000000011100000000000000000100100011100000000000000000000000000000000000000010011000000000000000000000000000000
000000000000000000000000000000000000000000000110000000000000000000011000000000000000000000000000000000000000000000000100101100000000000000000000000000
000000000000000000000000000000000000000000000100000000000000000000000000000000000000000000000000000000000000000000000000000110000000000000000000000000
000000000000000000000000000000000000000000000100000000000000000000000000000000000000000000000000000000000000000000000000000000000000000000000000000000
000000000000000000000000000000000000000000000111000000000000000000000000000000000000000010000000000000000000000000000000000000000000000000000000000000
000000000000000000000000000000000000000000000000000000000000000000000000000000001000000101000000000000000000000000000000000000000000000000000000000000
000000000000000000000001100000000000000000000000000000000000000000000000000000001000000011000000000000000000000000000001110000000000000000000000001100
000000000000000000000010010000000000000000000000000000000000000000000000000000001000000000000000000001000000000000000001110000000000000000000000001000
000000000000000000000001100000001100000000000000000000000000000000000000000000000000000000000110000010100000000000000010001000000000000000000000000000
000000000000000000000000000000011010000000000000000000000000000000000000000011100000000000000110000010100000000000000011011000000000000000000000000000
110000000000011100000000000000100000000000000000000000000000000000000000000000000000000000000000000001000000000000001100000000000000000000000000000001
100001000000000000000000000001101100000000000000000000000000000000000000000000000000000000000000000000000000000000000100000000000000111000000000000000
100011100000000000000000000000100100000000000000000000000000000000000000000000000000000000000000110000000000000000000000000000000000110100000000000011
000010110000000000000000000000100100000000000000000000000000000000000000000000000000000000000001001000000000000000001000000001100011100100000000100001
000000011000000000000000000000011000000000000000001100000000000000000000000000000000000000000000110000000000000000001000011010000111001000000001000000
000000010000000000000000000000000000000000000000001100000000000000000000000000000000000000000000000000000000000000011100000100000111110010000000100000
000001110000000000000000000111000000000000000000000000000000000000000000000000000000000000000000000001000000000000000000000001000010000000000000000000
000100100000000000000000000000000000000000000000000000000000000000001000000000000000000000000000000010100000000000000000001100100100000000000000000000
000011000000000000000000000000000000000000000000000000000000000000001000000001100000000000000000000010100000000000000000000000010010000000000000011000
000010000000000000000000000000000000000000000000000000000000000000001000000010010000000000000000000001000000000000000000000000001010000000000000100100
000000000000000000000000000000000000000000000000000000000000000000000000000001010000000000000000000000000000000000000000000000000110000000000000011000
000000011100000000000000000000000000000000000000000000000000000000000000000000100000000000000000000000000000000000000001100000000000000000000000000000
000000000000000000000000000000000000000000000000000000000000000000000000000000000000000000000000000000000110000000000100100001100000000000000000000000
000000000000000000000000000000000000000000000000000000000011000000000000000000000000000000000000000000000110000000001000100001100000000000000000000000
000000000000000000000000000000000000000000000000000000000011000000000000000000000000000000000000000000000000000000001000100000000000000000000000000000
000000000000000000000000000000000000000000000000000000000000000000000000000000000000000000000000000000000000000000011010100000000000000000000000000000
000000000000000000000000000000000000110000000000000000000000000000000000000000000000000000000000000000000110000000011011000000000000000000000000000000
000000000000000000000000000000000001001001100000000000000000000000000000000000000000000100000000000000000110000000001111000000000000000000000000000000
000000000000000000000000000000110000110001100000000000000000000000000000000000000000001010000000001000000000000000000001100000000000000000000000000000
000000000010000000000000000011011000000000000000000000000000000000000000000000000000000100000000010100000000000000000001100000000000000000000000000000
000000000101000000000000000011010100000000000000000011000000000000000000000000000000000000000000010010000000000000000010000000000000000000000000000000
000000000101000000000000000000001110000000000000000011000000000000000000000000000000000000000000001100000000000000000011111100000000000000000000000000
000000000010000000000000001000001010000000000000000000000000000000000000001100000000000000000000000000000000000000000001000010000000100000000000000000
000000000000000000000000011100000110000000000000000000000001110000000000001010000000000000000000000000000111000000000001010001000001110000000000000000
000000000000000000000000011110000000000000000000000000000001110000000000000110000000000000000000000000000000000000000001011111000011011000000000000000
000000000000000000000000110011000000000000000000000000000010001100000000000000000000000000000000000000000000000000000000000010000111011100000000001100
000000000000000000000000011110000000000000000000000000000000100100000000000000000000000000000000000000000000000000000000001100000011011000000000010010
000000000000000000000000011100000000000000000000000000000000111100000000000000000000000000000000000000000000000000000000000110000001110000000000001100
000000000000000000000000000000000000000000000000000000000000000000000000000000000000000000000000000000000000000000000000010000000000100000000000000000
000000000000000000000000000000000000000000000000000000001100000000000100000000000000000000000000000000000110000000000011010110000000000000000000000000
001000000110000000000000000000000000000000000000000000001101000100000111000000000000000000000000000000000110000000000001100010000000000000000000000000
011100000110000000000000000000000000000000000000000000000000000100000000100000000000001100000000000000000000000000000000000010000000000000000000000000
111010000000000000000000000000010100000000000000000000000000000000101000000000000000001100000000000000000000000000000000010100000000000000000000000000
111101000000000000000000000000001100000000000000000100000001100000100000000000000000000000000000000000000000000000000000001000000000000000000000000001
110001000000000000000000000000001000000000000000011010000001100001000010001000000000000000000000000000000000000000000000000000000000000000000000000000
110100000000000000000000000000000000000000000000111010000000000000011100101000000000000000000000000000000000000000000000000000000000000000000000000111
100111000000011000000000000000000000000000000001000100000000000110011000000000000000000000000000000000000000000000000000000000000000000000000000000011
000000000000011000000000000000000000000000000000111000001100000100010000000000000000000000000000000000000000000000000000000000000000000000000000000001
000000000000000000000000000000000001100000000000010000001100000000000000000001100000110000000000000000000000000000000000000000000000000000000000000000
000000000000000001010000000000000001010000000000000000001000000100100000000001100001001000000000000000000000000000000000000000000011100000000000000000
000000000000000000000110000000000000011000000000000000000000000101000000000000000000110000000000000000000000000000000000000000000000000000000000000000
000000000000000001000001000000000000100000000000000000000000000000000000000000000000000000000000000000000000000000000000000000000000000000000000000000
000111000000000000000001000000000010100000000000000000000000000000000000000000000000000000000000000000000000000000000000000000000000000000000000000000
000000100000000000000110000000000110000000000000000000000000000000000000000000000000000000000000000000000000000000000000000000000000000000000000000000
010110000011000000000110000000000111000000000000011000000000000000000000000000000000000000000000000001100000000000000000000000000000000000000000000000
010110000100100000011001000000000000000000000000100100000000000000000000000000000000000000000000000001100000000000000000000000000000110000000000000000
000000000100110000101000000000000000000000000000101000000000000000000000000000011000000000000000000000000000000000000000000000000000110000000000000000
000000000100000010110011000000000000000000000000010000000000000000000000000000101100000000000000000000000000000000000000000000000000000000000000000000
000000000010000111100000000000000000000000000000000000000000000000000000000001110110000000000000000000000000000000000000000000000000000000000000000000
000000000000111000000000000000000000000000000000000000000000000000000000000000000111000000000000000000000000000000000000000000000000000000000000000000
000000000000010000000000000000000000001100000000000000000000000000000000000000010111000000000000000000000000000000000000000000000000000000000000000000
000000000000000000000100000000000000001100000000000000000000000000000000000000001001000000000000000000000000000000000000000000000000000000000000000000
000000000000000000001110000000000000000000000000000000000000000000000000000000001111000000000000000000000000000000000000000000000000000000000000000000
000000000000000000000001000000000000000000000000000000000000000000000000000000000110000000000000000000000000000000001000000000000000000000000000000000
000000000000000000011001000000000000000000000000000000000000000000000110000000000000000000000000000000000000000000010100000000000000000000000000000000
000000000000000000111111000000000000000000000000000000000000000000000101100000000000000000000000000000000000000000100100000000000000000000000000000000
000001100000000000000000000000000000000000000000000000000000110000000001100000000000000000000000000000000000000000011000000000000000001100000000000000
000001100000000000000000000000000000000000000000000000000000110000000101100000000000010000000000000000000000000000000000000000000000010100000000000000
000000000000000000000000000000000000000000000000000000000000000000000110000000000000010000000000000000000000000000000000000000000000001000000000000000
000000000000000000000000000000000000000000000000000000000000000001100000000100000000010000000000000000000000000000000000000000000000000000000000000000
000000000000000000001100000000000000000000000000000000000000000001100000001010000000000000000000000000000000000000000000000000000000000000000000000000
000000000000000000001010000000000000000000000000000000000000000000110000000100000111000111000000000000000000000000000000000000000000000000000000000000
000000000000000111000100000000000000001100000000000000000000000000011000000000000000000000000000000000000000000000000000000000000000000010000000000000
000000000000011011000000001100000000001100000000000000000000000000111000000000000000010000000000000000000000000000000000000000000000000010000000000000
000000000000110011000000001100000000000000000000000000011100000010100000000000000000010000000000000000000000000000000000000000000000000010000000000000
000000000000110110000100000000000000000000000000000000100100000101011000000000000000010000000000000000000000000000000000000000000000000000000000000000
000000000001111100000000000000000001000000000000000000000000000011001000000000000000000000000000000000000000000000000000000000000000000000000000000000
000000000010110000000000000000000001000000000000000110000100000001110001100000000000000011000000000000000000000000000000000000000000000000000000001100
000000000010100000000000000000000001000000000000001001011100001100100001100000001110111101100000000000000000000000000000000000000000000000000000001100
000000000001000000000000001110000000000000000000001001000000100010000000000000010111001101100111000000000000000000000000000000000000000000000000000000
000000000000000000000000000000011100011100000000000110000000100000000000000000100110000000011001000000000000000000000000000000000000000000000000000000
000000000000000000000000000000000000000000000000000000000000011001000000000001000000000000011001000000000000000000000000000000000000000000000000000000
000000000000000110100010000000000001000000000000000000000000011110000000000001000010001110001001000000000000000000000000000000000000000110000000000000
000000000011000010100011000000000001000000110000000000000001000000000000000001000000000110000110000000000000000000000000000000000000000110000000000000
000000011010000011000011000000000001000000110000000000000110110000000000000000010000000110000000000000000000000000000000000000000000000000000000000000
000000011111100000000000110000000000000000000000000000000110110000000000000000010001111000000000000000000000000000000000000000000000000000000000000000
000000011001101100001111100100000000001100000000000000000010000000000000000000000000000000000000000000000000010000000000000000000000000000000000000000
000000001000000000001111111100000000010010000000000000000000000000000000000000000000000000000000000000000000101000000000000000000000000000000000000000
000110001000001100001000010010000000001100000000000000010100000000000000100000000000000000000000000000000001001000000000000000000000000000001100000000
000110000100010000000000001011000000000000000000000000011100000000000000110000000000000000000000000000000000110000000000011000000000000000010010000000
000000000010000000000000001010000000000000000000000000001010000000000001011000000000000000000000000000000000000000000000011000000000000000010100000000
000000000000000000000000000100000000000000000000000000000010100000000000001011000000000000000000000000000000000000000000000000000000000000001000000000
000000000000000000000000000000000000000000000000000000000001000000000000010000000000000000000000000000000000000000000000000000000000000000000000000000
000000000000000000000000000000000000000000000000000000000000000000000000010000000000000000000000000000000000000000000000000000000000000000000000000000
000000000000000000000000000000000000000000000000000000000000000000000100010000000000000000000000000000000000000000000000000000000000000000000000000000
000000000000000000000000000000000000000000000000000000000000000000000000101100000000000000000000000000000000000000000000000000000000000000000000000000
000000000000000000000110110000000000000000000000000000000000000000000000000000000000000000000000000000000000000000000000000000000000000000000000000000
000000000000000000000100010000000000000000000000000000000000000000000000000000000000000000000000000000000000000000000000000000011000000011000000000000
000000000000000000000001100000000000000000000000000000000000000000000101010100000000000000000000000000000000000000000000000000100100000100100000000000
000000000000000000001110000000000000000000000000000000000000000000000000000000000000000000000000000000000000000000000000000000011000000011000000000000
000000000000000111000000000000000000000000000000000000000000000000000001110011100000000000000000000000000000000000000000000000000000000000000000000000
000000000000000010000010000000000000000000000000000000000000000000000000000000010000000000000000000000000000000000000000000000000000100000000000000000
000000000000000010000100000000000000000000000000000000000000000000000000011000001000000000000000110000000000000000000000000000000001010000000000000000
000000000000000001000000000000000000000000000000000000000000000000000000001000010000000000000000110000000000000000000000000000000001010000000000000000
000000000000000010100000000000000000000000000000000000000000000000000000000011100000000000000000000000000000000000000000000000000000100000000000000000
000000000000000010100000011000000000000000000000000000000000000000000000000000000000000000000000000000000000000000000000000000000000000000000000000000
000000000000000010000110011000000000000000000000000000000000000000000000000000000000000000000000000000000000000000000000000000000000000000000000000000
000000000000000001000000000000000000000000000000100000000000000000000000000000000000000000000000000000000000000000000000000000000000000000000000000000
000000000000000000100100000000000000000000000001010000000000000000000000000000000000000000000000000000000000000000000000000000000000000000010000000000
000000000000000000001000000000000000000000000001010000000000000000000000000000000000000000000000000000000000000000000000000000000000000000101000000000
000000000000000000000000000000000000000000000000100000000000000000000000000000000000000000000000000000000000000000000000000000000000000000101000000000
