000000000000000000000110000000000000000000000000000000000000000000000000000000000000000000000000000000000000000000000000000000000000001000010000000000
000000000000000000001001000000000000000000000000000000000000000000000000000000000000000000000000001000000000000000000000000000000100001000000000000000
000000000000000000000110000000000000000000000000000000000000000000000000000000000000000000000000001000000000000000000000000000011100001000000000000000
000000000000000000000000000000000000000000000000000000000000000000000000000000000001100000000000001000000000000000000011000000111000000001100000000000
000000000000000000000000000000000000000000000001100000000000000000000000000000000001100000000000000000000000000000000100100000111000000001000000000000
000000000000000000000000000000000000000000000001100000000000000000000000000000000000000000000000000000000000000000000010100000000000000001100110000000
000000000110000000000000000000000000000000000000000001110000000001100000000000000000000000000000000000000000000000000001000000000000000000000000000000
000000001001000000000000000000000000110000100000000000000000000001100000110000000000000000000000000000000000000000000000000000000000000000000000000000
000000001001000000000000000000000000110001010000100000000000000000000000110000000000000000000000000000000000000000000000000000000010100000000000000000
000000000110000000000000000000000000000010011011011000000000000000000000011100000000000000000000000000000000000000000000000000000110110000000000000000
000000000000000000000000000000000000000010110011011000000000000000000000000100000000000000000000000000000000000000000000001000000110100000000000000000
000000000000000000000000000000000000000111000110011000000000000000000000001001000000000000000000000000000000000000000000010100000011000000000000000000
000000000000000000000000000000000000000100000110100000000000000000000000000111100000010000000000110000000000000000000000010100000000000000000000000000
000000000000000000000000000000000000000000000101000000000000000000000000001000001000111000000000110000000000000000000000010110000000000000000000000000
000000000000000000000000000000000000000111101000000000000000000000000000001001000100110100000000000000000000000000000000110110000000000000000000000000
000000000000000000000000000000000000000011001000000000000000000000000001101000010110001000000000000000000000000000100000111001000000000000000000000000
000000000000000000000000000000000000000000001000000000000000000000000001100011011100000000011100000000000000000001010000110011100000000000000000000000
000000000000000000000000000000000000000000001100000000000000000000000001101100100000000000011111000000000000000000100000110011000000000000000000000000
000000000000000000000000000000000000000010110000000000000000000000000000011000000000000000001001100000001100000000000001110010000000000000000000000000
000000000000000000000000000000000000000010100111000000000000000000000000000000000000000000000111000000001100000000000000000100110000000000000000000000
000000000000000000000000000000000000000000000011000000000000000000000000000000000000000000000010000000000000000000000000000010001000000000000000000000
000000000000000000000000000000000000000000000010100000000000000000000000000000000000000000000000000000000000000000000000000010001000000000000000000000
010000000000000000000000000000001000000000000001110000000000000000000000000000000000000000000000000000000000000000000000011101110000000000000000000000
101000000000000000000000000000001000000000000000000000000000000000000000000000000101001100000000000000000000000000010000011010100001100000000000000000
101000000000100010000000000000001000000000000001001000001100000000000000000000000101001100000000000000000000000000010000110011000000001000000000000000
010000000000111011000000000000000000000000000000110000001100000000110000000000000001100000000000000000000000000000010000010010000010001000000000000000
000000000000010101000000000000000000000000000000000000000000000000011001100000000000101000000000000000000000000000000000001100000111011100000000000000
000000000000001000000000000000000000000000000000000000000000000011000001100000000000100000000000000000000000000000000000000000001110011000000000000000
000000000000000000110000000000000000000000000000000000000000000010000000000000000000000000000000000000000000000000000000000000000101111000000000000000
000000000001100000000000000000000000000000000000000000000000000010100000000000000000000000000000000000000000000000000000010000000011100000000000000000
000000000010010000100100000000000000000000000000010000000000100001000000000000000000000000000000000000000000000000000000101000000010000000000000000000
000111000010010000011100000001100000000000000000010000001111001000000000000000000000000000000000000000000000000000001000100100000000100000000000000000
000000000010000000000000000001100111000000000000010000000000100100000000000000000000000000000000000000000000000000010100000110000000010000000000000000
000000000000001100000000000000000000000000000000000000000000001100000000000000000000000011000000000000000000000000100001111100000001100000000000000000
000000001100000010000000001000000000000000000000000000000000000000000000000000000000000011000000000000001100000000010001001000000000000000000000000000
000000011000001100000000001100000000000000000000000000000000000000000000000000000000000000000000000000001100000000000101100000000000000000000000000000
000000000000010000001100010010000000000000000000010000000000000000000000000000000000000000000000000000000000000000000111000000000000000000000000000000
000000010001000000010010000010000000110000000000010000000000000000000000000000000000000000000000000000000000000000000011000000000000000000000000000000
000000001010000000010110011001100001001000000000010000000000000000000000000000000000000000000000000000000000000000000001000000000000000000000000000000
000000000100000000110110011000010010010000000000000000000000000000000000000000000000000000000000000000000000000000000000000000000000000000000000000000
000000010000000000010000010100111010010000000000000000000000000000110000000000000000000000000000000000000000000000000000011000000000000000000000000000
000000010000000000000111111000010010010000011000000000000000000001001000000001000000000000000000000000000000000000000000011000000000000000000000000000
000000000000000000000011110001100001010000111000000000000000000000101000000001000000000000000000000000000000000000000000000000000000000000000000000000
000000000000000000000000110010000000110001000100000000000000000000010000000001000000000010000000000000000000000000000000000000000000000000000000000000
000000000000000000000000101010000000000001110100000000000000000000000000000000000000000101000000000000000000000000000000000000000000000000000000000000
000000000000000000000000011100000000000001011010000000000000000000000000011100011100000011000000000000000000000000000000000000000000000000000000000000
000000000000000000000000001000000000000000000110000000000000000000000000000000000000000000000000000001000000000000000000000000000000000000000000000000
000000000000000000000000000000000000000001100001000000000000000000000000000001000000000000000110000010100000000000000000000000000000000000000000000000
000000000000001000000000000000000000000000010101000000000000000000000000000001000000000000000110000010100000000000000000000000000000000000000000000000
000000000000001000000000000000000000000000000110000000000000000000000000000001000000000000000000000001000000000000000000000000000000000000000000000000
000000000000001000000000000000000000000000000100000000000000000000000000000000000000000000000000000000000000000000000000000000000000000000000000000000
000000000000000000000000000000000000000000000000000000000000000000000000000000000000000000000000110000000000000000000000000000000000000000000000000000
000000000000000000000000000000000000000010000000000000000000000000000000000000000000000000000001001000000000000000000000000000000000000000000000000000
000000000000000000000000000000000000001100000000001100000000000000000000000000000000000000000000110000000000000000000000000000000000000000000000000000
000000000000000000000000000000000000000001100000001100000000000000000000000000000000000000000000000000000000000000000000000000000000000000000000000000
110000010000000000000000000000000000000001110000000000000000000000000000000000000000000000000000000001000000000000000000000000000000000000000000000000
110000101000000000000000000000000000001100010000000000000000000000000000000000000000000000000000000010100000000000000000000000000000000000000000000000
000000011000000000000000000000000000000000000000000000000000000000011100000001100000000000000000000010100000000000001100000000000000000000000000000100
000000000000000000000000000000000000000001110000000000000000000000000000000010010000000000000000000001000000000000001100000000000000001100000000001010
000000000000000000000000000000000000000010010000000000000000000000000000000001010000000000000000000000000000000000000000000000000000001100000000001001
000000001100000000000000000000000000000011100000000000000000000000000000000000100000000000000000000000000000000000000000000000000000000000000000000110
000000001010000000000000000000000000000001000000000000000000000000000000000000000000000000000000000000000110000000000000000000000000000000000000000000
000000000100000000000000000000000000000000000000000000000011000000000000000000000000000000000000000000000110000000000000000000000000000000000000000000
000000000000000000000000000000000000000000000000000000000011000000000000000000000000000000000000000000000000000000000000000000000000000000000000000000
000000000000000000000000000000000000000000000000000000000000000000000000000000000000000000000000000000000000000000000000000000000000000000000000000000
000000000000000000000000000000000000001000000000000000000000000000000000000000000000000000000000000000000110000000000000000000000000000000000000000000
000000000000000000000000010000000000010100000000000000000000000000000000000000000000000100000000000000000110000000000000000000000000000000000000000000
000000000000000000000000010000000000010100000000000000000000000000000000000000000000001010000000001000000000000000000000000000000000000000000000000000
000000000010000000000000100100000000001000000000000000000000000000000000000000000000000100000000010100000000000000000000000000000000000000000000000000
000000000101000000000000011000000000000000000000000011000000000000000000100000000000000000000000010010000000000000000000000000000000000000000000000000
000000000101000000000000000000000000000000000000000011000000001100000001000100000000000000000000001100000000000000000000000000000000000000000000000000
000000000010000000000000000000000000000000000000000000000000010010000001000010000000000000000000000000000010000000000000000110000000000000000000000000
000000000000000000000000000000000000000000000000000000011000001100000001100010000000000000000000000000000010000000000000001001000000010000000000000000
000000000000000000000000000000000000000000000000000000011000000000000000100010000000000000000000000000000010000000000000011001000001010000000000000000
000000000000000000000000000000000000000000000000000000000000000000000000100100000000000000000000000110000000000000000000001100000000010000000000001100
000000000000000000000000000000000000000000000000000000000000000000000000001000000000000000000000001001000000000000000000000110010000100000000000010010
000000000000000000000000000000000000000000000000000000000000000000000000000000000000000000000000000001000000000000000000000000100000000000000000001100
000000000000000000000000000000000000000110000000000000000000000000000000011000000000000000000000001100000000000000000000000000000000000000000000000000
000000000000000000000000000000000000000110000000000000000000000000000000011000000000000000000000001000000110000000000000000000000000000000000000000000
000000000000000000000000000000000000000000000000000000000000000000000000000000000000000000000000000000000110000000000000000000000000000000000000000000
000000000000000000000000001110000000000000000000000000000000000000000000000000000000001100000000001100000000000000000000000000000000000000000000000000
000000000000000000000000000000000000000000000000000000000000000000000000000000000000001100000000001100000000000000000000000000000000000000000000000000
000000000000000000000000110100000000000000000000000000000000000000000000000000000000000000000000000000000000000000000000000000000011000000000000000000
000111000000001000000000100100110000000000000000000000000000000000000000000000000000000000000000000000000000000000000000000000000011000000000000000000
000000000000001000000000100100100000000000000000000000000000000000000000000000000000000000000000000000000000000000000000000000000000000000000000000000
010000000000001000000000000011110000000000000000000000000000000000000000000000000000000000000000000000000000000000000000000000000000000000000000000000
010000000000000001100000110110100000000000000000000000000000000000000000000000000000000000000000000000000000000000000000000000000000000000000000000000
010000000000000000000010100010000000000000000000000000000000000111000000000001100000110000000000000000000000000000000000000000000001000000000000000000
000000000000000000010110100000000000000000000000000000000000000000000000000001100001001000000000000000000000000000000000000000000001000000000000000000
000000000000000001110010110100000000000000000000000000000000000000000000000000000000110000000000000000000000000000000000000000000001000000000000000000
000000000000000000000111110100000000000000000000000000000001000000000000000000000000000000000000000000000000000000000000000000000000000000001100000000
000000000000000000001110000000000000000000000000000000001000100000000000000000000000000000000000000000000000000000000000000000000000000000001100000000
000000000000000000110000110000000000000011000000011000010000000000000011000000000000000000000000000000000000000000000000000000000000000000000000000000
000000000000000000101110100000000000000011000000011000100000010011100011000000000000000000000000000001100000000000000000000000000000000000000000000000
000000000000000000000000000000000000000000000001110000100100010010010000000000000000000000000000000001100000000000000000000000000000110000000000000000
000000000000000000000001100000000000000000000011100000111001000100010000000000000000000000000000000000000000000000000000000000000000110000000000000000
000000000000000000100001001000000000000000000101011001000000100000010000000000000000000000000000000000000000000000000000000000000000000000000000000000
000001100000000001010001000100000000110000000010111100111000110011000000000000000000000000000000000000000000000000000000000000000000000000000000000000
000001100100110011011001000100011000001000000000011000110001010000000000000000000000000000000000000000000000000000000000000000000000000000000000000000
000000001100001000100001000100011000110000000000001100001100100000000000000000000000000000000000000000000000000000000000000000000000000000000000000000
100000000001000000000000111000011000000000000000000111011000000000000000000000000000000000000000000000000000000000000000000000000000000000000000000001
100000001110000100000000000000000000000000000000000110110011000000000000000000000000000000000000000000000000000000000000000000000000000000000000000001
000000001000001100000000000000000000000000000000000000100011000000011000000000000000000000000000000000000000000000001000000000000000000000000000000000
000111000000000000000000000000000000000000000000000000110110000000100100000000000000000000000000000000000000000000010100000000000000000000000000000000
000000000011100000000000000000000000000000000000000000000000000000011000000000000000000000000000000000000000000000100100000000000000000000000000000000
010000010000000000000000000000000000100000000000000000000000000000000000000000000000000000000000000000000000000000011000000000000000001100000000000000
010000010000000000000000000000000001010000000000000000000000010000000000000000000000000000000000000000000000000000000000000000000000010100000000000000
010000010000000000000000000000000001010000000000000000000000111000000000000000000000000000000000000000000000000000000000000000000000001000000000000000
000000000000000000000000000000000000100000000000000000000001000100000000000000000000000000000000000000000000000000000000000000000000000000000000000000
000111000000000010000000000000000000000000000000000000000001101100000000000000000000000000000000000000000000000000000000000000000000000000000000000000
000000000000000101000000000000000000000010000000000000000000000000000000000000000000000000000000000000000000000000000000000000000000000000000000000000
000000000000001001000000000000000000000011000000000000000000000000000000000000000000100000000000000000000000000000000000000000000000000000000000000000
000000000000000110000000000000000000000101000000000000000000000000000000000000000001010000000000000000000000000000000000000000000000000111000000001100
000000000000000000000000001000000000000000100000000000000000000000000000000000000010010000000000000000000000000000000000000000000000000000000000001100
000000000000000000000000010100000000000000110000000000000011000000000000000000000001100000000000000000000000000000000000000000000000000000000000000000
000000000000000000000000110110000000000000101000000000000011000000000000000000000000000000000000000000000000000000000000000000000000000000000000000000
000000000000000000000000010011000000000000011000000000000011010000000000000000000000000000000000000000000000000000000000000000000000000000000000001100
000000000000000000000000010000100000000000000000000000000010001001110000000000000000000000000000000000000000000000000000000000000000000000000000001100
000000000000000000000000001000100000000100000000000000000001110000000000000000000000000000000000000000000000000000000000000000000000000000000000000000
000000000000000000000000000111000000001110000000000000000000100000000000000000000000000000000000000000000000000000000000000000000000000000000000000000
000000000000000000000000000000000000011011000000000000000000000000000000000000000000100000000000000000000000000000000000000000000000000000000000000000
000000000000000000000000000000000000001110000000000000000000000000000000000000000001010000000000000000000000000000000000000000000000000110000000000000
000000000011000001100000000000000000000100000000000000000000000000000000000000000001010000000000000000000000000000000000000000000000000110000000000000
000000000011000001100000000000000000000000000000000000000000000000000000000000000000100000000000000000000000000000000000000000000000000000000000000000
000000000000000000000000000000000000000000000000000000111000000000000000000000000000000000000000000000000000000000000000000000000000000000000000000000
000000000000000000000000000000000000000000000000000000000100000000000000000000000000000000000000000000000000010000000000000000000000000000000000000000
000000000000000000000000000000000000000000000000000010001100000000000000000000000000000000000000000000000000101000000000000000000000000000000000000000
000000000000000000000000000000000000000000000000000000010000000000000000000000000000000000000000000000000001001000000000000000000000000000001100000000
000000000000000000000000000000000000000000000000000010000000000000000000000000000000000000000000000000000000110000000000011000000000000000010010000000
000000000000000000000000000000000000000000000000000011100000000000000000000000000000000000000000000000000000000000000000011000000000000000010100000000
000000000000000000000000000000000000000000000000000000000000000000000000000000000000000000000000000000000000000000000000000000000000000000001000000000
000000000000000000000000000000000000000000000000000000000000000000000000000000000000000000000000000000000000000000000000000000000000000000000000000000
000000000000000000000000000000000000000000000000000000000000000000000000000000000000000000000000000000000000000000000000000000000000000000000000000000
000000000000000000000000000000000000000000000000000000000000000000000000100000000000000000000000000000000000000000000000000000000000000000000000000000
000000000000000000000000000000000000001100000000000000000000000000000001010000000000000000000000000000000000000000000000000000000000000000000000000000
000000000000000000001100000000000000001100000000000000000000000000000001010000000000000000000000000000000000000000000000000000000000000000000000000000
000000000000000000001100000000000000000000000000000000000000000000000000100000000000000000000000000000000000000000000000000000011000000011000000000000
000000000000000000000000000000000000000000000000000000000000000000000000000000000000000000000000000000000000000000000000000000100100000100100000000000
000000000000000000000000000000000000000000000000000000000000000000000000000000000000000000000000000000000000000000000000000000011000000011000000000000
000000000000000000000000000000000000000000000000000000000000000000000000000000000000000000000000000000000000000000000000000000000000000000000000000000
000000000000000000000000000000000000000000000000000000000000000000000000000000000000000000000000000000000000000000000000000000000000100000000000000000
000000000000000000000000000000000000000000000000000000000000000000000000000000000001000000000000110000000000000000000000000000000001010000000000000000
000000000000000000000000000000000000000000000000000000000000000000001100000000000001000000000000110000000000000000000000000000000001010000000000000000
000000000000000000000000000000000000000000000000000000000000000000001100000000000001000000000000000000000000000000000000000000000000100000000000000000
000000000000000000001100011000000000000000000000000000000000000000000000000000000000000000000000000000000000000000000000000000000000000000000000000000
000000000000000000010010011000000000000000000000000000000000000000000000000000001000000000000000000000000000000000000000000000000000000000000000000000
000000000000000000010100000000000000000000000000100000000000000000000000000000010100000000000000000000000000000000000000000000000000000000000000000000
000000000000000000001000000000000000000000000001010000000000000000000000000000010100000000000000000000000000000000000000000000000000000000010000000000
000000000000000000000000000000000000000000000001010000000000000000000000000000001000000000000000000000000000000000000000000000000000000000101000000000
000000000000000000000000000000000000000000000000100000000000000000000000000000000000000000000000000000000000000000000000000000000000000000101000000000
