000000000000000000000000000000000110110000000000000000000000000000000000000000000000000000000000000000000000000000000000000000000000000000010000000000
000000000000000000000000000000000010010000000000000000000000000000000000000000000000000000000000000000000000000000000000000000000000011100000000000000
000000000000000000000000000000000001100000011000000000000000000000000000000000000000000000000000011100000000000000000000000000000000000000000000000000
000000000000000000000000000000000000000000011000001000000000000000000000000000000000000000000000000000000000000000000011000000000000000000000000000000
000000000000000000000000000000000000000000000000001000000000000000000000000000000000000000000000000000000000000000000100100000111000000000000000000000
000000000000000000000000000000000000000000000000001000000000000000000000000000000000000000000000000000000000000000000010100000000000000000000000000000
000000000110000000000000000000000000000000000000000000000000000001100000000000000000000000000000000000000000000000000001000000000000000000000000000000
000000001001000000000000000000000000000000000011100011100000000001100000000000000000000000000000000000000000000000000000000000000000000000000000000000
000000001001000000000000000000000000000011000000000000000000000000000000000000000000000000000000000000000000000000000000000000000000000000000000000000
000000000110000000000000000000000001110111000000001000000000000000000000000000000000000000000000000000000000000000000000000000000000000000000000000000
000000000000000000000000000000000010001111000000001000000000000000000000000000000000000000000000000000000000000000000000000000000000000000000000000000
000000000000000000000000000000000100000000000000001000000000000000000000000000000000000000000000000000000000000000000000000000000000000000000000000000
000000000000000000000000000000000100000100000000000000000000000000000000000000000000000000000000000000000000000000000000000001110000000000000000000000
000000000000000000000000000000000100000100000000000000000000000000000000000000000000000000000001000000000000000000000000000000000000000000000000000000
000000000000000000000000000000000010000000000000000000000000000000000000000000000000000000000010100000000000000001100000000000000000000000000000000000
000000000110000000000000000000000000010000000000000000000000000000000000000000000000000000000010100000000000000001100000000000000000000000000000000000
000000000110000000000000000000000000000000000000000000000000000000000000000000000000000000000001000000000000000000000000000000000000000000000000000000
000000000000000000000000000000000000000000000000000000000000000000000000000000000000000000000000000000000000000000000000000000000000000000000000000000
000000000000000000000000000000000000000000000000000000000000000000000000000000000000000000110000000000000000000000000000000010000000000000000000000000
000000000000000000000000000000000000000000000000000000000000000000001000000000000000000001001000000000000000000000000000000010000000000000000000000000
000000000010000000000000000000000000000000000000000000000000000000010100000000000000000000110000000000000000000110000000000010000000000000000000000000
000000000101000011000000000000000000000000000000000000000000000000001000000000000000000000000000000000000000000110000000000000000000000000000000000000
000000000101000011000000000000000000000000000000000000000000000000000000000000000000000000000001000000000000000000000000000000000000000000000000000000
000000000010000000000000000000011100000000000000000000000000000000000000000001000000000000000010100000000000000000000000000000000001100000000000000000
000000000000000000000000000000000000000000000000000000000000000000000000000010100000000000000010100000000000000001000000000000000001100000000000000000
000000000000000000000000000000000000000000000000000000000000000000000000000010010000000000000001000000000000000001000000000000000000000000000000000000
000000000000000000000000000000000000000000000000000000000000000000000000000001100000000000000000000000000000000001000000000000000000001110000000000000
000000000000000000000000000000000000000000000000000000000000000000000000000000000000000000000000000000000000000000000000000000000000000000000000000000
000000000000000000000000000000000000000000000000000000000000000011000000000000000000000000000000000000000000000000000000000000000001100000000000000000
000000000000000000000000000000000000000000000000000000000000000011000000000000000000000000000000000000000000000000000000000000000010010000000000000000
000000000000000000000000000000000000000000000000000000000000000000000000000000000000000000000000000000000000000000000000000000000001010000000000000000
000000110000000000000000000000000010000000000000000000000000000000000000000000000000000000000000000000000000000000000000000000000000100000000000000000
000000110000000000000000000000000010000000000000001110000000000000000000000000000000000000000000000000000000000000000000000000000000000000000000000000
000000000000000000000000000000000010000000000000000000000000000000000000000000000000000011000000000000000000000000000110000000000000000000000000000000
000000000000000000000000000000000000000000000000000000011000000000000000000000000000000011000000000000000000000000001001001000000001100000000000000011
000000000000000000000000000000000000000000000000000000100100000000000000000000000000000000000000000000000000000001101010011000000001100000000000000011
000000000011000000000000000000000000011000000000000000011000000000000000000000000000000000000000000000000000000110100000110100000110000000000000000000
000000000000100000000000000000000000011000000000000000000000000000000000000000000000000000000000000000000000001000010000011000000110000000000000000000
000000000001000000000000000000000000000000000000000000000000000000000000000000000000000000000000000000000000000010000000101000000000000000000000000000
000000000001001000000000000000000000000000000000000000000000000000000000000000011100000000000000000000000000110000000001110000000000000000000000000000
000000000000000000000000000000000000000000000000000000000000000000000000000000001110000000000000000000000000000010011010000000000000000000000000000000
000000000000011000000000000000000000000000000000000000000000000000000000000000000000000000000000000000000000001000001000100000000000000000000000000000
000000000000000000000000000000000000000000000000000110000000000000000000000000000000000000000000000000000000000000000110101100000000000000000000000000
000000000000000000000000000000000000000000000000001001000000000000000000000000000000000010000000000000000000000000000001101000000000000000000000000000
000000011000000000000000000000000000000000000000001010000000000000000000000000000000000101000000000000000000000000000000010000000000000000000000000000
000000001010000000000001100000000000000000000000000100000000000000000000000000000000000011000000000000000000000000000000000000000000000000000000000000
000000001101000000000010010000000000000000000000000000000000000000000000000000000000000000000000000001000000000000000000000000000000000001000000001100
000000001001000000000001100000000000000001100000000000000000000000000000000000000000000000000110000010100000000000000000000000000000000110100000000110
000000001000010110000000000000000000000001100000000000000000000000000000000011100000000000000110000010100000000000000000000000000000000100110001100000
000000000100110000000000000000000000000000000000000000000000000000000000000000000000000000000000000001000000000000000000000000000100000100011011100000
000000000001000001000000000000000000000000000000000000000000000000000000000000000000000000000000000000000000000000000000000000000111011000011000000000
000100000000100011100000000000000000000000000000000000000000000000000000000000000000000000000000110000000000000000000000000000000010111111000000000000
010011000001011001110000000000000000000000000000000000000000000001100000000000000000000000000001001000000000000000000000000000000001000001110100001100
010001000001010000000000001000000000000000000000000000000000000001100110000000000000000000000000110000000000000000000000000000000001111100100110101000
001000000000001011100000011100000000000000000000000000000000011000000110000000000000000000000000000000000000000000010001100000000001001000110110001000
000000000100010101000000111110000000000000000000000000000000011000000000000000000000000000000000000001000000000000010011001000000000100000110001010000
000000000000000000000001000001000000000000000000000000000000000000000000000000000000000000000000000010100000000000010000001000000011100000110000110000
000000000000000001000011001001100000000000000000000000000000000000000000000001100000000000000000000010100000000000001001100100000000000000000000001110
000000000001010001000111010101110000000000000000000000000000000000000000000010010000000000000000000001000000000000001001000000000000000000011011011110
000000000101010010000011001001100000000000000000000000000000000000000000000001010000000000000000000000000000000000000000000000000000000000001111110000
000000001110010110000001000001000000000000000000000000000000000000000000000000100000000000000000000000000000000000000000000000000000000000000010010000
000000010010010111000000111110000000000000000000000000000000011000000000000000000000000000000000000000000110000000000000000000000000000000000001100000
000000001110111011000000011100000000000000001100000000000000011000000000000000000000000000000000000000000110000110000100000000000000000000000000000000
000001000110011011000000001000000000000000001100000000000000000000000000000000000000000000000000000000000000000110001010000000000000000000000000000000
000010100000000100000000000000100001010000000000000000000000000000000001100000000000000000000000000000000000000000000100000000000000000000000000000000
000010100000000000000000000000100010000000000000000000000000000000000010010000000000000000000000000000000000000000000000011000000000000000000000000010
000010100000000000000000000000101100001100000000000000000000000000000001100000000000000100000000000000000000110000000000011000000000000000000000000010
000000000000000000000000000000001000010110000000000000000000000000000000110000000000001010000000001000000000101000000000000000000000000000000000000000
000000000000000000000000001110001001100100000000000000000000110000000000000000000000000100000000010100000000100000000000000000000000000000000000000000
000000000000000000000000000000001001001000000000000000111001001000000000011100000000000000000000010010000000000000000000000000000000000000000000000000
000000000000000000000000000000101110000000000000000000000000110000000000000110000000000000000000001100000000000000000000000000001110000000000000000000
000000000000000000000000000000100000010000000000000000000000000000000000000001000000000000000000000000000011000000000000000000000000000000000011000000
000000000000000000000000000001000001000100000000000000000000000000000000010001000000000000000000000000000100100000000000000000000000000000000010100000
000000000000000000000000000011000010000100000000000000000000000000000001110101100000000000000000000000000011000000000000000000000000000000000100110000
000000000000000000000000000010100010000000010000000000000000000000000010010001000000000000000000000000000000000000000111000011100000000001100000111000
000000000000000000000000000110100110111000010000000000000000000000000110011000000000000000000000000000000000000000000100100000000000000001010000000000
000000000000000000000000000010001100000100010000100000000000000010111000111000000000000000000000000000000000000000001001100000000000000000000000000000
000000000000000000000000000010000000011000000000010000000000000000000000000000000000000000000000000000000000000000001100011000000000000000010000000000
000000000000000000000000000010001000011000011000010000000000000100010001110000000000000000000000000000000000000000000000100100000000000000001001000000
000000000000000000000000000010001000000001011000000000000000000011100000001000000000000000000000000000000000000000000000100100000000000000000010000000
000000000000000000000000000010010000000011100000000000011100010000001011101000010100000000000000000000000000000000000000100100000000000110010001000000
000000000000000000000000000010001000000101100000001100110011011000000001001000000100000000000000000000000000000000001100011000000000000111110110000000
000000000000000000000000000001110000001100000000011011000010001000000100100111000000000000000000000000000000000000001001100000000000000111000001000000
000000000000001000000000000001000000011000000000001010101010000101111010010110001000000000000000000000000000000000000100100000000000110000000111000000
000000000000010100000000000001000000000000000000000110101000001011110011100000001000000000000000000000000000000000000111000000000001111000000111000000
000000000000100100000000000011000000100000000000000000010000001100000000000000000000000000000000000000000000000000000000000000000010110000000000000000
000000000000011000000000000000000000000000010000000000000000000001000000000010110000000000000000000000000000000000000000000000000010110110000000000000
000000000000000000000000000100000000000001111000000000000000000011100001001000100000000000000000000000000000000000000000000000000001111000000000000000
110000000000000000000000000000100000000110100100000000000000000001100011001000100001100000000000000000000000000000000000000000000010010000000000000000
110000000000000011000000000010100000000110001110000000000000000000000010000100100001100000000000000000000000000000000000000000000011000000000000000000
000000000000000100100000000001000000000100001110000000000000000000000000001001000000000000000000000000000000000000000000000000000011000000000000000000
000000000000000011000000000000000000000011010100000000000000000000000000001110000000000000000000000000000000000000000000000000000000000000000000000000
000000000000000000000110001000001000000011111000000000000000000000000000000100000000000000000000000000000000000000000000000000000000000000111100000000
000000000000000000000110001000001000000000110000000000000000000000000000000000000000000000000000000001100000000000000000000000000000000001011110000000
000000000111000000000000001000001000000000000000000010000000000000000000000000000000000000000000000001100000000000000000000000000000000001000110000000
000000000000000000000000000000000000000000000000000101000000000000000000000000000000000000000000000000000000000000000000000000000000000000110000100000
000000000000000000000000000011100000000000000000000101000000000000000000000000000000000000000000000000000000000000000000000000000000000000111000111000
000000000000000000000000000000000000000000000000000010000000000000000000000000000000000000000000000000000000000000000000000000000000000000000100110000
000000000000000000000000000000000000000000000000000000000000000000000000000000001000000000000000000000000000000000000000000000000000000000000010100000
000000000000000000000000000000000000001100000000000000000000000000000000001000010100000000000000000000000000000000000000000000000000000000000010000000
000000000010000000000000000000000000001100000000000000000000000000000000001000101000000000000000000000000000000000000000000000000000000000000000000000
000000000101000000000000000000000000000000000000000000000000000000000000001001001000000000000000000000000000000000000000000000000000000000000000000000
000000000100100000000110000000000000000000000000000000000000000000000000000001010000000000000000000000000000000000001000000000000000000000000000000000
000000000011000000000110000110000000000000000000000000000000000000000000000010001100000000000000000000000000000000010100000000000000000000000000000000
000000000000000000000000000110000000000000000000000000000000000000000000000100101100000000000000000000000000000000100100000000000000000000000000000000
000000000000000000000000000000000000000000000000000000000000000000000000000100100000000000000000000000000000000000011000000000000000001100000000000000
000000000000000000000000000000000000000000000000000000000000000000000000000110001000000000000000000000000000000000000000000000000000010100000000000000
000000000000000000000000000000000000000000000000000000000000000000000000000001110000000000000000000000000000000000000000000000000000001000000000000000
000000000000000000000000000000000000000000000000000000000000000000000000000000000000000000000000000000000000000000000000000000000000000000000000000000
000000000100000000000000000000000000000000000000000000000000000000000000000000000000000000000000000000000000000000000000000000000000000000000000000000
000000001010000000000000000000000000000000000000000000000000000000000000000000000000000000000000000000000000000000000000000000000000000000000000000000
000000001010000000000000000000000000001100000000000000000000000000000000000100000000000000011000000000000000000000000000000000000000000010000000000000
000000000100000000000000001100000000001100000000000000000000000000000000011011000000000000100100000000000000000000000000000000000000000010000000000000
000000000000000000000000001100000000000000000000000000000000000000000000100001000000000000011000000000000000000000000000000000000000000010000000000000
000000000000000000000000000000000000000000000000000000001110000000000001000000000000000000000000000000000000000000000000000000000000000000000000000000
000000000000000000000000000000000001000000000000000000010001001100000000100010000000000000000000000000000000000000000000000000000000000000000000000000
000000000000000000000000000000000001000000000000000000000000001100000000011100000000000000000000000000000000000000000000000000000000000000000000001100
000000000011100000000000000000000001000000000000000000110000000000000000000000000000000000000000000000000000000000000000000000000000000000000000001100
000000000000000000000000000000000000000000000000000001011100000000000000000000000000000000000000000000000000000000000000000000000000000000000000000000
000000000000000000000000000000011000011100000000000001110011000000000000000000000000000000000000000000000000000000000000000000000000000000000000000000
000000000000000110000000000000011000000000000000000000010011000000000000000000000000000000000000000000000000000000000000000000000000000000000000000000
000000000000001001000000000000000001000000000000000000000010000000000000000000000000000000000000000000000000000000000000000000000000000110000000000000
000000000000000110000000000000000001000000110000000000000000001100000000000000000000000000000000000000000000000000000000000000000000000110000000000000
000000000000000000000001100110000001000000110000000000000000011100000000000000000000000000000000000000000000000000000000000000000000000000000000000000
000000000000000000000001100110011000000000000000000000000011101100000000000000000000000000000000000000000000000000000000000000000000000000000000000000
000000000011000000000000000000011000001100000000000000000011110001110000000000000000000000000000000000000000010000000000000000000000000000000000000000
000000000101000000000000000000000000010010000000000000000000110000000000000000000000000000000000000000000000101000000000000000000000000000000000000000
000110000010000000000000000000000000001100000000000000000000000100000011000000000000000000000000000000000001001000000000000000000000000000001100000000
000110000000000000000000000000000000000000000000000000000000000100000100100000000000000000000000000000000000110000000000011000000000000000010010000000
000000000000000000000000000000000000000000000000000000000000000100000011000000000000000000000000000000000000000000000000011000000000000000010100000000
000000000000000000000000000000000000000000000000000000000000000000000000000000000000000000000000000000000000000000000000000000000000000000001000000000
000000000000000000000000000000000000000000000000000000000000000000000000000000000000000000000000000000000000000000000000000000000000000000000000000000
000000000000000000000000001100000000000000000000000000000000000000000000000000000000000000000000000000000000000000000000000000000000000000000000000000
000000000000000000000010001100000000000000000000000000000000001000000000000000000000000000000000000000000000000000000000000000000000000000000000000000
000000000000000000000010000000000000000000000000000000000000010100000000000000000000000000000000000000000000000000000000000000000000000000000000000000
000000000000000000000010000000000000000000000000000000000000010100000000000000000000000000000000000000000000000000000000000000000000000000000000000000
000000000000000000000000000000000000000000000000000000000000001000000000000000000000000000000000000000000000000000000000000000011000000011000000000000
000000000000000000111000111000000000000000000000000000000000000000000000000000000000000000000000000000000000000000000000000000100100000100100000000000
000000000000000000000000000000000000000000000000000000000000000000000000000000000000000000000000000000000000000000000000000000011000000011000000000000
000000000000000000000000000000000000000000000000000000000000000000000000000000000000000000000000000000000000000000000000000000000000000000000000000000
000000000000000000000000000000000000000000000000000000000000000000000000000000000000000000000000000000000000000000000000000000000000100000000000000000
000000000000001000000000000000000000000000000000000000000000000000000000000000000000000000000000110000000000000000000000000000000001010000000000000000
000000000000001000000000000000000000000000011000000000000000000000000000000000000000000000000000110000000000000000000000000000000001010000000000000000
000000000000001000000000000000000000000000100100000000000000000000000000000000000000000000000000000000000000000000000000000000000000100000000000000000
000000000001000001000000000000000000000000011000000000000000000000000000000000000000000000000000000000000000000000000000000000000000000000000000000000
000000000010100010100000000000000000000000000000000000000000000000000000000000000000000000000000000000000000000000000000000000000000000000000000000000
000000000010100010100000000000000000000000000000000000000000000000000000000000001100000000000000000000000000000000000000000000000000000000000000000000
000000000001000001000000000000000000000000000000000000000000000000000000000000001100000000000000000000000000000000000000000000000000000000010000000000
000000000000000000000000000000000111000000000000000000000000000000000000000000000000000000000000000000000000000000000000000000000000000000101000000000
000000000000000000000000111000001001100000000000000000000000000000000000000000000000000000000000000000000000000000000000000000000000000000101000000000
