000000000000000000000110000000000000000000000000000000000000000000000000000000000000000000000000000000000000000000000000000000000000001000010000000000
000000000000000000001001000000000000000000000000000000000000000000000000000000000000000000000000001000000000000000000000000000000000001000000000000000
000000000000000000000110000000000000000000000000000000000000000000000000000000000000000000000000001000000000000000000000000000000000001000000000000000
000000000000000000000000000000000000000000000000000000000000000000000000000000000000000000000000001000000000000000000011000000010000000000000000000000
000000000000000000000000000000000000000000000000000000000000000000000000000000000000000000000000000000000000000000000100100000010000000000000000000000
000000000000000000000000000000000000000000000000000000000000000000000000000000000000000000000000000000000000000000000010100000010000000000000000000000
000000000110000000000000000000000000000000000000000000000000000001100000000000000000000000000000000000000000000000000001000000000000000000000000000000
000000001001000000000000000000000000000000000000000000000000000001100000000000000000000000000000000000000000000000000000000000000000000000000000000000
000000001001000000000000000000000000000000000000000000000000000000000000000000000000000000000000000000000000000000000000000000000000000000000000000000
000000000110000000000000000000000000000000000000000000000000000000000000000000000000000000000000000000000000000000000000000000000000000000000000000000
000000000000000000000000000000000000000000000000000000000000000000000000000000000000000000000000000000000000000000000000000000000000000000000000000000
000000000000000000000000000000000000000000000000000000010000000000000000000000000000000000000000000000000000000000000000000000000000000000000000000000
000000000000000000000000000000000000000000000000000000010000000000000000000000000000000000000000000000000000000000000000000000000000000000000000000000
000000000000000000000000000000000000000000000000000000010000000000000000000000000000000000000001000000000000000000000000000000000000000000000000000000
000000000000000000000000000000000000000000000000000000000000000000000000000000000000000000000010100000000000000000000000000000000000000001100000000000
000000000110000000000000000000000001100000000000000000000000000000000000000000000000000000000010100000000000000000100000000000000000000010010000000000
000000000110000000000000000000000001100000000000000000000000000000000000000000000000000000000001000000000000000001010000000000000000000001100000000000
000000000000000000000000000000000000000000000000000000000000000000000000000000000000000000000000000000000000000000100000000000000000000000000000000000
000000000000000000000000000000000000000000000000000000000000000000000000000000000000000000110000000000000000000000000000000000000000000000000000000000
000000000000000000000000000000000000000000000000000000000000000000001000000000000000000001001000000000000000000000000000000000000000000000000000000000
000000000010000000000000000000000000000000000000000000000000000000010100000000000000000000110000000000000000000000000000000000000000000000000000001000
000001100101000011000000000000000000000000000000000000000000000000001000000000000000000000000000000000000000000000000000000000000000000000000000011000
000001100101000011000000000000001000000000000000000000000000000000000000000000000000000000000001000000000000000000000000000011000000000000000000111100
000000000010000000000000000000001000000000000000000000000000000000000000000001000000000000000010100000000000000000000000000011000000000000000001100000
000000000000000000000000000000001000000000000000000000000010000000000000000010100000000000000010100000000000000000000000000000000000000000000011100110
000000000000000000000000000000000000000000000000000000000101000000000000000010010000000000000001000000000000000000000000000000000000000000000001100110
000000000000000000000000000000000000000000000000000000000100100000000000000001100000000000000000000000000000000000000000000000000000000000000000101000
000000000000000000000000000000000000000000000000000000000011000000000000000000000000000000000000000000000000000000000000000000000000000000000000000000
000000000000000000000000000000000000000000000000000000000000000000000000000000000000000000000000000000000000000000000000000000000000000000000000000000
000000000000000000000000000000000000000000000000000000000000000000000000000000000000000000000000000000000000000000000000000000000000000000000000000000
000000000000000000000000000000000000000000000000001000000000000000000000000000000000000000000000000000000000000000000000100000000000000000000000000000
000000110000000000000000000000000000000000000000001000000000000000000000000000000000000000000000000000000000000000000001110000000000000000000000000000
000000110000000000000000000000000111000000000000001000001000000000000000000000000000000000000000000000000000000000000001011000000000000000000000000000
000000000000000000000000000000000000000000000000000000001000000000000000000000000000000011000000000000000000000000000000001100000000000000000000000000
000000000000000000000000000000000000000000000000000000011000000000000000000000000000000011000000000000001100000000000000001110000000000000000000000011
100000000000000000000000000000000000000000000000000000000000000000000000000000000000000000000000000000001100000000000000001100000000000000000000000100
100000000000000000000000000000000000011000000000000001110010100000000000000000000000000000000000000000000000000000000000101000000000000000000000000010
110000000000000000000000000000000000011000000000000001100100110000000000000000000000000000000000000000000000000000000011010000000000000000000000000000
010000000000000000000000000000000000000000000000000000000100010001100000000000000000000000000000000000000000000000000001100000000000000000000000000000
000000000000000000000000000000000000000000000000100000001101100011110000000000000000000000000000000000000000000000000000000000000000000000000000000110
000000000000000000000000000000000000000000000001010010110011000101001000000000000000000000000000000000000000000000000000000000000000000000000000000110
000000000000000000000000000000000000000000000000110110100000000101110000000001000000000000000000000000000000000000000000000000000000000000000000000110
110000000000000000000000000000000000000000000000000011000000000011100000000001000000000000000000000000000000000000000000000000000000000000000000000010
100000000000000000000000000000000000000000000000000001000000000000000000000001000000000010000000000000000000000000000000000000000000000000000000000011
000000000000000000000000000000000000000000000000000000000000000000000000000000000000000101000000000000000000000000000000000000000000000000000000000001
000000000000000000000001100000000000000000000000000000000000000000000000011100011100000011000000000000000000000000000000000000000000000000000000000000
000000000000000000000010010000000000000000001100000000000000000000000000000000000000000000000000000001000000000000000000000000000000000000000000000000
000000000000000000000001100000000000000000001100000000000000000000000000000001000000000000000110000010100000000000000000000001000000000000000000000000
000000000000001000000000000000000001000000000000000000000000000000000000000001000000000000000110000010100000000000000000000010100000000000000000000000
000000000000001000000000000000000011111000000000000000000000000000000000000001000000000000000000000001000000000000000000000011000100000000000000000000
000000000000001000000000000000001100000100000000000000000000000000000000000000000000000000000000000000000000000000000000000000001010000000000000000000
000000000000000000000000000000001101000010000000000000000000000000000000000000000000000000000000110000000000000000000000000000000100000000000000000000
000000000000000000000000000000000011000100000000000000000000000000000000000000000000000000000001001000000000000000000000000000000000000000000000000000
000000000000000000000000000000000000011100000000001100000000000000000000000000000000000000000000110000000000000000000110000000000000000000000000000000
000000000000000000000000000000000111100000000000001100000000000000000000000000000000000000000000000000000000000000000110000000000000000000000000000000
110000010000000000000000000000000110110000000000000000000000000000000000000000000000000000000000000001000000000000000000000000000000000000000000000000
110000101000000000000000000000000011110000000000000000000000000000000000000000000000000000000000000010100000000000000000000011000000000000000000000000
000000011000000000000000000000000000000000000000000000000000000000011100000001100000000000000000000010100000000000000000000100100000000000000000000100
000000000000000000000000000000000000000000000000000000000000000000000000000010010000000000000000000001000000000000000000000100100000001100000000001010
000000000000000000000000000000000000000000000000000000000000000000000000000001010000000000000000000000000000000000000000000011000000001100000000001001
000000001100000000000000000000001000000000000000000000000000000000000000000000100000000000000000000000000000000000000000000000000000000000000000000110
000000001010000000000000000000011100000000000000000000000000000000000000000000000000000000000000000000000110000000000000000000000000000000000000000000
000000000100000000000000000000110010000000000000000000000011000000000000000000000000000000000000000000000110000000000000000000000000000000000000000000
000000000000000000000000000000011010000000000000000000000011000000000000000000000000000000000000000000000000000000000000111000000000000000000000000000
000000000000000000000000000011011000000000000000000000000000000000000000000000000000000000000000000000000000000000000001001000000000000000000000000000
000000000000000000000000000001000001000000000000000000000000000000000000000000000000000000000000000000000110000000000010011000000000000000000000000000
000000000000000000000000000001000010000001100000000000000000000000000000000000000000000100000000000000000110000000000000000000000000000000000000000000
000000000000000000000000000000100100000001100000000000000000000000000000000000000000001010000000001000000000000000000011100000000000000000000000000000
000000000010000000000000000000010000000000000000000000000000000000000000000000000000000100000000010100000000000000000000000000000000000000000000000000
000000000101000000000000000000000000100000000000000011000011100000000000000000000000000000000000010010000000000000000000000000000000000000000000000000
000000000101000000000000000000000000010000000000000011000000000000000000000000000000000000000000001100000000000000000000000000000000000000000000000000
000000000010000000000000000000000001110000000000000000000000100000000000001100000000000000000000000000000010000000000000000000000000110000000000000000
000000000000000000000000000000000000000000000000000000011000110000000000001010000000000000000000000000000010000000000000000000000001001000000000000000
000000000000000000000000000000000000000000000000000000011000110000000000000110000000000000000000000000000010000000000000000000000001001000000000000000
000000000000000000000000000000000000000000000000000000000000001000000000000000000000000000000000000000000000000000000000000000000000110000000000001100
000000000000000000000000000000000000000000000000000000000000000000000000000000000000000000000000000000000000000000000000010000000000000000000000010010
000000000000000000000000000000000000000000000000000000000000000000000000000000000000000000000000000000000000000000000000101000000000000000000000001100
000000000000000000000000000001100000000000000000000000000000000000000000000000000000000000000000000000000000000000000000101000001100000000000000000000
000000000000000000000000000001010000000000000000000000000000000000000000000000000000000000000000000000000110000000000000010000010100000000000000000000
000000000000000000000000000000100000000000000000000000000000000000000000000000000000000000000000000000000110000000000000000000001000000000000000000000
000000000000001000000000000000000000000000000000000000000000000000000000000000000000001100000000000000000000000000000000000000000000000000000000000000
000000000100011100011000000000000000000000000000000000000000000000000000000000000000001100000000000000000000000000000000000000000000000000000000000000
000000000001011100010100000000000000000000000000000000000000100000000000000000000000000000000000000000000000000000000000000000000000000000000000000000
000000000101000000001000000000000000000000000000000000000001010000000000011000000000000000000000000000000000000000000000000000000000000000000000000000
000000000011000010000000000000000000000000000000000000000001001000000000011000000000000000000000000000000000000000000000000000000000000000000000000000
000000000001111101000000000000000000000000000000000000000000110000000000000000000000000000000000000000000000000000000000000000000000000000000000000000
000000000000111110000000001001100000000000000000000000000000000000000000000000000000000000000000000000000000000000000000000000000000000000000000000000
000000000000000100000000010101010000000000000000000000000000000000000000000001100000110000000000000000000000000000000000000000000001000000000000000000
000000000000110000000000010100010000000000000000000000000000000000000000000001100001001000000000000000000000000000000000000000000001000000000000000000
000000000001001100000000001011000000000000000000000000000000000001000000000000000000110000000000000000000000000000000000000000000001000000000000000000
000000000000110000001000000001000100000000000000000000000000000001000000000000000000000000000000000000000000000000000000000000000000000000000110110000
000000000000010000001000000000010100000000000000000011000101100001000000000000000000000000000000000000000000000000000000000000000000000000000110110000
000000000000000000000000000000001000000000000000000101110001010100000000000000000000000000000000000000000000000000000000000000000000000000000110110001
100000000000000000000000000000000000000000000000000100010000000100000000000000000000000000000000000001100000000000000000000000000000000000000000000010
100000000000000000000000000000000000000000000000000011100110100001110000000000000000000000000000000001100000000000000000000000000000110000000000000100
000000000000000000000000000000000000000000000000000001000111100111110000000000000000000000000000000000000000000000000000000000000000110000000000000011
000000000000000000000000000000000000000000000000000000000000100000010000000000000000000000000000000000000000000000000000000000000000000000000000000000
000000000000000000000000000000000000000000000000000000110000000011000000000000000000000000000000000000000000000000000000000000000000000000000000000000
000000000000000000000000000000000000000000000000000000111000001001001000000000000000000000000000000000000000000000000000000000000000000000000000000000
001110000000000000110000000000000000001110000000000000011000011000111000000000000000000000000000000000000000000000000000000000000000000000000000000000
001001000000000001000100000000000000000000000000000000010000110001100000000000000000000000000000000000000000000000000000000000000000000000000000000000
010000000000100000111100000000000000000000000001000010000000000001100000000000000000000000000000000000000000000000000000000000000000000000000000000000
011000100001000000011000000000000000000000000010100010000100000000000100000000000000000000000000000000000000000000001000000000000000000000000000000000
001000110001000100000000011100000000000000000010010000000000000010001100000000000110000000000000000000000000000000010100000000000000000000000000000000
000010100000110110000000000000000000001000000001010001100000000011111100000000000110000000000000000000000000000000100100000000000000000000000000000000
000000010000110010000000000000000000110000000001110001110000000011010000000000000000000000000000000000000000000000011000000000000000001100000000000000
000010001000000110000000001110000000010000000000000001000000000000000000000000000000100000000000000000000000000000000000000000000000010100000000000000
010000000100000000000000010011000010001000000000000001001000000000000000000000000001010000000000000000000000000000000000000000000000001000000000000000
010110000100000000000001001111100010011000110000001100001000000000000000000000000001010000000000000000000000000000000000000000000000000000000000000000
010001100100000000010111101100100011010000110000000111000000000000000000000000000111100000000000000000000000000000000000000000000000000000000000000000
000000011100000000110110100010100000000001110000000010000000111000000001100000011111000000000000000000000000000000000000000000000000000000000000000000
000000000000000001100011000000100000000001100000000000001000001000000010001100010001000000000000000000000000000000000000000000000000000000000000000000
000000000000000000110011100101000000000001100000000000001000111000000000001100011110000000000000000000000000000000000000000000000000000111000000001100
000000000000000000011101000000000000000000010000000000001000000000000000000100000100000000000000000000000000000000000000000000000000000000000000001100
000000000000000000001110000000000000010001100000000000000000000000000000100000000000000000000000000000000000000000000000000000000000000000000000000000
000000000000000000000100000000000000101000000000000000000000000000000000011000000000000000000000000000000000000000000000000000000000000000000000000000
000000000000000000000000000000000001101001000000000000000000000000000000001111000011000000000000000000000000000000000000000000000000000000000000001100
000000000000000000000000000000000011001011100000000000000000000000000000000111000000000000000000000000000000000000000000000000000000000000000000001100
000000000000000000000000000000000101011000011000000000000000000000000000000000000000000000000000000000000000000000000000000000000000000000000000000000
000000000000000000000000000000000110000011001000000000000000000000000000000000000000000000000000000000000000000000000000000000000000000000000000000000
000000000000000000000000000000000000000001111000000000000000000000000000000000000000000000000000000000000000000000000000000000000000000000000000000000
000000000000000000000000000000000000000000000000000000000000000000000000000000000000000000000000000000000000000000000000000000000000000110000000000000
000000000011000001100000000000000000000000000000000000000000000000000000000000000000000000000000000000000000000000000000000000000000000110000000000000
000000000011000001100000000000000000000010000000000000000000000000000000000000000000000000000000000000000000000000000000000000000000000000000000000000
000000000000000000000000000000000000000010000000000000000000000000000000000000000000000000000000000000000000000000000000000000000000000000000000000000
000000000000000000000000000000000000000010000000000000000000000000000000000000000000000000000000000000000000010000000000000000000000000000000000000000
000000000000000000000000000000000000000000000000000000000000000111000000000000000000000000000000000000000000101000000000000000000000000000000000000000
000000000000000000000000000000000001100000000000000000000000000000000000000000000000000000000000000000000001001000000000000000000000000000001100000000
000000000000000000000000000000000001100000000000000000000000000000000000000000000000000000000000000000000000110000000000011000000000000000010010000000
000000000000000000000000000000000000000000000000000000000000000000000000000000000000000000000000000000000000000000000000011000000000000000010100000000
000000000000000000000000000000000000000000000000000000001000000000000000000000000000000000000000000000000000000000000000000000000000000000001000000000
000000000000000000000000000000000011000000000000000000010100000000000000000000000000000000000000000000000000000000000000000000000000000000000000000000
000000000000000000000000000000000011000000000000000000010100000000000000000000000000000000000000000000000000000000000000000000000000000000000000000000
000000000000000000000000011000000000000000000000000000001000000000000000110000000000000000000000000000000000000000000000000000000000000000000000000000
000000000000000000000000110000000000000000000000000000000000000000000011011000000000000000000000000000000000000000000000000000000000000000000000000000
000000000000000000001100001000000000000000000000000000000000000000000011111000000000000000000000000000000000000000000000000000000000000000000000000000
000000000000000000001100000000000000000000000000000000000000000000000010111100000000000000000000000000000000000000000000000000011000000011000000000000
000000000000000000000000000000000000000000000000000000000000000000000001000110000000000000000000000000000000000000000000000000100100000100100000000000
000000000000000000000000000000000000000000000000000000000000000000000000000000100000000000000000000000000000000000000000000000011000000011000000000000
000000000000000000000000000000000000000000000000000000000000000000000000000010100000000000000000000000000000000000000000000000000000000000000000000000
000000000000000000000000000000000000000000000000000000000000000000000000000010000000000000000000000000000000000000000000000000000000100000000000000000
000000000000000000000000000000000000000000000000000000000000000000000000000011010100000000000000110000000000000000000000000000000001010000000000000000
000000000000000000000000000000000000000000000000000000000000000000000000000000000100000000000000110000000000000000000000000000000001010000000000000000
000000000000000000000000000000000000000000000000000000000000000000000000101100000100000000000000000000000000000000000000000000000000100000000000000000
000000000000000000001100011000000000000000000000000000000000000000000001001100001000000000000000000000000000000000000000000000000000000000000000000000
000000000000000000010010011000000000000000000000000000000000000000000000000000001000000000000000000000000000000000000000000000000000000000000000000000
000000000000000000010100000000000000000000000000100000000000000000000000000111001000000000000000000000000000000000000000000000000000000000000000000000
000000000000000000001000000000000000000000000001010000000000000000000000000000101000000000000000000000000000000000000000000000000000000000010000000000
000000000000000000000000000000000000000000000001010000000000000000000000000000110000000000000000000000000000000000000000000000000000000000101000000000
000000000000000000000000000000000000000000000000100000000000000000000000000000000000000000000000000000000000000000000000000000000000000000101000000000
