000000000000000000000000000000000000000000000000000000000000000000000000000000000000000000000000000000000001000010000000000000000000000000010000000000
000000000000000000000000000000000000000000000110000000000000000000000000000000000000000000000000000000000000010000000000000000000000011100000000000000
000000000000000000000000000000000000000000000110000000000000000000000000000000000000000000000000011100000000000000000000000000000000000000000000000000
000000000000000000000000000000000000000000000000000000000000000000000000000000000000000000000000000000000000001100000011000000000000000000000000000000
000000000000000000000000000000000000000000000000000000000000000000000000000000000000000000000000000000000000010100000000100000111000000000000000000000
000000000000000000000000000000000000000000000000000000000000000000000000000000000000000000000000000000000000010100010010100000000000000000000000000000
000000000110000000000000000000000000000000000000000000000000000001100000000000000000000000000000000000000000000000001011000000000000000000000000000000
000000001001000000000000000000110000000000000000000000000000000001100000000000000000000000000000000000000000000000110000000000000000000000000000000000
000000001001000000000000000000110000000000000000000000000000000000000000000000000000000000000000000000000000000001000000000000000000000000000000000000
000000000110000000000000000000000000110000000000000000000000000000000000000000000000000000000000000000000000000001100000000000000000000000000000000000
000000000000000000000000000000000000110000000000011000000000000000000000000000000000000000000000000000000000000000000000000000000000000000000000000000
000000000000000000000000000000000000000000000000011000000000000000000000000000000000000000000000000000000000000000000000000000000000000000000000000000
000000000000000000000000000000000000000000000000000000000000000000000000000000000000000000000000000000001000000000000000000001110000000000000000000000
000000000000000000000000000000000000000000000000000000000000000000000000000000000000000000000001000000010000000000000000000000000000000000000000000000
000000000000000000000000000000000000000100000000000000000000000000000000000000000000000000000010100000011100000001100000000000000000000000000000000000
000000000000000000000000000000000000001010000000000000000000000000000000000000000000000000000010100000000000000001100000000000000000000000000000000000
000000000000000000000000000000000000001010000000000000000000000000000000000000000000000000000001000000000000000000000000000000000000000000000000000000
000000000000000000000000000000000000000100000000000000000000000000000000000000000000000000000000000000000000000000000000000000000000000000000000000000
000000000000000000000000000000000000000000000000000000000000000000000000000000000000000000110000000000000000000000000000000000000000000000000000000000
000000000000000000000000000000000011000000011000000000000000000000001000000000000000000001001000000000000000000000000000000000000000000000000000000000
000000000000000000000000000000000100100000100100000000000000000000010100000000000000000000110000000000000000000000000001000000000000000000000000000000
000000000000000011000000000000000011000000011000000000000000000000001000000000000000000000000000000000000110000000000001000000000000000000000000000000
000000000000000011000000000000000000000000000000000000000000000000000000000000000000000000000000000000000110000000000001000000000000000000000000000000
000000000000000000000000000000000000000100000000000000000000000000000000000001000000000000000000000000000000000000000000000000000000000000000000000000
000000000000000000000000000000000000001010000000000000000000000000000000000010100000000000000000000000000000000000000000000000000000000000000000000000
000000000000000000000000000000000000001010000000000000000000000000000000000010010000000000000000000000000000000000000000000000000000000000000000000000
000000000000000000000000000000000000000100000000000000000000000000000000000001100000000000000000000000000000010000000000000000000000000001100000000000
000000000000000000000000000000000000000000000000000000000000000000000000000000000000000000000000000000000001101000000000000000000000000011010000000000
000000000000000000000000000000000000000000000000000000000000000011000000000000000000000000000000000000000001100000011000000000000011000001011000000000
000000000000000000000000000000000000000000000000000000000000000011000000000000000000000000000000000000000001001101011000000000000011001010110100010000
000000000000000000000000000000000000000000000000000000000000000000000000000000000000000000000000000000011000011001100000000000000000001110001100010000
000000000000000000000000000000000010000000000000000000000000000000000000000000000000000000000000000000110000000011001100000000000000000001000100001000
000000000000000000000000000000000010000000000000001110000000000000000000000000000000000000000000000000011010000001110000000000000000001100001000100100
000000000000000000000000000000000010000000000000000000000000000000000000000000000000000000000000000000001110000001010000000000000000000100011000101000
000000000000000000000000000000000000000000000000000000011000000000000000000000000000000000000000000000000000000010000110000000000000000100000000000000
000000000000000000000000000000000000000000000000000000100100000000000000000000000000000000000000000000000000000010000000010010000000000100010000010000
000000000000000000000000000000000000011000000000000000011000000000000000000000000000000000000000000000000000000000000000000000000000000100010000010000
000000000000000000000000000000000000011000000000000000000000000000000000000000000000000000000000000000000000000001000011000010000000000111100000000000
000000000000000000000000000000000000000000000000000000000000000000000000000000000000000000000000000000000000000000110000111100000000000011000000000000
000000000000000000000000000000000000000000000000000000000000000000000000000000011100000011011000000000000000000000010001000000001100000000000000011011
000000000000000000000000000000000000000000000000000000000000000000000000000000001110000100101111100000001000000000001010000000001100000000000000101000
100000111011100000000000000000000000000000000000000000000000000000000000000000000000000100110011010000010100000000000100000000000000000000000000100000
100000000000100000000000000000000000000000000000000110000000000000000000000000000000000000000001011000100100000000000000000000000000000000000000100111
100110000000100000000000000000000000000000000000001001000000000000000000000000000000000111000000110000011000000000000000000000000000000000000000010101
011010000001000000000000000000000000000000000000001010000000000000000000000000000000000110000000100000000000000000000000000000000000000000000000000000
000000111110000000000000000000000000000000000000000100000000000000000000000000000000000000000000000000000000000100000000000000000000000000000000000000
000100100000000000000000000000000000000000000000000000000000000000000000000000000000000000000000000000000000000100000000000000000000000000000000000000
000000000000000000000000000000000000000001100000000000000000000000000000000000000000000000000000000000000000000100000000000000000000000000000000000000
000001000000000000000000000000000000000001100000000000000000000000000000000011100000000000000000000000000000000000000000000000000011000000000000000000
001110000000000000000000000000000000100000000000000000000000000000000000000000000000000000000000000000000000000000000000000000000100100000000000000000
000011101100000000000000000000000000100000000000000000000000000000000000000000000000000000000000000000000000000000000000000000000100100000000000000000
000001110100000000000000000000000000100000000000000000000000000000000000000000000000000000000110000000000001100000000000000000000011000000000000000000
000110000100000000000000000000000000000000000000000000000000000001100000000000000000001000000110000000000001100000000000000000000000000000000000000000
001001001000000000000000000000000000000000000000000000000000000001100110000000000000001000000000000000000000000000000000000000000000000000000111000000
000000000000000000000000000000000000000000000000000000000000011000000110000000000000001000000000000000000000000000000000000000000000000000011010100000
001000000000000000000000000000000000000000000000000000000000011000000000000000000000000000000000000000000000000000000000000000000000000000011110100000
000000100000000000000000000011000000000000000000000000000000000000000000000000000011100011100000000000000000000000000000000000000000000000100101100000
000011000000000000000000000100100000000000000000000000000000000000000000000001100000000000000000000000000000000000000000000000000000000001100100100000
000000000000000110000000000011000000000000000000000000000000000000000000000010010000001000000000000000011000000000000000000000000000000000001101100000
011000000110000110000000000000000000000000000000000000000000000000000000000001010000001000000000000000011000000000000010000000011000000001001100010100
010010001001000000000000000000000000000000000000000000000000000000000000000000100000001000000000000000000000000000000111000000100100000000100011101100
000010001010000000000000000000000000000000000000000000000000000000000000000000000000000000000000000000000000000000001111100000100100000000000001000000
111010110000010000000000000000000000000000000000000000000000000000000000000000000000000000000000000000000000000000010000110000011000000000000000010100
000000110110001000000000000000000000000000000000000000000000000000000000000000000000000000000000000000000000000000100000000000000000000000000000001100
000001100010001000000000000000000000000000000000000000000000000000000000000000000000000000000000000001100000000000100100000000000000000000000000000111
100010100001010000000000000000000000000000000000000000000000000000000000000000000000000000000000000011110000000000010000000000000000000000000000000010
000001100011000000000000000000000000000000000000000000000000000000000000000000000000000010100000000010000000000000000110000000000000000000000000000011
000000000000000000000000000000000000000000000000000000000000000000000000000000000000000010011000001001000000000011001100000000000000000000000000000000
000000000000000000000000000000000000000000000000000000000000100000000000000000011110000010100001000010000000000010101110000000000000000000000000000000
000000000000000000000000000000000001100000000000000000000001010000000000000001110110000000000011000000000110000000100100000001100000000000000000000000
000000000000000001100000000000000100011000000000000000000001100000000000000011011000010000000001100000001001100110000110000001100000000000000000000000
100000110000000010011000000000000101000000000000000000000000000000000000001101011001101000000000000000100000001000100110000000000000000000000000000000
010000110000000010000100000000001000000000000000000000000000000000011000001100111000001110000000000000111101100000000100000000000000000000000000000001
010000000000000011011000000000011010111000000000000000000000000000011000001101001000001110000000000010000000101010000101000000000000000000000000000001
100000000000000000011100000000000010100000000000000000000000000000000000000011110000001101000000000011011000000000000111100000000000000000000000000000
000000000000000000000100000010011010000000000000000000000000000000000000000011000000000111000000000000000000000000001000100000000000000000000000000000
000000000000000000000110000010011010000000000000000000000000000000000000000000000000010000000000000010000000000000001000100000000000110000000000000000
000000000000000000000100000010011100000000000000000000000000000000000000000000000000000110000000000010010000000000000101000000000001001000000000000000
000000000000000000000110000010000110000000000000000000000000000000000000000000000000000000000000000000100000000000000010000000000000110000000000000000
000000000000000000001000000001100111100000000000000000000000000000000000000000000000000000000000000000000000000000000000000000000000000000000000000000
000000000000000000000000000010010000100000000000000000000000000000000000000000000000000000000000000000000000000000000000000000000000000000000000000000
000000000000001010000000000000001001000000000000000000000000001000000000000000000000000000000000000011100000000000000000000000000000000000000000000000
000000000000010010000000000110011010000000000000000000000000001000000000000000000000000000000000000001011100000000000000000000000000001100000000000000
000000000000010010000000000000001100000000000011100000110000001000000000000000000000000000000000000011011000000000000010000010000000001100000000000000
000000000000011100000000000000000000000000000000000001001000000000000000000000000000000000000000000011011000000000001011000111000000000000000000000000
000000000000000101110011100000000000000000000000000000110000000011100000000000000000000000000000000000100000000000000001101001100000000000000000000000
000000000000000000100111100000000000000000000000000000000000000000000000000000000000000000000000000000000000000000011010101111000000000011000000000000
001100000000000000010000111000100000000000000000000000000000001000000000000000000000000000000000000000000000000000100000101100000000000011000000000000
001010000000000000001101110000100000000000000000000000000000001000000000000000000000000000000000001010001100000000111001100000000000000000000000000000
000101000000000000001000100000000000000000000000000000000000001000000000000000000000000000000000000100010010000000010101110000000000000000000000000000
000010000000000000010000000000000110000000000000000000000000000000000000000000000000000000000000000000100010000000001010110000000000000000000001100000
000000000000000000110010000000000110000000000000000000000000000000000000000000000101000000000000000000000000000000000010000000000000000000000010010000
000000000000000001000100000000000000000000011000000000000000000000000000000000000110000000000110000000000000000000001010000000000000000000000010100000
000000000000000000110000000000000000000000011000000000000000000000000000000000000010000000000110000000011100000000001110000000000000000000000001000000
000000000111000000010000000000000000000000000000000000000000000000000000000000000000000000000000000001100100000000001110000000000000000000000000000000
000000000000000000000000000000000000000000000000000000000000000000000000000000000000000000000000000110110000000000001111000000000000000000000000000010
000000000000000000000000000000000000000000000000000000000000100000000000000000000000000000000000000001100000000001110100010000000000000000000000000101
000000000000000000000000000000000100000000000000000000000001010000000000000000000000000000000000000000000000000001001010100000000000000000000000000101
000000000000000000000000000000000100000000000000000000000001010000000000000000000000000000000110000000000000000010011011100000000000000000000000000010
000000000000000000000000000000000100000000000000000000000000100000000000000000000000000000000110000000000000000001010010000000000000000000000000000000
001100000010000000000000000000000000000000000000000000000000000000000000000000000000000000000000000000000000000000010000000000000000000000000001100000
010010000101000000000000000000000001110000000000000000000000000000000000000000000000000000000000000000000000000000000000000000000000000001000010010000
001100000100100000000110000000000000000000000000000000000000000000000000000000000000000000000000000000000000000000000000000000000000000010100001100000
000000000011000000000110000110000000000000000000000000000000000000000000000000000000000000000001100000000000000000000000000000000000000001100000000000
000000000000000000000000000110000000000000000000000000000000000000000000110000000000000111000001100000000000000000000000000000000000000000000000000010
000000000000000000000000000000000000000000000000000000000000000000000001010000000000000000000000000000000000000000000000000000000000001100000000000101
000000000000000000000000000000000000000000000000000000000000000000000001100000000000000000000000000000000000000000000000000000000000010100000000000101
000000000000000000000000000000000000000000000000000000000000000000000000000000000000000000000000000000011000000000000000000000000000001000000000000010
000000000000000000000000000000000000000000000000000000000000000000000000000000000000000000000000000000011000000000000000000000000000000000000000000000
000000000100000000000000000000000000000000000000000000000000000000000000000000000000000000000001100000000000000000000000000000000000000000000000000000
000000001010000000000000000000000000000000000000000001110000000000000000000000000000000000000001100011000000000000000000000000000000000000000000000000
000000001010000000000000000000000000000000000000000010010000000000000000000000000000000000000000000011000000000000000000000000000000000010000000000000
000000000100000000000000001100000000000000000000000100000100000000000000000000000000000000000000000000000000000000000000000000000000000010000000000000
000000000000000000000000001100000000000000000000001000010100000000000000000000000000000000000000000000000000000000000000000000000000000010000000000000
000000000000000000000000000000000000000000000000001010011100001110000000000000000000000000000000000000000000000000000000000000000000000000000000000000
000000000000000000000000000000000001000000000000000100000000000100000000000000000000000000000000011000000000000000000000000000000000000000000000000000
000000000000000000000000000000000001000000000000000000000000000000000000000000000000000000000000011000000000000000000000000000000000000000000000001100
000000000011100000000000000000000001000000000000000000000000000000000000000000000000000000000000000000000000000000000000000000000000000000000000001100
000000000000000000000000000000000000000000000000000000000000100000100000000000000000000000000000000000000000000000000000000000000000000000000000000000
000000000000000000000000000000011000011100000000000000000001100100110000000000000000000000000000000000000000000000000000000000000000000000000000000000
000000000000000110000000000000011000000000000000000000000000000100000000000000000000000000000000000000000000000000000000000000000000000000000000000000
000000000000001001000000000000000001000000000000000000000000000100000000000000000000000000000000000000001110000000000000000000000000000110000000000000
000000000000000110000000000000000001000000110000000000000000000000000000000000000000000000010000000000000000000000000000000000000000000110000000000000
000000000000000000000001100110000001000000110000000000000010011011001000000000000000000000101000000000000000000000000000000000000000000000000000000000
000000000000000000000001100110011000000000000000000000000011011011011000000000000000000001010000000000000000000000000000000000000000000000000000000000
000000000011000000000000000000011000001100000000000000000011000000011000000000000000000001100000000000000000010000000000000000000000000000000000000000
000000000101000000000000000000000000010010000000000000000000111011100000000000000000000000000000000000000000101000000000000000000000000000000000000000
000110000010000000000000000000000000001100000000000000000000000000000001100000000000000000000000000000000001001000000000000000000000000000001100000000
000110000000000000000000000000000000000000000000000000000000011011000010010000000000000000000000011000000000110000000000011000000000000000010010000000
000000000000000000000000000000000000000000000000000000000000010001000001100000000000000000000000100100000000000000000000011000000000000000010100000000
000000000000000000000000000000000000000000000000000000000100001110000000000000000000000000000000011000000000000000000000000000000000000000001000000000
000000000000000000000000000000000000000000000000000000001010001110000000000000000000000000000000000000000000000000000000000000000000000000000000000000
000000000000000000000000001100000000000000000000000000001010000000000000000000000000000000000000000000000000000000000000000000000000000000000000000000
000000000000000000000010001100000000000000000000000000000100000000000000000000000000000000000000000000000000000000000000000000000000000000000000000000
000000000000000000000010000000000000000000000000000000000000000000000000000000000000000000000000000000000000000000000000000000000000000000000000000000
000000000000000000000010000000000000000000000000000011000000011000000000000000000000000000000000000000000000000000000000000000000000000000000000000000
000000000000000000000000000000000000000000000000000100100000100100000000000000000000000000000000000000000000000000000000000000011000000011000000000000
000000000000000000111000111000000000000000000000000011000000011000000000000000000000000000000000000000000000000000000000000000100100000100100000000000
000000000000000000000000000000000000000000000000000000000000000000000000000000000000000000000000000000000000000000000000000000011000000011000000000000
000000000000000000000000000000000000000000000000000000000100000000000000000000000000000000000000000000000000000000000000000000000000000000000000000000
000000000000000000000000000000000000000000000000000000001010000000000000000000000000000000000000000000000000000000000000000000000000100000000000000000
000000000000001000000000000000000000000000000000000000001010000000000000000000000000000000000000110000000000000000000000000000000001010000000000000000
000000000000001000000000000000000000000000000000000000000100000000000000000000000000000000000000110000000000000000000000000000000001010000000000000000
000000000000001000000000000000000000000000000000000000000000000000000000000000000000000000000000000000000000000000000000000000000000100000000000000000
000000000001000001000000000000000000000001000000000000000000000000000000000000000000000000000000000000000000000000000000000000000000000000000000000000
000000000010100010100000000000000000000010100000000000000000000000000000000000000000000000000000000000000000000000000000000000000000000000000000000000
000000000010100010100000000000000000000010100000000000000000000000000000000000001100000000000000000000000000000000000000000000000000000000000000000000
000000000001000001000000000000000000000001000000000000000000000000000000000000001100000000000000000000000000000000000000000000000000000000010000000000
000000000000000000000000000000000000000000000000000000000000000000000000000000000000000000000000000000000000011100000000000000000000000000101000000000
000000000000000000000000111000000000000000000000000000000000000000000000000000000000000000000000000000000000100100000000000000000000000000101000000000
