000000000000000000000110000000000000000000000000000000000000000000000000000000000000000000000000000000000000000000000000000000000000000000000000001110
000000000000000000001001000000000000000000000000000000000000000000000000000000000000000000000000001000000000000000000000000000000000000000000000011010
000000000000000000000110000000000000000000000000000000000000000000000000000000000000000000000000001000000000000000000000000000000000000000000000010111
000000000000000000000000000000000000000000000000000000000000000000000000000000000001100000000000001000000000000000010000000000000000000000000000000011
000000000000000000000000000000000000000000000000000000000000000000000000000000000001100000000000000000000000000000111000000000000000000100010000100001
000000000000000000000000000000000000000000000011100000000000000000000000000000000000000000000000000000000000000011100100000000000000001000010000000000
000000000110000000000000000000000000000000000000000001110000000001100000000000000000000000000000000000000000000011000000000000000000010000110000010100
000000001001000000000000000000000000110000000000000000000000000001100000110000000000000000000000000000000000000000000000000000000000010000000000111000
000000001001000000000000000000000000110000000000000000000000000000000000110000000000000000000000000000000000000110000011000000000000100000001111100000
000000000110000000000000000000000000000000000000000000000000000000000000000000000000000000000000000000000000000000000011100000000000010001000011010000
000000000000000000000000000000000000000000000000000000000000000000000000000000000000000000000000000000000000000001000101000000000000001101000100010000
000000000000000000000000000000000000000000000000000000000000000000000000000000001000000000000000000000000000000011111110000000000000000010000010010000
000000000000000000000000000000000000000110000000000000000000000000000000110000010100000000000000110000000000000010010000000000000000000000000010100000
000000000000000000000000000000000000000001000000000000000000000000000000110000110010000000000000110000000000000001000010000000000000000000000000000000
000000000000000000000000000000000000000010000000000000000000000000000000000000110000000000000000000000000000000110110110000000000000000000000000000000
000000000000000000000000000000000000001000000000000000000000000000000000000000000000000000000000000000000000000110101100010000000000000000000000000000
000000000000000000000000000000000000001001000000100000000000000000000000000000000000000000000000000000000110000000010000111000000000000000000000000000
000000000000000000000000000000000000001000100001000000000000000000000000000000000000000000000000000000001001000000001001001000000000000000000000000000
000000000000000000000000000000000000000011100001011000000000000000000000000011100110000000000000000000000110000010110010010000000000000000011000000000
000000000000000000000000000000000000000000000000111100000000000000001000000001010101000000000000000000000000000011100010100000000000000000000100000000
000000000000000000000000000000000000000000001100100010000000000000010100000000111101100000000000000000000000000000000001000000000010000000100000000000
000000000000000000000000000000000000000000000110101100000000000000010010000000011111000000000000000000000000000000000000000000000111000000011000000000
000000000000000000000000000000000000000000110111000000000000000000001100000000000000000000000000000000000000000011100000000000001010100000010100000000
000000000000000000000000000000000000000001000000010000000000110000000000000000000000000000000000000000000000001010010000000000001101110000010001000000
000000000000000110000000000000000000000010000000000000001100110000000000000000000000000000000000000000000000111100000000000000000110100000010000100000
000000000000000110000000000000000000000010000000100000001100000000001000000001100000000000000000000000000000110011100000000000000100010100001000010001
000000000000001001000000000000000000000100100010000000000000000000010001000000110000000000000000000000000000111010000000000000000010100000000011110011
000000000000000100110000000000000000000011100000000000000000000000100000100001000001000000000000000000000000001000000000000000000001000000000001100000
100000000000000011011000000000000000111101100000000000000000000000010000000000000010100000000000000000000000000000000000000000000000000000000000000001
000000000000000000100000000000000000100000000000000000000000000000100011000000000001100000000000000000000000000000000000000000000000000000000000010010
100000000010000000000000000000000001100000011000000000000000000001101000000000000000000000000000000000000000000000000000000000000000000000000000011111
100111000101000000000000000001100011000000011000000000000000000001001000000000000000000000000000000000000000000000000010000000000000001010000100011111
000000000110000000000000000001001111000000011000000000000000000000111000000000000000000000000000000000000000000000000101000000010000000000001111000111
000000000000000000000000000000011010000000000000010000000000000000000000000000000000000011000000000000000000000000001001000001101001110001110010000010
000000000000000000000000000000010011000000000000011000000000000000000000111000000000000011000000000000001100000000000110000001101100001111010011000000
000000000000000000000000000000001111100000000000010000000000000000000000111000000000000000000000000000001100000000000000000010010110010001100110000000
000000000000000000011000000000000111100001100000000000000000000001010000000000000000000000000000000000000000000000000000000001100010111010001001000000
000000000000000000100100000000000000000010100000000000000000000001001000000001000000000000000000000000000000000000000000000001100110100000000100100000
000000000000000000100100000000000000000100000000000000000000000001010000000010100000000000000000000000000000000000000000000000000110110000000011100000
000000010000000000011000000000000101000010110000000000000000000000000000000000110000000000000000000000000000000000000000000000000010010000000000000000
000000010000000000000000000000000100000010010000000000000000000000000000000011100000000000000000000000000000000000000000000011000001100000000000001100
000000010000000000000000000000000000001001100000000000000000000000000101000011100000000000000000000000000000000000000000000101000000000000000000001100
000000000000000000000000000000000000000000000000000000000000000000001001001100000000000000000000000000000000000000000000000010000000000000000000000000
000000000000000000000000000010000000101000000000000000000000000000001001000000000000000010000000000000000000000000000000000000000000000000000000000000
000000000000000000000000000111000000010000000000000000000000000000000000000000000000000101000000000000000000000000000000000000000000000000000000000000
000000000000000000000000001100100000000000000000000000000000000000000000000000000000000011000000000000000000000000000000000000000000000000000000000000
000000000000000000000000010111100000000110000000000000000000000001110000000000000000000000000000000001000000000000000000000000000000000000000000000000
000000000000000000000000010100000000000110000000000000000000000000010000000000000000000000000110000010100000000000000000100001000010000000000000000000
000000000000001000000000011100000000000000000000000000000000000000100000000000000000000000000110000010100000000000000000101100100010000000000000000000
000000000000001000000000000000000000000000000000000000000000000000000000000000000000000000000000000001000000000000000000010110000100000000000000000000
000000000000001000000001101100000000000000000000000000000000000000000000000000000000000000000000000000000000000000000000110110000000000000000000000000
000000000000000000000001111100000000000000000000000000000000000000000000000000000000000000000000110000000000000000000000110000000000011000000000000000
000000000000000000000010011101110000000000000000000000000000000000000000000000000000000000000001001000000000000000000000000000000000100000000000000000
000000000000000000000011000000000000000000000000001100000000000000000000000000000000000000000000110000000000000000000000000000000000000000000000000000
000000000000000000000001100000000000000000000000001100000000000000000000000000000000000000000000000000000000000000000000000000000000000000000000000000
110000010000000000000000000000000000000000000000000000000000000000000000000000000000000000000000000001000000000000000000000000110000000000000000000000
110000101000000000000000000000000000000000000000000000000000000000000000000000000000000000000000000010100000000000000000000001001000000000000000000000
000000011000000000000000000010000000000000000000000000000000000000011100000000000000000000000000000010100000000000001100000000100000000000000000000100
000000000000000000000000000111000000000001100000000000000000000000000000000000000000000000000000000001000000000000001100000011011100000000000000001010
000000000000000000000000001101100000000010010000000000000000000000000000000000000000000000000011000000000000000000000000000101000000000000000000001001
000000001100000000000000001100000000000001100000000000000000000000000000000000000000000010100010100000000000000000000000000000000000000000000000000110
000000001010000000000000001010000000000000000000000000000000000000000011000000000000000000100100100000000000000000000000000110000000000000000000000000
000000000100000000000000010100000000000000000000000000000011000000000011000000001000000110010010100000000000000000000000000000000000000000000000000000
000000000000000000000000110100000000000000000000000000000011000000000000000000110110001010001011000000000000001100000000000000000000000000000000000000
000000000000000000000000110000000000000000000000000000000000000000000000000000110110000000101011000000000000000101100000000000000000000000000000000000
000000000000000000000000010000000000001000000000000000000000000000000000000001100011000001001011000000000000000010000000000000000010000000000000000000
000000000000000000000000001000000000010100000000000000000000000000000000000001100011000000110011000000000000000000000000000000000101000000000000000000
000000000000000000000000001110000000010100000000000000000000000000000000000000110110000000000001111100000000110000000000000010001101100000000000000000
000000000110000000000000001110000000001000000000000000000000000000000000000000110110000000000010111100000000100011001110000101000101100000000000000000
000000000010000000000000000000000000000000000000000011000000000000000000001100001000000001111011100000000000100001000000000101000100100000000000000000
000000000110000000000000000000000000000000000000000011000000001100000000010010000000000000000001000000000000010001001010000010000011000000000000000000
000000000111111000000000000000000000000000000000000000000000010010000000001100000000000001000000000000000000000000000001000000000000000000000000000000
000000000011011000000000000000100000000000000000000000011000001100000000000000000000000000010001000000000000000000000011000000000000000000000000000000
000000011011111000000000000001010000000000000000000000011000000000000000000000010000000000001111000000000000000000000100100000000000000000000000000000
000000110110000000000000000000100000000000000000000000000000000000000000000000101000000000000100000111000000000000000010000000000000000000000000001100
000000010100000000000000000000000000000000000000000000000000000000000000000000101000000000000000001011010000000000000000000000000000000000000000010010
000000001000000000000000001000000000000000000000000000000000000000000000000000010000000000000000001001001100000000000000000000000000000000000000001100
000000000000000000000000011100000000000110000000000000000000000000000000011000000000000000110000000111001100000000000000000000000000000000000000000000
000000000000000000000000100110001000000110000000000000000000000000000000011000000000000000110000000110001100000000000011100000000000000000000000000000
000000000000000000000000100100001100000000000000000000000000000000000000000000000000000001000000000000011000000000000000000000000000000000000000000000
000000000000000000011000111001101100000000000000000000000000000000000000000000000000001001110000000001110000000000000000000000000000000000000000000000
000000000000000000011000010111101100000000000000000000000000000000000000000000000000010100010000000100000000011000000000000000000000000000000000000000
000000000000000000000000101110001100000000000000000000000000000000000000000000000000000000000000001000010000011000000000000000000011000000000000000000
000111000000000000000010000001001100000000000000000000000000000000000000000000000000001000001000000000010000000000001000000000000011000000000000000000
000000000000000000000010000011000000000000000000000000000000000000000000000000000000000010001000000000010000000000001000000000000000000000000000000000
010000000000000000001100011000000000000000000000000000000000000000000000000000000000000000010000001111100000000000100000000000000000000000000000000000
010000000000001000001101110101000000000000000000000000000000000000000000000000000000000000000000000011100000000000100000000000000000000000000000000000
010000000000010100001111100001100000000000000000000000000000000111000000000001100000110000000000000000000000000000000000000000000001000000000000000000
000000000000010100000000000001000000000000000000000000000000000000000000000001100001001000000000000010000000000000000000000000000001000000000000000000
000000000000001000010000000000000000000000000000000000000000010000000000000000000000110000000000000000000000000000000000000000000001000000000000000000
000000000000000000101100000000000000000000000000000000000000010000000000000000000000000000000000000000000000000000000000000000000000000000001100000000
000000000000000000001011000000000000000000000000000000000000010000000000000000000000000000000000000000000000000000000000000000000000000000001100000000
000000000000000000000101000000000000000011000000000000000000000000000011000000000000000000000000000000000000000000000000000000000000000000000000000000
001100000000000000000001000000000000000011000000000000000000000111000011000000000000000000000000000000000000000000000000000000000000000000000000000000
010100000000000000000001100000000000000000000001000000000000000000000000000000000000000000000000000001000100000000000000000000000000110000000000000000
000100000000000000000001100000000000000000000011000011000000000000000000000000000000000000000000000011100100000000000000000000000000110000000000000000
000000000000000000000010110000000011000000000100011000100000000000110000000000000000000000000000000011000000000000000000000000000000000000000000000000
000001100000000000000011000000000010110000000010001000000000000000110000000000000000000000000000000000000000000000000000000000000000000000000000000000
000001100011100000000000000000000000010000000000000000010000000000000000000000000000000000000000000000101000000000000000000000000000000000000000000000
000000000000000000000000000000000000000000011000000110011000110000000000000000000000000000000000000000110000000000000000000000000000000000000000000000
100000001000001000000000000000000000000000011000000000110000110000000000000000000000000000000000000000000000000000000000000000000000000000000000000001
100000001000001000000010110000000000000000000000000101100000000000000000000000000000000000000000000000000000000000000000000000000000000000000000000001
000000001000001000000110110000000000000000000000000010000000000000011000000000000000000000000000000000000000000000001000000000000000000000000000000000
000000000000000000000001110011100000000000000000000010000000000000100100000000000000000000000000000000000000000000010100000000000000000000000000000000
000111000011100000000000000010010000110000000000000000000000000000011000000000000000000000000000000000000000000000100100000000000000000000000000000000
001000100000000000000000000110010001001000000000000000000000000000000000000000000000000000000000000000000000000000011000000000000000001100000000000000
001000100000000000000000000100110001010000000000000000000000000000000000000000000000000000000000000000000000000000000000000000000000010100000000000000
001000100000000000000000000011000000100000000000000000000000000000000000000000000000000000000000000000000000000000000000000000000000001000000000000000
000111000000000000000000000000000000000000000000000001110000000000000000000000000000000000000000000000000000000000000000000000000000000000000000000000
000000000000000010000000000000000000000000000000000000000000000000000000000000000000000000000000000000000000000000000000000000000000000000000000000000
000000000000000101000000000000000000000000000000000000000000000000000000000000000000000000000000000000000000000000000000000000000000000000000000000000
000000000000001001000000000000000000000000000000111000000000000000000000000000000000100000000000000000000000000000000000000000000000000000000000000000
000000000000000110000000000000000000000000100011111000000000000000000000000000000001010000000000000000000000000000000000000000000000000111000000001100
000000000000000000000000000000000000000001010011011000000000000000000000000000000010010000000000000000000000000000000000000000000000000000000000001100
000000000000000000000000000000000000000110001000000000000000000000000000000000000001100000000000000000000000000000000000000000000000000000000000000000
000000000000000000000000000000000000001001010000000000000000000000000000000000000000000000000000000000000000000000000000000000000000000000000000000000
000000000000000000000000000000000000000001011000000000000000000000000000000000000000000000000000000000000000000000000000000000000000000000000000001100
000000000000000000000000000000000000001100011000000000000000000000000000000000000000000000000000000000000000000000000000000000000000000000000000001100
000000000000000000000000000000000000000000000000010000000000000000000000000000000000000000000000000000000000000000000000000000000000000000000000000000
000000000000000000000000000000000000000001011011001000000010000000000000000000000000000000000000000000000000000000000000000000000000000000000000000000
000000000000000000000000000000000000000000000011110000000001000000000000000000000000100000000000000000000000000000000000000000000000000000000000000000
000000000000000000000000000000000000000000000000000000000010000000000000000000000001010000000000000000000000000000000000000000000000000110000000000000
000000000011000001100000000000000000000000000000000000000000001000000000000000000001010000000000000000000000000000000000000000000000000110000000000000
000000000011000001100000000000000000000000000000000011000000011100000000000000000000100000000000000000000000000000000000000000000000000000000000000000
000000000000000000000000000000000000000000000000000000010000100110000000000000000000000000000000000000000000000000000000000000000000000000000000000000
000000000000000000000000000000000000000000000000000010111110001000000000000000000000000000000000000000000000010000000000000000000000000000000000000000
000000000000000000000000000000000000000000000000000001001110011000000000000000000000000000000000000000000000101000000000000000000000000000000000000000
000000000000000000000000000000000000000000000000000000111010001000000000000000000000000000000000000000000001001000000000000000000000000000001100000000
000000000000000000000000000000000000000000000000000001000011010000000000000000000000000000000000000000000000110000000000011000000000000000010010000000
000000000000000000000000000000000000000000000000000010001011010000000000000000000000000000000000000000000000000000000000011000000000000000010100000000
000000000000000000000000000000000000000000000000000001001000000000000000000000000000000000000000000000000000000000000000000000000000000000001000000000
000000000000000000000000000000000000000000000000000000100000000000000000000000000000000000000000000000000000000000000000000000000000000000000000000000
000000000000000000000000000000000000000000000000000000000000000000000000000000000000000000000000000000000000000000000000000000000000000000000000000000
000000000000000000000000000000000000000000000000000000001000000000000000000000000000000000000000000000000000000000000000000000000000000000000000000000
000000000000000000000000000000000000001100000000011000001000000000000000111100000000000000000000000000000000000000000000000000000000000000000000000000
000000000000000000001100000000000000001100000000011000010010000000000000100010000000000000000000000000000000000000000000000000000000000000000000000000
000000000000000000001100000000000000000000000000000000001100000000000000000010000000000000000000000000000000000000000000000000011000000011000000000000
000000000000000000000000000000000000000000000000000000000000000000000000010000000000000000000000000000000000000000000000000000100100000100100000000000
000000000000000000000000000000000000000000000000000000000000000000000000001100000000000000000000000000000000000000000000000000011000000011000000000000
000000000000000000000000000000000000000000000000000000000000000000000000000000000000000000000000000000000000000000000000000000000000000000000000000000
000000000000000000000000000000000000000000000000000000000000000000000000000000000000000000000000000000000000000000000000000000000000100000000000000000
000000000000000000000000000000000000000000000000000000000000000000000000000000000001000000000000110000000000000000000000000000000001010000000000000000
000000000000000000000000000000000000000000000000000000000000000000001100000000000001000000000000110000000000000000000000000000000001010000000000000000
000000000000000000000000000000000000000000000000000000000000000000001100000000000001000000000000000000000000000000000000000000000000100000000000000000
000000000000000000001100011000000000000000000000000000000000000000000000000000000000000000000000000000000000000000000000000000000000000000000000000000
000000000000000000010010011000000000000000000000000000000000000000000000000000001000000000000000000000000000000000000000000000000000000000000000000000
000000000000000000010100000000000000000000000000100000000000000000000000000000010100000000000000000000000000000000000000000000000000000000000000000000
000000000000000000001000000000000000000000000001010000000000000000000000000000010100000000000000000000000000000000000000000000000000000000000000000000
000000000000000000000000000000000000000000000001010000000000000000000000000000001000000000000000000000000000000000000000000000000000000000000000000000
000000000000000000000000000000000000000000000000100000000000000000000000000000000000000000000000000000000000000000000000000000000000000000000000000100
