000000000000000100010000000000
000000000000000000000000000000
000001100000000000000000000000
000010001000000000000000000000
011100001000000000000000000000
011110001000000000000000000000
011001101000000000000000000000
000001110000000000000000000000
000000000000000000000000000000
010000000000000000000000000000
010011000000000000000000000000
000001000000000000000000000000
010000000000000000000000000000
010000000000000000000000000000
000000000000000000000000000000
000000000000000000000000000000
000000000000000000000000101000
000000000000000001100000010000
000000000000000010010000000000
000000000000000001100000000000
000000000000000000000000110000
100000000000000000000000110011
000000000000000000000000000000
110000000000000000000000000010
000000000000000010000000000001
000000010000000110110000000000
000000011000000100010000000000
000000011000001101010000000000
000000100000001000001000000000
111000100000001111111000000000
