000000000000000000000110000000000000000000000000000000000000000000000000000000000000000000000000000000000000000000000000000100000000000000000000000000
000000000000000000001001000000000000000000000000000000000000000000000000110000000000000000000000001000000000000000000000000000000000000000010000000000
000000000000000000000110000000000000000000000000000000000000000000000000110000000000000000000000001000000000000000000000000000000000000000101000000000
000000000000000000000000000000000000000000000000000000000000000000000000000000000001100000000000001000000000000000000000000000000000000001000100000000
000000000000000000000000000000000000000000000000000000000000000000000000000000000001100000000000000000000000000000000000000000100000000000100100000000
000011000000000000000000000000000000000000000011100000000000000000000000000000000000000000000000000000000000000000000000000000000000000000001100000000
000011100000000000000000000000000000000000000000000001110000000001100000000000000000000000000000000000000001100000000000000011100000000000000000000000
000000110110100000000000000000000000110000000000000000000000000001100000110000000000000000000000000000000001100000000000000011000000000000000000000000
000000111010100000000000000000000000110000000000000000000000000000000000110000000000000000000000000000000000000000000000000001000000000000000000000000
000000011001000000000000000000000000000000000000000000000000000000000000000000000000000000000000000000000000000000000000000000000000000000100000000011
000000100000000000000000000000000000000000000000000000000000000000000000000000000000000000000000000000000000000000000000000000000000000010100000000011
000001100000000000000000000000000000000000000000000000000000000000000000000000000000000000000000000000000000000000000000000000000000000100100000000000
000010000000000110000000000000000000000000000000000000000000000000000000110000000000000000000000110000000000000110000000000000000000001001000000000000
000001000110000000000000000000000000000000000000000000000000000000000000110000000000000000000000110000000000001001000000000000000001100010000000000000
000000000001000000000000000000000000000000000000000000000000000000000000000000000000000000000000000000000000000001000000000000000001000000000000000000
000000000000000000000000000000000000000000000000000000000000000000000000000000000000000000000000000000000000000001000000000000000000111000000000000000
110000001010000000000000000000000000000000000000000000000000000000000000000000000000000000000000000000000000001100000000000000000000000000000000000000
110000000100000000000000000000000000000000000000000000000000000000000001000000000000000000000000000000000000000000000000000000000000000001110000000000
000000000000000000000000000000000000000000000000000000000011000000000010100000000000000000000000000000000000000000000000000000000000000010000000000000
000000000000000000000000000000000000000000000000000000000011000000000001000000000000000000000000000000000000000000000000000000000000000010000000000000
000000000000000000000000000000000000000000000000000000000000000000000000000000000000000000000000000000000000011000000000000000000011000100000000000000
000000000000000000000000000000000000000000000000000000000000000000000000000000000000100000000000000000000001000000000000000000000101000111000100000011
000010000000000000000000000000000000000000000000000000000000000000001110000000000000100000000000000000000001011000000000000000000010000001100000000011
001111000110000000000000000000000000000000111000000000000000000000000100000000000000100000000000000000000000100000000001000000000000000000001100000010
010100110110000000000000000000000000000001111000000000000000000000011011000000000000000000000000000000000000010100000001000000000000000000000110000001
010001100010000000001000000000000000000010001000000000000000000011111111111000000000000000000000000000000000100100000001000000000000000001100001000001
011001100100010000100100000000000000000100011000000000000000011000010101000011000000000000000000000000000000010000010000000000000000000010010011000000
010000000011110011000000000000000000000010011000000000000000010000011011000011000000000000000000000000000000000001001000111000000000000000110011000000
001000010110100000000100000000000000000001111000000000000000010000001011010001000000000000000000000000000000000001101000111100000000000100100000000000
000000100010110000010000000000000000000000110000000000000000001101110101101010000000000000000000000000000000000001010001000100000000000110000000000000
000000100100110000111000000000011000001110011000000000000000000001110010010001000000000000000000000000000000000000000000110000000000000000000000000000
000000011100000110111000000000011000010101100000000000000000000001000011110001000000000000000000000000000000000000100000100000000000001100000000000000
000000000000010000110000000000000000110011000000000000000000000001110000000001000000000000000000000000000000000001110000000000000001000000000000000000
000000000010000000000000000000000000011011111000000000000000000001100000010000000000000011000000000000000000000001110000000000000100110000000000000000
000000000000000000000000000000000000001000011000000000000000000000000000010000000000000011000000000000000110000000000000000000000110001000000000000000
000000000001001000000000000000000000000111110000000000000000000000000000010000000000000000000000000000000100100000000000000011000110000100000000000000
000000000000100100000000000000000000000011000000000000000000000000000000010001000000000000000000000000000011000000000000000010100000000000100000000000
000000000000011000000000000000000000000001000000000000000000000000000000010000100000000000000000000000000000000000000000000001000000000000100000000000
000000000000000000000000000000000000000000000000000000000000000000000000001101100000000000000000000000000000000000000000000000000001111100010000000000
000000010000000000000000000000000000000000000000000000000000000000000000000000000000000000000000000000000000000000000000000000000000000011100000000000
000000010000000000000000000000000000000000000000000000000000000000000001000000000000000000000000000000000000000000000000000000000000000000100000000000
110000010000000000000000000000000000000000000000000000000000000000000001000000000000000000000000000000000000000000000000000000000000000000000000000000
000000000000000000000000000000000000000000000000000000000000000000000001000000000000000000000000000000000000100000000000000000000000000000000000110000
000000000000000000000000000000000000000000000000000000000000000000000000000000000000000010000000000000000001010000000000000000000000000000000001010000
010000000000000000000000000000000000000000000000000000000000000000000000000000000000000101000000000000000000000000000000000000000000000000000001010010
100000000000000000000000000000000000000000000000000000000000000000000000000000000000000011000000000000001100000000000000000000000000000000000011001100
000000000000000000000000000000000000000110000000000000000000000000000000000000000000000000000000000001000000000000010000000000000000000000000011000001
000000000000000000000000000000000000000110000000000000000000000000000000000000000000000000000110000010100000001001111000000000000000000000000001010001
000000000000001000000000000000000000000000000000000000000000000000000000000000000000000000000110000010100000001001010100000000000000000000000000000100
000000000000001000000000000000000000000000000000000000000000000000000000000000000000000000000000000001000000000101010100000000000000000000000000000000
000000000000001000000000000000000000000000000000000000000000000000000000000000000000000000000000000000000111000000111000000000000000000000000000000000
000000000000000000000000000000000000000000000000000000000000000100000010000000000000000000000000110000001011000000010000000011000000000000000000000000
000000000000000000000000000000000000000000000000000000000000000100000101111100000000000000000001001000001000000000000000000011100000000000000000000000
000000000000000000000000000000000000000000000000001100000000000100000000100100000000000000000000110000001011001000000000000100011000000000000000000000
000000000000000000000000000000000000000000000000001100000000000000000110011000000000000000000000000000000111000000000000000000011000000000000000000000
000000000000000000000000000000000000000000000000000000000000000000000011111000000000000000000000000001000000000000000000001100000100000000000000000000
000110000110000000000000000000000000000000000000000000000000000000000011000000000000000000000000000010100000000000000000011100000000000000000000000000
001001000110000000000000000000010000000000000000000000000000000000000111000000000000000000000000000010100000000000000000011100000000000000000000000000
000110001010000000000000000000101000000001100000000000000000000000000111000000000000000000000000000001000000000000000000011100000000000000000000000000
000000000000000000000000000000100100000010010000000000000000000000000100100000000000000000000000000000000000000000000000011100000000000000000000000000
000000000000000000000010000000011000000001100000000000000000000000000011000000000000000000000000000000000000000000000000000001100000000000000000000000
000000000000000011000110000000000000000000000000000000000000000000000000000000000000000000000000000000000000000000001110000010100000000000000000000000
000000000000000111000100001110000000000000000000000000000011000000110000000000001100000010000000000000000000000000010010000010100000000000000000000000
000000000000001110000000001110000000000000000000111000000011000001001000000000001100000101000000000000000000000000100010000001000000000000000000000000
000000000000000000000101000110000000000000000000001000000000000000110000000000000000000101000000000000000000000000100000000000000000000000000000000000
000000000000000000000010110100000000001000000000010000000000000000000000000000000000000010000000000000000000000000100010000001000000000000000000000000
000000000000001000000000010000000000010100000000000000000000000000000000000000000011000000000001000000000000000000010010000010100000000000000000000000
000000000000011000000000011100000000010100000000000000000000000000000000000000000100100000000011100000000000000000001110000010100000000000000000000000
000111001000111010000000100011000000001000000000000000000000000000000000000000001001100000000111110000000000000000000000000001100000000000000000000000
000101100110000000000000010001000000000000000000000011000000000000000000000000011011000000001100000000000000000000000000011100000000000000000000000000
011000100110000000000111101011000000000000000000000011000000001100000000000000001000101010000110000000000000000000000000011100000000000000000000000000
010111000001000001100100111001000000000000000000000000000000010010000000000011011010110000000000000000011000000000000000011100000000000000000000000000
001010110111110011101001000001000000000000000000000000011000001100000000000000010011000001000000000000100100011100000000011100000000000000000000000000
111010110100000001100101011110100000000000000000000000011000000000000000000001000001100000100000000001101110000000000000001100000100000000000000000000
100110000011101000000101011111000000000000000000000000000000000000000000000000100010000001100000000001001100000000000000000000011000000000000000000000
010000000001110101111110000000000000000000000000000000000000000000000000000000001100001101100000000011001000000000000000000100011000000000000000000000
000001000000000001111000000000000000000000000000000000000000000000000000000000000000101110000000000011000000000000000000000011100000000000000000000011
001000100000000000110100000000000000000110000000000000000000000000000000011000000110000000000000000000000000000000000000000011000000000000000000001100
000001000000000000000000000000000000000110000000000000000000000000000000011000000000000000000000000000000000000000000000000000000000000000000000011011
011110000000000001000000000000000000000000000000000000000000000000000000000000000000000100000000000000000000000000000000000000000000000000000000001001
000000000000000100000000000000000000000000000000000000000000000000000000000000000000000100000000000000000000000000000000000000000000000000000000001110
000000000000000111000000000011000000000000000000000000000000000000000000000100000000000100000010000000000000000000000000000000000000000000000000000000
000000000000000100000000000010100000000000000000000000000000000000000000001001000000000000000111000000000000000000010000000000000011000000000000000000
000000000001110011100000000010000000000000000000000000000000000000000000000101000000000000001010100000000000000000101000000000000011000000000110000000
000000000001010000110000000000000000000000000000000000000000000000000000000010000010000000011101110000000000000000110000000000000000000000001010000000
000000000010010001100000000000000000000000000000000000000000000000000000000000000101000000001010100000000000000000000000000000000000000000000100000000
001100000001111011000000000000000000000000000000000000000000000000000000000000001000000000000111000000000000000000000000000000000000000000000000000000
001100000000100010000000000000000000000000000000000000000000000111000000000000001110000000000010000000000000000000000000000000000001000000000000000000
000000000000000000000000000000000000000000000000000000000000000000000000000000000000000000000000000000000000000000000000000000000001000000000000000000
000000000000000000000000000000111000000000000000000000000000010000000000000000001110000000000000000000100000000000000000000000000001000000000000000000
000000000000000000000000000001111110000000000000000000000000010000000000000000000001000000000001100001010000000000000000000000000000000000001100000000
000000000000000000000000000000100010000000000000000000000000010000000000000000000100010000000001110000001000000100000000000000000000000000001100000000
000000000000000000000000000000010110000000000000000000000000000000000011000000000000000000000001100000001000000100000000000000000000000000000000000000
000000000000000000000000000000001000000000000000000000000000000111000011000000000001010000000000000000111100000100000000000000000000000000000000000000
000000000000000000000000000000000000000000000000000000000000000000000000000000000000000000000000001000011111000000000000000000000000110000000000000000
010000000000000000000000000000000000000000000000000000000000000000000000000000000000000000000000110010111011000000000000000000000000110000000000000000
101000000000000000000000000000001100000000000000000000000000000000110000000000000000000000000000010011101100000000000000000000000000000000000000000000
101000000000000000000000000000010100000000000000000000000000000000110000000000000000000100000000001000000100000000000000000000000000000000000000000000
010000000000000000000000011100001000000000000111000000000000000000000000000000000000010000000000000001100000000000000000000000000000000000000000000000
000000000000010000000001010110000000000000000000000000000110110000000000000000001010010001000000000000000000000000000000000000000000000000000000000000
000000010000101000000001001110000000000000000001000000000110110000000000000000001010000001000000000000000000000000000000000000000000000000000000000000
000000010001001000000010100000000000000010000001110000000000000000000000000000001000000100100000000000000000000000000000000000000000000000000000000000
000000010000110000000011000000000000000010000010010000000000000000011000000000000000000011000000000000000000000000001000000000000000000000000000000000
000000000000000000000010000000000000000010011110001000000000000000100100000000000000000000000000000000000000000000010100000000000000000000000000000000
000000000000000000000001110000000000000000000010010000000000000000011000000000000000000000000000000000000000000000100100000000000000000000000000000000
000000000000000000000000110000100000000000000000000011000000000000000000000000000000000000000000000000000000000000011000000000000000001100000000000000
000000000000000000000000010000010000000000000011000011000000000000000000000000000000000000000000000000000000000000000000000000000000010100000000000000
000000000000000000000000000000111110000000011000000000000000000000000000000000010000000000000000000000000000000000000000000000000000001000000000000000
000000000000000000001110000000011000111000001010000000000000000000000000000000011000000000000000000000000000000000000000000000000000000000000000000000
000000000000000000000100000000010010001110111100000000000000000000000000001000000100000000000000000000000000000000000000000000000000000000000000000000
000000000000000010010100000000001100001111000000000000000000000000000000011000011010000000000000000000000000000000000000000000000000000000000000000000
000000000000000011011000000000000100001011010000000000000000000000000000100011111110000000000000000000000000000000000000000000000000000000000000000000
000000000000000001100000000000000000101100011000000000000000011000000000011100000001000000000000000000000000000000000000000000000000000111000000001100
000000000000000000000000000000000001101110001000000000000000111001110000011001000001000000000000000000000000000000000000000000000000000000000000001100
000000000000000000000000000000000000000011010000000000000000000001000000000110000110000000000000000000000000000000000000000000000000000000000000000000
000000000000000000000000000000000000000000100000000010100000000000000000000010000000000000000000000000000000000000000000000000000000000000000000000000
000000000000000000000000000000000000000000000000000010000000000110000000000000000000000000000000000000000000000000000000000000000000000000000000001100
000000000000000000000000000000000000000000000000000011010000000000000000000000000000000000000000000000000000000000000000000000000000000000000000001100
000000000000000000000000000000000000000000000000000000001000000000000000000000000000000000000000000000000000000000000000000000000000000000000000000000
000000000000000000000000000000000000000000000000000000000000000000000000000000000000000000000000000000000000000000000000000000000000000000000000000000
000000000000000000000000000000000000000110000000000000000111111000000001000000000000100000000000000000000000000000000000000000000000000000000000000000
000000000000000000000000000000000000000011000000000000110110111100000001000000000001010000000000000000000000000000000000000000000000000110000000000000
000000000011000001100000000000000000000100000000000000000110100000100001000000000001010000000000000000000000000000000000000000000000000110000000000000
000000000011000001100000000000000000000000000000000000000110001000110000000000000000100000000000000000000000000000000000000000000000000000000000000000
000000000000000000000000000000000000000000000000000000000000111011001000000000000000000000000000000000000000000000000000000000000000000000000000000000
000000000000000000000000000000000000000000000000000000001101001110010000000000000000000000000000000000000000010000000000000000000000000000000000000000
000000000000000000000000000000000000000000000000000000010000100001101101000000000000000000000000000000000000101000000000000000000000000000000000000000
000000000000000000000000000000000000000000000000000000010001000000101011001001000000000000000000000000000001001000000000000000000000000000001100000000
000000000000000000000000000000000000000000000000000000001111000001000011100000100000000000000000000000000000110000000000011000000000000000010010000000
000000000000000000000000000000000000000000000000000000000100000000101010100010110000000000000000000000000000000000000000011000000000000000010100000000
000000000000000000000000000000000000000000000000000000000000000000000010000010110000000000000000000000000000000000000000000000000000000000001000000000
000001100000000000000000000000000000000000000000000000000000000000000100001001110000000000000000000000000000000000000000000000000000000000000000000000
000000001000000000000000000000000000000000000000000000000000000000000100001000000000000000000000000000000000000000000000000000000000000000000000000000
000000100100000000000000000000000000000000000000000000000000000000001000000001110000000000000000000000000000000000000000000000000000000000000000000000
000001000000000000000000000000000000001100000000011000000000000000001001000010010000000000000000000000000000000000000000000000000000000000000000000000
000000100100000000001100000000000000001100000000011000000000001100000110000100100000000000000000000000000000000000000000000000000000000000000000000000
000001001000000000001100000000000000000000000000000000011000001100000000000010100000000000000000000000000000000000000000000000011000000011000000000000
000001010000000000000000000000000000000000000000000000100100000000000010000001000000000000000000000000000000000000000000000000100100000100100000000100
000011000000000000000000000000000000000000000000000000011000000000000100100000000000000000000000000000000000000000000000000000011000000011000000001010
000000000000000000000000000000000000000000000000000000000000000000001000010000000000000000000000000000000000000000000000000000000000000000000000001010
000000000000000000000000000000000000000000000000000000000000000000001000010000000000000000000000000000000000000000000000000000000000100000000000000100
000000000000000000000000000000000000000000000000000000000000000000000011010000000000000000000000110000000000000000000000000000000001010000000000000000
000000000000000000000000000000000000000000000000000000000000000000000001010010000000000000000000110000000000000000000000000000000001010000000000000000
000000000000000000000000000000000000000000000000000000000000000000000010001010000000000000000000000000000000000000000000000000000000100000000000000000
000000000000000000001100011000000000000000000000000000000000000000000011110001000000000000000000000000000000000000000000000000000000000000000000000000
000000000000000000010010011000000000000000000000000000000000000000000001101110000000000000000000000000000000000000000000000000000000000000000000000000
000000000000000000010100000000000000000000000000100000000000000000000001110110000000000000000000000000000000000000000000000000000000000000000000000000
000000000000000000001000000000000000000000000001010000000000000000000000000000000000000000000000000000000000000000000000000000000000000000000000000000
000000000000000000000000000000000000000000000001010000000000000000000000000000000000000000000000000000000000000000000000000000000000000000000000000000
000000000000000000000000000000000000000000000000100000000000000000000000000000000000000000000000000000000000000000000000000100000000000000000000000000
