000000000000000000000000000000000110000000000000000000000000000000000000000000000000000000000000000000000000000000000000000000000000000000000000000000
000000000000000000000000000000000000000000000000000000000000000000000000110000000000000000000000000000000000000000000000000000000000000000000000000000
000000000000001000000000000000000000000000000000000000000000000000000000110000000110000000000000011100000000000000000000000000000000000000000000000000
000000000000010100000000000000000000000000000000000000000000000000000000000000001000000000000000000000000000000000000000000000000000000000000000000000
000000000000100100000000000000000000000000000001000000000000000000000000000000000001000000000000000000000000000000000000000000000000000000000000000000
000000000000011000000000000000000000000000000001000000100000000000000000000000000110000000000000000000000000000000000000000000000000000000000000000000
000000000000000000000000000000000000000000000001000000100000000001100000000000000000000000000000000000000001100000000000000000000000000000000000000000
000000000000000000000000000000000000110000000000000000100000000001100000110000000000000000000000000000000001100000000000000000000000000000000000001000
000000000000110000000000000000000000110000000000000000000000000000000000110000000000000000000000000000000000000000000000000000000000000000000000011110
000000000010010000000000000000000000000000000000000000000000000000000000000000000000000000000000000000000000000000000000000000000000000000000000100001
000000000001000000000000011000000000000000000000000000000000000000000000000000000000000000000000000000000000000000000000000000000000000000000000000011
000000000000111000000000010100000000000000000000000000000000000000000000000000000000000000000000000000000000000000000000000000010000000000000100000000
000000000000001000000000001000000000000000000000000000000000000000000000110000000000000000000000110000000000000000000000000000101000000000001010000000
000000000000000000000000000000000000000000000000000000000000000000000000110000000000000000000000110000000000000000000000000000101000010000011011000000
000000000000000000000000000000000000000000000000000000000000000000000000000000000000000000000000000000000000000000000000000000010001111100000001100110
000000000000000000000000000000000000000000000000000000000000000000000000000000000000000000000000000000000000000000000000000000010001101110000000010010
000000000000000000000000000000000000000000000000000000000000000000000000000000000000000000000000000000000000000000000000000000101001111100000000110110
000000000000000000000000000000000000000000000000000000000000000000000001000000000000000000000000000000000000000000000000000000101000010000000000100100
111110000000000000000000000000000000000000000000000000000011000000000010100000000000000000000000000000000000000000000000000000010000000000111000001000
001110001111100000000000000000000000000000000000000000000011000000000001000000000000000000000000000000000000000000000000000000000000000000000000000001
000001110000010000000000000000000000000000000000000000000000000000000000000000000000000000000000000000000000000000000000000000000000000000000010000000
011100100001100000000000000000000000000000000000000000000000000000000000000000000000000000001100000000000000000000000000000000000000000000000010000000
001010100011000000000000000000000000000000001100000000000000000000000000000000000000000000010010000000000000000000000000000000000000000000000000001000
000001001100000000000000000000000000000000001100000000000000000000000000000000000000011000001010000000000000000000000000000000000000000000000001001000
000011001000000000000000000000000000000000000000000000000000000000000000000000000000100100000100000000000000000000000000000000000000000000000011011000
111000010001100000000000000000000000000000000000000000000000000000000000000000000000011000000000000000000000000000000000000000000000000001000111100000
110010100010100000000000000000000000000000000000000000000000000000000000000000000000000000000000000001100000000000000000000000000000000100111011100000
110001000010100000000000000000000000000000000000000000000000000000000000000000000000000000000000000010010000000000110000000000000000000100000000110000
001001000011000000000000000000000000000000000000000000000000000000000000000000000000000000000000000001100000000000110000000000000000001000100000111000
001001000000000000000000000000000000000000011000000000000000000000000000000000000000000000000000000000000000000000000000000000000000000111000000110000
000000000000000000000000000000011000000000011000000000000000000000000000000000000000000000000000000000000000000000000000000000000000000111000000000000
000000000000000000000000000000011000000000000000000000000000000000000000000000000000000000000000000000000000000000000000000000000000000000000000000000
000000000000000000000000000000000000000000000000000000000000000000000000000000000000000000000000000000000000000000000000000000000000000000000000000000
000000000000000000000000000000000000000000000000000000000000000000000000010000000000000000000000000000000000000000000000000000000000000000000000000000
000000000000000000000000000000000000000000000000000000000000000000000000101000000000000000000000000000000000000000000011100000000000001001000000000000
000000000000000000000000000000000000000000000000000000000000000000000000100100000000000000000000000000000000000000000011100000000000111101000000000000
000000000000000000000000000000000000000000000011000000000000001100000000011000000000000010000000000001110000000000000000110000000000001000000000110000
000000000000000000000000000000000000000000000100100000000000001100000000000000000000000101000000000010010000000000001010011111100001000001000001001000
000000000000000000000000000000000000000000000011000000000000000000000000000000000000000101000000000011000000000000001010001110100011101001000000110000
000000000000000000000000000000000000000000000000000000000000000000000000000000000000000010000000000000000000000000000000000010010000100000000000000000
000000000000000000000000000000000000000000000000001100000000000000000000000000000110000000000000000000100100000000000000000001100001100111000000000000
000000000000000000000000000000000000000000000000010010000000000000000000000010000110000000000010000000011000010000000000000000000000000001100000000000
000000000000000000000000000000000000000000000000001100000000000000000000000010000000000000000101000011000001000011000000000000000000000000000000000000
000000000000000000000000000000000000000000000000000000000000111000000000000010000000000000000011000011101001000001000000000000000000100000000000000000
100000000000000000000000000000000000000000000000000000000000100100000000000000000000000000000000000001001110000110000000000000000000110100000000000001
010000000000000000000000000000000000000000000000000000000001100100000000000000111000000000000000000001000110010000000000000000000000010010000000000001
110000000000000000000000000000000000000110000000000000000001110110000000000000000000000000000000000000111000011000000000111000000000000010000000000000
000000000000000000000000000110000100000110000000000000000000001100000000000010000000000000000110000000010000100000000000100100000000010010000000000000
000000000000000000000000101010001110000000000000000000000010101000000000000010000000000000000110000000000000000000000000100010000000010010000000000000
000000000000000000000001111110001111000000000000000000000000110000000000000010000000000000000000000000000010000000000000000010000000001100000000000000
000000000011000000000010000100000001100000000000000000000001110000011000000000000000000000000000000000001110000000000000100010000000000000000000000000
000000000011000000000010111011000000000000000000000000000000000000100010000000000000000000000000000000011101100000011000100100000000000000000000000000
000000000000000000000010000111110000001110000000000000000000000001000000000000000000000000000000000000000100000110000000111000000000000000000000000000
000000000000000000000001010110000000000000000000001100000110000000100001000000000000000000000000000000011000110000010100000000000000000000000000000000
000000000000000000000000001000000000100000000000001100000010001100001101000000000000010000000000000000000000000100000000000000000000000000000000000000
000000000000000000000011101000000011000000000000000000000000001100000001100110000000101000000000000000000000011000111000000000000000000000000000000000
000110000000001010000011011000000001000000000000000000000000000000000000000110000000100100000000000000000000001100000000000000000000000000000000000000
001001000000111101000000110100000000000000000000000000000000000001000000000000000000011000000000000000000000000100100000000000000000000000000000000000
000110000000100000100000110100001110000000000000000000000000100011110000000000000000000000000000000000000000000100100000000000000000000000000000000000
000000000000010000000000011000001110000000000000000000000001010010001000110000000000000011000000000000000000000110100000000000000000000000000000000000
000000000000000000100000000000110001000000000000000000000001010000000000110000000000000011000000000000000000000001100000000000000000000000000000000000
000000000011010000110000000000001001000000000000000000000000100000111000000000000000000000000000000000000000000000000000000000000000000000000000000000
000000000100101000010000000000110001110000000000000000000000000000000000000000000000000000000000000000000000000000000000000000000000100000000000000000
000000000011000010001000000000100001000000000000000000000000000000000000000000000000000000000000000000000000000000000000000000000001010000000000000000
000000000000000000000000001100000010010000000000000001000000000000000000000100000000000000000000000000000000000000000000000000000001010000000000000000
000000000000000000000000001001001001000000000000000001000000010000000100001010000000000000000000000000000000000000000000000000000000100000000000000000
000000000000000100000100011010001101000000000000000001000000101100000010001010000000000000000000000000000000000000000000000000000000000000000000000000
000000000000001001101000000100010000000000000000000000000001000010000110000000000000000000000000000000000000000000000000000000000000000000000000000000
000000000000001110000100000000011000000000000000011100011100100010010100000000000000000000000000000000000000000000000000000000000000000000000000000000
000000000000000001001100000000000000000000000000000000000000010000001000000000000000001000000000000000000000000000000000000000000000000000000000000000
000000000000001111000100000000000000000000000000000000000000000111110000000000000000001100000000000000000000000000000000000000000000000000000000000000
000000000000001000010000000000000000000000000000000000000000001000110000000000000000001100000000000000000000001000000000000000000000000000000000000000
000000000000000011100000000000000000000000000000000000000000000100000000000000000000000010000000000000000000001000000000000000000000000000000000000000
000000000000000011100000011000000000000000000000000000000000000000000000000000000110000010000000000000000000001000000000000000000000000000000000000000
000001110000000000000000010100001000110000000000000000000000000000000000000000000110101001100000000000000000000000000000000000000000000000000000000000
000000000000000000000000001100110110110000000000000000000000000000000000000000000000001011000000000000000000000000000000000000000000000000000000000000
000100000100000000000000000000001000000000000000000000000000000000000000000000000000001111000000000000011000000000000000000000000000000000000000001100
000100000100000000000000000000000000000000000000000000000000000000000000000000000110000000000000000000011000000110000100000000000000000000000000001100
000100000100000000000000000000000000000000000000000000000000000000000000000000000000110000000000000000000000000000000010000000000000000000000000000000
000000000000000000000000000000000000000000000000000000000000000000000000000000000000110000000000000000000000000000011010000000000000000000000000000000
000001110000000000000000000000000000000000000000000000000000000000000000000000000111000000000000000000000000000000100000000000000000000000000000000000
000000000000000000000000000000000000000000000000000000000000000000000000000000000000000000000000000000000000000001001000000000000000000000000000000000
000000000000000000000000000000000000000000000000000000000000000000000000000000000000000000000000000000000000000000111000000000000011000000000000000000
000000000000000000000000000000000000000000000000000000000000000000000000000000000000000000000000000000000000000000000000000000000011000000000110000000
000000000000000000000000000000000000000000000000000000000000000000000011100000000000000000000000000000000000000000000000000000000000000000001010000000
000000110000000000000000000000000000000000000000000000000000000000000000000000000000000000000000000000000000000000000000000000000000000000000100000000
000000110000000000000000000000000000000000000000000000000000000010000000000000000000000000000000000000000000000000000000000000000000000000000000000000
000000000011000000000000000000000000000000000000000000000000000010000000000000000000000000000000010000000000000000000000000000000000000000000000000000
000000000100100000000000000000000000000000000000000000000000000010000000000000000000000000000000111000000000000000000000000000000011100000000000000000
000000000010100000000000000000000000000000000000000000000000000000000000000000000000000000000001100100000000000000000000000000000000000000000000000000
000000000001000000000000000000000000000000000000000000000000111000000000000000000000000000000001011100000000000000000000000000000000000000001100000000
000000000000000000000000000000000110000011000000000000000000000000000000000000000000011000000001101011000000000000000000000000000000000000001100000000
000000000000000000000000000001100101000011000000000000000000000010000011000000000000100100000000000010100000000000000000000000000000000000000000000000
000000000000000000000000000001100100000000000000000000000000000010000010100000000000011000000000001101000000000000000000000000000000000000000000000000
000000000000000000000000000000000000000000000000000000000000000010000001100000000000000000000000010000000000000000000000000000000000110000000000000000
010000000000000000000000000000000000000000000000000000000000000000000000001000000100000000000000010100000000000000000000000000000000110000000000000000
101000000000000000000000000000000000000000000000000000000000000000110000011100001010000000000000001000000000000000000000000000000000000000000000000000
101000000000000000000000000000000000000000000000000000000000000000101000000000001010000000000000000000000001110000000000000000000000000000000000000000
010000000000000000000000011000000000000000000000000000000000000000011000000000001100000000000000000000000010010000000000000000000000000000000000000000
000000000000000000000000011000000000000000000000000000000110110000000110000000001011000000000010000000001100110000000000000000000000000000000000000000
000000000000000000000000011000100000000000000000000000000110110000000100000000000001000000000111000001110000000000000000000000000000000000000000000000
000000111000000000000000000000000000000000000000000000000000000000000000000000010010000000001101100001100000000000000000000000000000000000000000000000
000000000000000000000000111010111000000000000000000000000000000000000000000000101100000000010100010000011100000000001000000000000000000000000000000000
000000000000000000000000100111111000000000000000000000000000000000000001110001110000000000011111100000000000000000010100000000000000000000000000000111
000000000000000000000000011000010000000000000000000000000000000000000010001001010000000000001001000000000000000000100100000000000000000000000000000000
000000000000000000000000001111000000000000000000000000000000000000000100000101001000111000000000000000000000000000011000000000000000000000000000000000
000000000000000000000000000000000000000000000000000000000000000000000010001000100001101000000000000000000000000000000000000000000000000000000000000000
000000000000000000000000000000000000000000000000000000000000000000000001110000001010000000000000000000000000000000000000000000000000000000000000000000
000000000000000000000000001100000000000000000000000000000000000000000000000000001000000100000011000000000000000000000000000000000000000111000000000000
000000000000000000000000000100000000000000000000000000000000000000000000000000110011000011000100100000000000000000000000000000000000000000000000000000
000000000000000000000000011100000000000000000011000000000111000000000000000000110000101000000100100000000000000000000000000000000000000000000000000000
000000000000000000000000000000000000000000000100000000000111000000000000000000000000000101000100100000000000000000000000000000000000000000001000011100
000000000000000000000000000000000000000000000111000000000000000000000000000000000000000010000110000000000000000000000000000000000000000000110101111100
100000000000000000000000000000000000000000001110000000000000000000000000000000000000000000000000000000000000000000000000000000000000000000001100111001
110000000000000000000000011000000000000000010011000001100000001100000011000000000000000000000000000000000000000000000000000000000000000000000100000001
110000000010000000000000100000000000000000100011000001100000001100001000101100000000000000000000000000000000000000000000000000000000000000000001010000
110000000110000000000001000100000000000000010000100001100000001100001000101000000000000000000000000000000000000000000000000000000000000000000000110000
100000001100000000000010000000000000000000000001000000000000000000000011100100000000000000000000000000000000000000000000000000000000000000000000000001
000000111000000000000010011010000000000000000101000000000000000000000000110010000000000000000000000000000000000000000000000000000000000000000000000000
000000111000000000000011010010000000000000000000000000000111000000000000010100000000000000000000000000000000000000000000000000000000000000000000000000
000001001100000000000001100000000000000000000000000000000111000000000000001000000000000000000000000000000000000000000000000000000000000000000000000000
000001100000000000000001101110000000000000000000000000000000000000000000000000000000000000000000000000000000000000000000000000000000000110000000000000
000001100000000000000001100100000000000000000000000001000000000000000000000000000000000000000000000000000000000000000000000000000000000110000000000000
000000000000000000000111001100000001000000000000000010100000000000000000000000000000000000000000000000000000000000000000000000000000000000000001000000
000000000001000000001011111000000010100000000000000010100000000000000000000000000000000000000000000000000000000000000000000000000000000000000001000000
000000000011000000001010010000000010100000000000000001000000000000000000000000000000000000000000000000000000000000000000000000000000000000000001000000
000000000000000000000000000000000001000000000000000000000000000000000000000000000000000000000000000000000000000000000000000000000000000000000000000100
000000000111000000000000110000000000000000000000000000000000000000000000000000000100000000000000000000000000000000000010000000000000110000000000001010
000000000000000000000000101000000000000000000000000000000000000000000000000000000100000000000000000000000000010100000100100000000000110000000011001011
000000000000000000000000010000000000000000000000000000000000000010000000000000000100000000000000000000000000010010100100000000000000000000000101000100
000000000000000000110000000000000000000000000000000000000000000011010000000000000000000000000000000000000000010011000001100000000000000000000111000000
000000000000000000110000000000000000000000000000000000000000000000001100000000000000000000000000000000000000000101100001000000000000000000000000000100
000000000000000000000000000000000000000000000000000000000000011100000000000000000000000000000000000000000000000000000111000000000000000000000000011010
000000000000000000000000000000000000000000000000000000000000011000101100000000000000000000000000110000000000000000000000000000000000000000000001100010
000000000000000000000000000000000000001100000000011000000000011000000000000000000000000000000000110000000000000000000000000000000000000000000010000000
000000000000000000000000000000000000001100000000011000000000000111000000000000000000000000000000000000000000000000000000000000000000000000000011011000
000000000000000000000000000000000000000000000000000000011000000000000110000000000000000000000110000000000000000000000000000000000000000000000000000000
000000000000000000000000000000000000000000000000000000011000000000000101000000001000000000001001000000000000000000000000000000000000000000000100000000
000000000000000000000000000000000000000000000000000000011000000000000101100000111110000000000101000000000000000000000000000000000000000000001010000000
000000000000000000000000000000000000000000000000000000000000000000000111000111110010000000000010000000000000000000000000000000000000000000000001000000
000000000000000000000000000000000000000000000000000000000000000000001010001111001110000000000000000000000000000000000000000000000000000001100001000000
000000000000000000000000000000000000000000000000000000000000000000000000001010011100110000000000000000000000000000000000000000000000000011000011000000
000000000000000000000000000000000000000000000000000000000000000000000000000110011100110000000000000000000000000000000000000000000000000001100011000000
000000000000000000000000000000000000000000000000000000000000000000000000000011000100000000000000000000000000000000000000000000000000000000000000011100
000000000000000000000000000000000000000000000000000000000000000000000000000001110010000000000000000000000000000000000000000000000000000000001100001100
000000000000000000000000000000000000000000000000000000000000000000000000000000110111000000000000000000000000000000000000000000000000000000001100010010
000000000000000000000000000000000000000000000000100000000000000000000000000000001001000000000000000000000000000000000000000000000100000000000000111011
000000001100000000000000000000000000000000000001010000000000000000000000000000001001000000000000000000000000000000000000000000001001000000000000011110
000000001100000000000000000000000000000000000001010000000000000000000000000000000110000000000000000000000000000000000000000000001001000000000000001100
000000000000000000000000000000000110000000000000100000000000000000000000000000000000000000000000000000000000000000000000000000000010000000000000000000
