000000000000000000000000010000000000000000000000000000000000000000000000000000000000000000000000000000000000000000000000000000000000001000010000000000
000000000000000000000000000000000000000000000110000000000000000000000000000000000000000000000000001000000000000000000000000000000000001000000000000000
000000000000000000000000000000000000000000000110000000000000000000000000000000000000000000000000001000000000000000000000000000000000001000000000000000
000000000000000000000000000000000000000000000000000000000000000000000000000000000000000000000000001000000000000000000011000000010000000000000000000000
000000000000000000000000000000000000000000000000000000000000000000000000000000000000000000000000000000000000000000000100100000010000000000000000000000
000000000000000000000000000000000000000000000000000000000000000000000000000000000000000000000000000000000000000000000010100000010000000000000000000000
000000000110000000000000000000000000000000000000000000000000000001100000000000000000000000000000000000000000000000000001000000000000000000000000000000
000000001001000000000000000000110000000000000000000000000000000001100000000000000000000000000000000000000000000000000000000000000000000000000000000000
000000001001000000000000000000110000000000000000000000000000000000000000000000000000000000000000000000000000000000000000000000000000000000000000000000
000000000110000000000000000000000000110000000000000000000000000000000000000000000000000000000000000000000111000000000000000000000000000000000000000000
000000000000000000000000000000000000110000000000011000000000000000000000000000000000000000000000000000000010000000000000000000000000000000000000000000
000000000000000000000000000000000000000000000000011000000000000000000000000000000000000000000000000000000011100000000000000000100000000000000000000000
000000000000000000000000000000000000000000000000000000000000000000000000000000000000000000000000000000000000000000000000000000100000000000000000000000
000000000000000000000000000000000000000000000000000000000000000000000000000000000000000000000001000000000000000000000000000000100000000000000000000000
000000000000000000000000000000000000000100000000000000000000000000000000000000000000000000000010100000000000000001100000000000000000000000000000000000
000000000000000000000000000000000000001010000000000000000000000000000000000000000000000000000010100000000000000001100000000000000000000000000000000000
000000000000000000000000000000000000001010000000000000000000000000000000000000000000000000000001000000000000000000000000000000000000000000000000000000
000000000000000000000000000000000000000100000000000000000000000000000000000000000000000000000000000000000000000000000000000000000000000000000000000000
000000000000000000000000000000000000000000000000000000000000000000000000000000000000000000110000000000000000000000000000000000000000000000000000000000
000000000000000000000000000000000011000000011000000000000000000000001000000000000000000001001000000000000000000000000000000000000000000000000000000000
000000000000000000000000000000000100100000100100000000000000000000010100000000000000000000110000000000000000000000000000000000000000000000000000000000
000000000000000011000000000000000011000000011000000000000000000000001000000000000000000000000000000000000110000000000011100000000000000000000000000000
000000000000000011000000000000000000000000000000000000000000000000000000000000000000000000000000000000000110000000000000000000000000000000000000000000
000000000000000000000000000000000000000100000000000000000000000000000000000001000000000000000000000000000000000000000000000000000000000000000000000000
000000000000000000000000000000000000001010000000000000000000000000000000000010100000000000000000000000000000000000000000000000000000000100000000000000
000000000000000000000000000000000000001010000000000000000000000000000000000010010000000000000000000000000000000000000000000000000000000110000000000000
000000000000000000000000000000000000000100000000000000000000000000000000000001100000000000000000000000000000000000000000000000000000001001000000000000
000000000000000000000000000000000000000000000000000000000000000000000000000000000000000000000000000000000000000000000000000000000000001010000000000000
000000000000000000000000000000000000000000000000000000000000000011000000000000000000000000000000000000000000000000000000000110000001100000000000000000
000010000000000000000000000000000000000000000000000000000000000011000000000000000000000000000000000000000000000000000000000110000100001000011100000000
000101000000000000000000000000000000000000000000000000000000000000000000000000000000000000000000000000000000000000000000000000000101100010000000000000
000100100000000000000000000000000000000000000000000100000000000000000000000000000000000000000000000000000000000001011100000000000000000011000000100000
000011000000000000000000000000000111000000000000000100000000000000000000000000000000000000000000000000000000000001000011000000000000000011000000010000
000000000000000000000000000000000000000000000000000100000000000000000000000000000000000000000000000000000000000001000001000000000000000000000000100000
000000000000000000000000000000000000000000000000000000011000000000000000000000000000000000000000000000000000000000100000000000000000000000000000000000
000000000000000000000000000000000000000000000000000000100100000000000000000000000000000000000000000000000000000000010001100000000000000000000000000000
110000000000000000000000000000000000011000000000000000011000000000000000000000000000000000000000000000000000000000010000100000000000000000000000000001
010000000000000000000000000000000000011000000000000000000000000000000000000000000000000000000000000000000000000000000010001000000000100000000010000001
001000000000000000000000000000000000000000000000000000000000000000000000000000001000000000000000000000000000000000001100000110000010010000000101101000
000100000110000000000000000000000000000000000000000000000000000000000000000000010010000000000000000000000000000000010000001100010000010000000011010001
000100001001000000000000000000000000000000000000000000000000000000000000000000010010000000000000000000001000000000000000000000001000100000000001111000
000100000110000000000000000000000000000000000000000000000000000000000000000000000100000000000000000000010100000000000000000000001110000000000000000100
001100000000000000000000000000000000000000000000000110000000000000000000000000000000000000000000000000100100000000000000000000000000000000000000000000
001100000000000000000000000000000000000000000000001001000000000000000000000000000000000000111000000000011000000000000000100001100000000000000000000010
001000000000000000000000000000000000000000000000001010000000000000000000000000000000000001001000000000000000000000000001001100010000000000000000000010
010000000000000000000000000000000000000000000000000100000000000000000000000000000000000000111000000000000000000000000001000000010000000000000000000100
000000000000000000000000000000000000000000000000000000000000000000000000000000000000000000100000000000000000001110000000000100010000000000000000000001
100011100000000000000000000000000000000001100000000000000000000000000000000001000000000000000000000000000000000000000000010001100000000000000000000010
000000000000000000000000000000000000000001100000000000000000000000000000000001000000000000000000000000000000000000000001011000000000000000000000000000
000000000000000000000000000000000000000000000000000000000000000000000000000001000000000000000000000000000000000000000000100000000001000000000000000000
000000000000000000000000000000000001110000000000000000000000000000000000000000000000000000000000000000000000000000000000000000000011100001010000000001
101000000000110000000000000000000000000000000000000000000000000000000000000000000000000000000110000000000001100000000000000000000001100000010000000000
011100000000110000000000000000000000000000000000000000000000000001100000000000000000000000000110000000000001100000000000010101000000100010001000000000
011000000000000000000000000000000000000000000000000000000000000001100110000000000000000000000000000000000000000000000000001000000010000000010000000000
000000001110000000000000000000000000000000000000000000000000011000000110000000000000000000000000000000000000000000000000111100000000000100000000000000
000000000000000000000000000000000000000000000000000000000000011000000000000000000000000000000000000000000000000000000001011100010001000001100000000000
011000000000000000000000000011000000000000000000000000000000000000000000000000000000000000000000000000000000000000000010001000100000010110000000000011
001000000000000000000000000100100000000000000000000000000000000000000000000001100000000000000000000000110000011100000110001000000000001000000000000010
110000000000000110000000000011000000000000000000000000000000000000000000000010010000001000000000000010001000000100000010110000000000000000000000000001
100000000000000110000000000000000000000000000000000000000000000000000000000001010000000110000000000010010100000111001001100000000000000000000000000000
000000000000000000000000000000000000000000000000000000000000000000000000000000100000110110000000000000001110000011001110000000111000000000000000000000
000000000000000000000000000000000000000000000000000000000000000000000000000000000000111000000000000001101010001100000000000000110110000000000000000000
000000000000000000000000000000000000000000000000000000000000000000000000000000000001100000010000000000101100001100000000000000000010000000000000000000
000000000000000000000000000000000000000000000000000000000000000000000000000000000001011100110000000000011100001100000000000110100000001000000000000000
000000000000001000000000000000000000000000000000000000000000000000000000000000000111000111000000000000000000000110000000000010000101000000000000000000
000000000000010100000000000000000000000000000000000000000000000000000000000000000000000000000000000000000000000110000000000001010011000000000000000000
000000000000010100000000000000000000000000000000000000000000000000000000000000000000000000000000000000000000001001000000000000010001000000000000000000
000000000000001000000000000000000000000000000000000000000000000000000000000000000000001000111000000000001000001010000000000000000000000000000000000000
000000000000000000000000000000000000000000000000000000000000100000000000000000000000010000110100000000001100000100000000000000000000000000000000000000
000000000100000000000000000000000000000000000000000000000001010000000000000000000000011000101000000000100000000000000000000001100000000000000000000000
000000001110000001100000000000000000000000000000000000000001100000000000000000000110111000000000000000101010000000000000000001100000000000000000000000
000000001011100010010000000000000000000000000000000000000000000000000000000000001110000000000000001001000100000000000000000000000000000000000000000000
100000000000100001100000000000000000000000000000000000000000000000011000000000001100000000000000001101010101000000000000000000000000000000000000000001
110000000011100000000000000000000000110000000000000000000000000000011000000000000000010000001010000110000011000000000000000000000000000000000000000000
000000000010000000000000000000000000110000000000000000000000000000000000000000000010111000110100001000000000000000000000000000000000000000000000000000
000000000110000000000000000000000000000000000000000000000000000000000000000000000011100100010010000000000000000000000000000000000000000000000000000000
000000001100000000000000000000101100000000000000000000000000000000000000000000000001000000111000000000000000000000000000000000000000110000000000000000
000000001100000000000000000010000100000000000000000000000000000000000000000000000000000000110000000000000000000000001000000000000001001000000000000000
000000000000000000000000000010001100000000000000000000000000000000000000000000000000000000000000000000000000000000011100000000000000110000000000000000
000000000000000000000000000000000000000000000000000000000000000000000000000000000000000000000000000000000000000000010110000000000000000000000000000000
000000000000000000000000011110100001110000000000000000000000000000000000000000000000000000000000010000000000000001100010000000000000000000000000000000
000000000000000000000000111111000000000000000000000000000000000000000000000000000100000000000000100010000000000111011101000000000000000000000000000000
000000000000000000000000100010000000000100000001000000000000011100000000000000000100000000100000100000100000000000000001100000000000001100000000000000
000000000000000000000001101000000011100000000001000000110000000000000000000000000100000000101000100000000000000000001110000000000000001100000000000000
000000000000000000000000010000000000000010000001000001001000000001000000000000000000000000110000000000001100000000001110000110000000000000000000000000
000000000000000000000000000000000000000000000000000000110000000001000000000000000000000000000000011000000001000000001010000101000000000000000000000000
000000000000000000000000000000000000010100000000000000000000000001000000000000000000000000000000011111000001000000011011000010000000000011000000000000
001100000000000000000000000001100000000000000000000000000000000000000000000000000000000000000000000111000001000000011011000000000000000011000000000000
001010000000000000000100000010010000000000000000000000000000011100000000000000000000000000000000001110000000000000001010000000000000000000000000000000
000101000000000000000101000110100000000000000000000000000000000000000000000000000000000000000000000110001000000000001001000000000000000000000000000000
000010000000000000000101011001000110000000000000000000000000000000000000000000000000000000000000000000011100000000001001000000000000000000000001100000
000000000000000000000000000000000100100000000000000000000000000000000000000000000000000000000000000000000000000000001001000000000000000000000010010000
000000000000000000000000000000000010100000011000000000000000000000000000000000000000000000000110000000000000000000001100000000000000000000000010100000
000000000010000000000000000000000000000000011000000000000000000000000000000000000000000000000110000000000000000000011000000000000000000000000001000000
000000000010000000000000000000000000000000000000000000000000000000000000000000000000000000000000000000000000000000111000000000000000000000000000000000
000000000010000000000000000000000000000000000000000000000000000000000000000000000000000000000000000000000000000000010111000000000000000000000000000010
000000000000000000000000000000000000000000000000000000000000100000000000000000000000000000000000000000000000000000110110000000000000000000000000000101
000000000000000000000000000000000000000000000000000000000001010000000000000000000000000000000000000000000000000000110110000000000000000000000000000101
000000000000000000000000000000001110000000000000000000000001010000000000000000000000000000000110000000000000000000001000000000000000000000000000000010
000000000000000000000000000000000000000000000000000000000000100000000000000000000000000000000110000001100000000000000000000000000000000000000000000000
001100000010000000000000000000000000100000000000000000000000000000000000000000000000000000000000000011110000000000000000000000000000000000000001100000
010010000101000000000000000000000000100000000000000000000000000000000000000000000000000000000000000010101000000000000000000000000000000001000010010000
001100000100100000000110000000000000100000000000000000000000000000000000000000000000000000000000000000101100000000000000000000000000000010100001100000
000000000011000000000110000110000000000000000000000000000000000000000000000000000000000010000000001100001100000000000000000000000000000001100000000000
000000000000000000000000000110000000000000000000000000000000000000000000110000000000000010000000010000001000000000000000000000000000000000000000000010
000000000000000000000000000000000000000000000000000000000000000000000001010000000000000010000000010000001000000000000000000000000000001100000000000101
000000000000000000000000000000000000000000000000010000000000000000000001100000000000000000000000001000001001100000000000000000000000010100000000000101
000000000000000000000000000000000000000000000001010000000000000000000000000000000000000000000000000000011001100000000000000000000000001000000000000010
000000000000000000000000000000000000000000000000110000000000000000000000000000000000000000000000000000000000000000000000000000000000000000000000000000
000000000100000000000000000000000000000000000000000000000000000000000000000000000000000000000001100000000000000000000000000000000000000000000000000000
000000001010000000000000000000000000000000000000000000000000000000000000000000000000000000000001100011000000000000000000000000000000000000000000000000
000000001010000000000000000000000000000000000000000000000000000000000000000000000000000000000000000011000000000000000000000000000000000000000000000000
000000000100000000000000001100000000000000000000000000000000000000000000000000000000000000000000000000000000000000000000000000000000000111000000000000
000000000000000000000000001100000000000000000000000000000000000100000000000000000000000000000010000000000000000000000000000000000000000000000000000000
000000000000000000000000000000000000000000000000000000000000000100000000000000000000000000000000100000110000000000000000000000000000000000000000000000
000000000000000000000000000000000000000000000000000000110000000100000000000000000000000000010000000001110000000000000000000000000000000000000000000000
000000000001000000000000000000000011100000000000000000110000100000100000000000000000000000100000010000100000000000000000000000000000000000000000001100
000000000001000000000000000000000000000000000000000000000001010001010000000000000000000000100001110001010000000000000000000000000000000000000000001100
000000000001000000000000000000000000001000000000000000000000100000100000000000000000000000010010000000001101100000000000000000000000000000000000000000
000000000000000000000000000000011000001000000000000000000000000000000000000000000000000110010110000000001101000000000000000000000000000000000000000000
000000000000000110000000000000011000001000000000000000000000000000000000000000000000001001000000000000000110000000000000000000000000000000000000000000
000000000000001001000000000000000000000000000000000000000000000000000000000000000000000110000000000000000000000000000000000000000000000110000000000000
000000000000000110000000000000000011100000110000000000000000010001000000000000000000000000010000000000000000000000000000000000000000000110000000000000
000000000000000000000001100110000000000000110000000000000000001110000000000000000000000000101000000000000000000000000000000000000000000000000000000000
000000000000000000000001100110011000000000000000000000000000001110000000000000000000000001010000000000000000000000000000000000000000000000000000000000
000000000011000000000000000000011000001100000000000000000000000000000000000000000000000001100000000000000000010000000000000000000000000000000000000000
000000000101000000000000000000000000010010000000000000000000000000000000000000000000000000000000000000000000101000000000000000000000000000000000000000
000110000010000000000000000000000000001100000000000000000000000000000001100000000000000000000000000000000001001000000000000000000000000000001100000000
000110000000000000000000000000000000000000000000000000000000000000000010010000000000000000000000011000000000110000000000011000000000000000010010000000
000000000000000000000000000000000000000000000000000000000000000000000001100000000000000000000000100100000000000000000000011000000000000000010100000000
000000000000000000000000000000000000000000000000000000000100000000000000000000000000000000000000011000000000000000000000000000000000000000001000000000
000000000000000000000000000000000000000000000000000000001010000000000000000000000000000000000000000000000000000000000000000000000000000000000000000000
000000000000000000000000001100000000000000000000000000001010000000000000000000000000000000000000000000000000000000000000000000000000000000000000000000
000000000000000000000000001100000000000000000000000000000100000000000000000000000000000000000000000000000000000000000000000000000000000000000000000000
000000000000000000000111000000000000000000000000000000000000000000000000000000000000000000000000000000000000000000000000000000000000000000000000000000
000000000000000000000000000000000000000000000000000011000000011000000000000000000000000000000000000000000000000000000000000000000000000000000000000000
000000000000000000010000010000000000000000000000000100100000100100000000000000000000000000000000000000000000000000000000000000011000000011000000000000
000000000000000000010000010000000000000000000000000011000000011000000000000000000000000000000000000000000000000000000000000000100100000100100000000000
000000000000000000010000010000000000000000000000000000000000000000000000000000000000000000000000000000000000000000000000000000011000000011000000000000
000000000000000000000000000000000000000000000000000000000100000000000000000000000000000000000000000000000000000000000000000000000000000000000000000000
000000000000000000000000000000000000000000000000000000001010000000000000000000000000000000000000000000000000000000000000000000000000100000000000000000
000000000000000000000000000000000000000000000000000000001010000000000000000000000000000000000000110000000000000000000000000000000001010000000000000000
000000000000011100000000000000000000000000000000000000000100000000000000000000000000000000000000110000000000000000000000000000000001010000000000000000
000000000000000000000000000000000000000000000000000000000000000000000000000000000000000000000000000000000000000000000000000000000000100000000000000000
000000000001000001000000000000000000000001000000000000000000000000000000000000000000000000000000000000000000000000000000000000000000000000000000000000
000000000010100010100000000000000000000010100000000000000000000000000000000000000000000000000000000000000000000000000000000000000000000000000000000000
000000000010100010100000000000000000000010100000000000000000000000000000000000001100000000000000000000000000000000000000000000000000000000000000000000
000000000001000001000000000000000000000001000000000000000000000000000000000000001100000000000000000000000000000000000000000000000000000000010000000000
000000000000000000000000010000000000000000000000000000000000000000000000000000000000000000000000000000000000000000000000000000000000000000101000000000
000000000000000000000000010000000000000000000000000000000000000000000000000000000000000000000000000000000000000000000000000000000000000000101000000000
