000000000000000000000000000000000000000000000000000000000000000000000000000000000000000000000000000000000000000000000000000000000000000000010000000000
000000000000000000000000000000000000000000000110000000000000000000000000000000000000000000000000000000000000000000000000000000000000011100000000000000
000000000000000000000000000000000000000000000110000000000000000000000000000000000000000000000000011100000000000000000000000000000000000000000000000000
000000000000000000000000000000000000000000000000000000000000000000000000000000000000000000000000000000000000000000000011000000000000000000000000000000
000000000000000000000000000000000000000000000000000000000000000000000000000000000000000000000000000000000000000000000100100000111000000000000000000000
000000000000000000000000000000000000000000000000000000000000000000000000000000000000000000000000000000000000000000000010100000000000000000000000000000
000000000110000000000000000000000000000000000000000000000000000001100000000000000000000000000000000000000000000000000001000000000000000000000000000000
000000001001000000000000000000110000000000000000000000000000000001100000000000000000000000000000000000000000000000000000000000000000000000000000000000
000000001001000000000000000000110000000000000000000000000000000000000000000000000000000000000000000000000000000000000000000000000000000000000000000000
000000000110000000000000000000000000110000000000000000000000000000000000000000000000000000000000000000000000000000000000000000000000000000000000000000
000000000000000000000000000000000000110000000000011000000000000000000000000000000000000000000000000000000000000000000000000000000000000000000000000000
000000000000000000000000000000000000000000000000011000000000000000000000000000000000000000000000000000000000000000000000000000000000000000000000000000
000000000000000000000000000000000000000000000000000000000000000000000000000000000000000000000000000000000000000000000000000001110000000000000000000000
000000000000000000000000000000000000000000000000000000000000000000000000000000000000000000000001000000000000000000000000000000000000000000000000000000
000000000000000000000000000000000000000100000000000000000000000000000000000000000000000000000010100000000000000001100000000000000000000000000000000000
000000000000000000000000000000000000001010000000000000000000000000000000000000000000000000000010100000000000000001100000000000000000000000000000000000
000000000000000000000000000000000000001010000000000000000000000000000000000000000000000000000001000000000000000000000000000000000000000000000000000000
000000000000000000000000000000000000000100000000000000000000000000000000000000000000000000000000000000000000000000000000000000000000000000000000000000
000000000000000000000000000000000000000000000000000000000000000000000000000000000000000000110000000000000000000000000000000000000000000000000000000000
000000000000000000000000000000000011000000011000000000000000000000001000000000000000000001001000000000000110000000000000000000000000000000000000000000
000000000000000000000000000000000100100000100100000000000000000000010100000000000000000000110000000000000101000000000000000000000000000000000000000000
000000000000000011000000000000000011000000011000000000000000000000001000000000000000000000000000000000000011000000000000000000000000000000000000000000
000000000000000011000000000000000000000000000000000000000000000000000000000000000000000000000001000000000000110000010000000000000011000000000000000000
000000000000000000000000000000000000000100000000000000000000000000000000000001000000000000000010100001100000101000010000000000000011000000000000000000
000000000000000000000000000000000000001010000000000000000000000000000000000010100000000000000010100001010000010000000000000000000000000000000000000000
000000000000000000000000000000000000001010000000000000000000000000000000000010010000000000000001000000110000000000000000000000000000000000000000000000
000000000000000000000000000000000000000100000000000000000000000000000000000001100000000000000000000000001100000000000000000000000000000011100000000000
000000000000000000000000000000000000000000000000000000000000000000000000000000000000000000000000000000001010000000000100000000000000000000000000000000
000000000000000000000000000000000000000000000000000000000000000011000000000000000000000000000000000000000110000000000101000001100000001000001000000000
000000000000000000000000000000000000000000000000000000000000000011000000000000000000000000000000000000000000000010000000110001100000001000001000000000
000000000000000000000000000000000000000000000000000000000000000000000000000000000000000000000000000000000000000101000000010000000000001000001000000000
000000000000000000000000000000000010000000000000000000000000000000000000000000000000000000000000000000000000000000011000011000000000000000000000000000
000000000000000000000000000000000010000000000000001110000000000000000000000000000000000000000000000000000000001000011000000000000000000011100000000000
000111000000000000000000000000000010000000000000000000000000000000000000000000000000000011000000000000000000001100000110011000000000000000000000000000
000000000000000000000000000000000000000000000000000000011000000000000000000000000000000011000000000000000000000011010010000000000000000000000000000000
000000000000001100000000000000000000000000000000000000100100000000000000000000000000000000000000000000000000000000001010000000000000000000000000000000
001000000000010010000000000000000000011000000000000000011000000000000000000000000000000000000000000000000000000000000000000001100000000000000011000000
010110000000010010000000000000000000011000000000000000000000000000000000000000000000000000000000000000000000000000000000000010010000000000000111000000
110001000000001100000000000000000000000000000000000000000000000000000000000000000000000000000000000000001000000000000000000100010000000000000110000110
111001001100000000000000000000000000000000000000000000000000000000000000000000011100000000000000000000110110000000000000000000100000000000000000000111
011001110010000000000000000000000000000000000000000000000000000000000000000000001110000000000000000000001000000100000000001110000000000000000000001100
000010010010000000000000000000000000000000000000000000000000000000000000000000000000000000000000000000000000001010000000010000000000000000000000000111
000100001100000000000000000000000000000000000000000110000000000000000000000000000000000000000000000000000000001010000110001100010000000000000000000110
001000000000000000000000000000000000000000000000001001000000000000000000000000000000000010000000000011000000000100010000001011010000000000000000000110
010000000000000000000000000000000000000000000000001010000000000000000000000000000000000101000000000011000000000000100010001001000000001100000000011000
000000000000000000000000000000000000000000000000000100000000000000000000000000000000000011000000000000000000000000011100001110000000000010000000010011
000000000000000000000000000000000000000000000000000000000000000000000000000000000000000000000000000000000000000000001001111000000000010010000000001110
000000000000000000000000000000000000000001100000000000000000000000000000000000000000000000000000000000000000000000000001010000000000111001000000000000
000000000000000000000000000000000000000001100000000000000000000000000000000011100000000000000000000000000000000000000011000000000001110000000000000000
000000000000000000000000000000000000100000000000000000000000000000000000000000000000000000000000000000000000000000000011010000000001110000000000000000
000000000000000000000000000000000000100000000000000000000000000000000000000000000000000000000000000000000000000001100001010000000000000000000000000000
000000000000110000000000000000000000100000000000000000000000000000000000000000000000000000000110000000000001100001100000100000000000000000000000000000
000000000000110000000000000000000000000000000000000000000000000001100000000000000000000000000110000000000001100000000000000000000000000000000000000000
000000000100000000000000000000000000000000000000000000000000000001100110000000000000000000000000000000000000000000000000000000000000000000000000000000
000000000100000000000000000000000000000000000000000000000000011000000110000000000000000000000000000000000000000000000000000000000000000000000000000000
000000000100000000000000000000000000000000000000000000000000011000000000000000000000000000000000000000000000000000000000000000000000000000000000000000
000000000000000000000000000011000000000000000000000000000000000000000000000000000000000000000000000000000000000000000000000000000000000000000000000000
000000000000000000000000000100100000000000000000000000000000000000000000000001100000000000000000000000000000000000000011000000000000000000000000000000
000000000000000110000000000011000000000000000000000000000000000000000000000010010000000000000000000000000000000000000100100000000000000000000000000000
000000000000000110000000000000000000000000000000000000000000000000000000000001010000000000000000000000110000000000000011000000110000000000000000000000
000000000000000000000000000000000000000000000000000000000000000000000000000000100000000000000000000001001000000000000000000000110000000110000000000000
000000000000000000000000000000000000000000000000000000000000000000000000000000000000000000000000000001001000000000000000000000000011100110000000000000
000000000000000000000000000000000000000000000000000000000000000000000000000000000000000000000000110000110000000000000000000000000010100110000000010000
000000000000000000000000000000000000000000000000000000000000000000000000000000000000000000000001001000000000000000000000000000000010010000000000101000
000000000000000000000000000000000000000000000000000000000000000000000000000000000000000001110001100000000000000000000000011000000000000000000000010000
000000100000000000000000000000000000000100000000000000000000000000000000000000000000000010010001100000001110000000000000110000000000011010000000000000
000001110000000000000000000000000000001110000000000000000000000000000000110000000111000011000001110000010001000000000000010000000000000111000000000000
000010000000000000000100000000000000000001000000000000000000000000000000110000011011000011000001111101100001000000000000000000000000010111000000000000
000010000000000000001010000000000000101011000000000000000000100000000000000000011101000000000101110101100001000000010000000000000001110000100000000000
000001000000000000001010000000000000000000000000000000000001010000000000000000001001100000101000010000101110000000011000000000100000101110000000000110
000000000000000000011100000000000000000100000000000000000001100000000000000000000010000001011010010010000000011100000000000001010000011110000000000110
000000000000000000000000000000000000000010100000000000000000000000000000000000000100000000001110001110000000000100000000000010011000001001010000000000
000000000000001100110000000000000000100010000000000000000000000000011000000000000011110000100001000000000000001011100000000010111000000000000000000000
000000000000011011100000000000000000100100000000000000000000000000011000000000000000000101000110000000000000000001010000000011001100000000000000000000
000000000000010000100000000001100000010000000000000000000000000000000000000000000000000000000000000000001100000000100000000000000000000000000000000001
100000000000011000000001100001100000000000000000000000000000000000000000000000000000000000000000000000010010000000000000000000000000000000000000000010
100000000000000000100010100000000110100000000000000000000000000000000000000000000000000000000000000000001010000000000000000000000000001000000000000100
000000000000000100100110100000000100010000000000000001010000000000000000000000000000000000000000000111000100000000011000000000000000010100000000000011
000000000000000010001010000000000010000000000000000010010000000000000000000000000000000000000000001111100000000000011000000000000000001000000000000000
000000000000000011001000000000000001110000000000000001100000000000000000000000000000000000000000001000010000000000000000000000000000000000000000000000
000000000000000000111000000000000000000000000000000000000000000000000000000000000000000000000000000111000000000000000000000000000000000000000000000000
000000000000000000000000000000000000000000000001000000000000001000000000000000000000000000000000000011011000000000000000000000000000000000000000000000
000000000000000000000000000000000000000000000001100000000000001000000000000000001110000000000000000000001000000000000000000000000000000000000000000000
000000000000000000000000000000000000000000000010010000110000001000000000000000000000000000000000000000000000000000000000000000000000000000000000000000
000000000000000000000000000000000000000000000001100001011000000000000000000000000000000000000000000000000000000000000000000110000000000000000000000000
000000000000000000000000000000000000000000000001000000100011100011100000000000000000000000000000000000000000000000010000000101000000000000000000000000
000000000000000000000000000000000000000000000000000000000000000000000000000000000000000000000000000000000000101000101000000010000000000011000000000000
001100000000000000000000000000000100000000000000000000000000001000000000000000110000000000000000000000000000101000000000000000000000000011000000000000
001010000000000000000000000000000100000000000000000000000000001000000000000001110000000000000000000000000001001000001100000000000000000000000000000000
000101000000000011000000000000001010000000000000000000000000001000000000000011000100000000000000000000000001010000001100000000000000000000000000000000
000010000000000100100000000000000100000000000001100000000000000000000000000001110000000000000000000000000000100001110000000000000000000000000001100000
000000000000000011000000000000000011000000000000000000000000000000000000000000110000000000000000000000000000000000000000000000000000000000000010010000
000000000000000000000000000000000110000000000000000000000000000000000000000000000000000000000110000000000000000000000000000000000000000000000010100000
000000000000000000000000000000000110000000000000000000000000000000000000000000000000000000000110000000000000000000000000000000000000000000000001000000
000000000111000000000000000001100000000010000000000000000000000000000000000000000000000000000000000000000001100000000000000000000000000000000000000000
000000000000000000000000000001100000000010000000000000000000000000000000000000010000000000000000000000000010010000000000000000000000000000000000000000
000000000000000000000000000000000000000010000000000000000000100000000000000000011000000000000000000000000001100000000000000000000000000000000000000111
000000000000000000000000000000000000000000000000000000000001010000000000000000011100000000000000000000000000000000111000000000000000000000000000000111
000000000000000000000000000000000000000000000000000000000001010000000000000000001110000000000000000000000000000001000100000000000000000000000000000000
000000000000000000000000000000000000000000000000000000000000100000000000000000000000000000000000000000000000011110000100000000000000000000000000000000
001100000010000000000000000000000000000000000000000000000000000000000000000000000000000000000000000000001100011110011000000000000000000000000001100000
001100000101000000000000000000000000000000000000000000000000000000000000000000000000000000000000000000001100000001100000000000000000000001000001100000
001100000100100000000110000000000000000000000000000000000000000000000011001000000000000000000000000000000000000000000000000000000000000010100001100000
000000000011000000000110000110000000000000000000000000000000000000000011011100000000000000000000000000000000000001000000000000000000000001100000000000
000000000000000000000000000110000000000000000000000000000000000000000001010100000000000000000000000000000000000010100000000000000000000000000000000000
000000000000000000000000000000000000000000000000000000000000000000000101001000000000000000000000000000000000000110010000000000000000001100000000000111
000000000000000000000000000000000000000000000000000000000000000000000110000100000000000000000100000000000000000000100000000000000000010100000000000111
000000000000000000000000000000000000000000000000000000000000000000000000010100000000000000000100000000000000000100100000000000000000001000000000000000
000000000000000000000000000000000000000000000000000000000000000000000000010100000000000000000100110011000000000101000000000000000000000000000000000000
000000000100000000000000000000000000000000000000000000000000000000000000011000000000000000000000101111011100000000000000000000000000000000000000000000
000000001010000000000000000000000000000000000000000000000000000000000000000000000000000000000000100000100010000000000000000000000000000000000000000000
000000001010000000000000000000000000001100000000000000000000000000000000000000000000000000000000000000110010000000000000000000000000000010000000000000
000000000100000000000000001100000000001100000000000000000000000000000000000000000000000000000000000010111000000000000000000000000000000010000000000000
000000000000000000000000001100000000000000000000000000000000000000000000000000000000000000000000001110000011000000000000000000000000000010000000000000
000000000000000000000000000000000000000000000000000000000000000000000000000001000000000000000000010011110010000000000000000000000000000000000000000000
000000000000000000000000000000000001000000000000000000110000000000000000000000100000000000000000011100000110000000000000000000000000000000000000000000
000000000000000000000000000000000001000000000000000000110000000000000000000010000000000000000000001010101100000000000000000000000000000000000000001100
000000000011100000000000000000000001000000000000000000000000000000000000000000010000000000000000000001011000000000000000000000000000000000000000001100
000000000000000000000000000000000000000000000000010000000000000000111000000000000000000000000000000000110000000000000000000000000000000000000000000000
000000000000000000000000000000011000011100000000110000000000000010000000000000000000000110000000000000000000000000000000000000000000000000000000000000
000000000000000110000000000000011000000000000000101000000000000010000010001000001000001001000000000000000000000000000000000000000000000000000000000000
000000000000001001000000000000000001000000000000000000000000000010100001010111001000000110000000000000000000000000000000000000000000000110000000000000
000000000000000110000000000000000001000000110000000000000000000000001010100000000000000000010000000000000000000000000000000000000000000110000000000000
000000000000000000000001100110000001000000110000000000000000000000000100000001000000000000101000000000000000000000000000000000000000000000000000000000
000000000000000000000001100110011000000000000000000000000000000000000000010000000000000001010000000000000000000000000000000000000000000000000000000000
000000000011000000000000000000011000001100000000000000000000000000000000001000000000000001100000000000000000010000000000000000000000000000000000000000
000000000101000000000000000000000000010010000000000000100000000000000000000011000000000000000000000000000000101000000000000000000000000000000000000000
000110000010000000000000000000000000001100000000000001111000000000000001100000000000000000000000000000000001001000000000000000000000000000001100000000
000110000000000000000000000000000000000000000000000010000100000000000010010000000000000000000000011000000000110000000000011000000000000000010010000000
000000000000000000000000000000000000000000000000000001110100000000000001100000000000000000000000100100000000000000000000011000000000000000010100000000
000000000000000000000000000000000000000000000000000000001000000000000000000000000000000000000000011000000000000000000000000000000000000000001000000000
000000000000000000000000000000000000000000000000000000000000000000000000000000000000000000000000000000000000000000000000000000000000000000000000000000
000000000000000000000000001100000000000000000000000000000000000000000000000000000000000000000000000000000000000000000000000000000000000000000000000000
000000000000000000000010001100000000000000000000000000000000000000000000000000000000000000000000000000000000000000000000000000000000000000000000000000
000000000000000000000010000000000000000000000000000000000000000000000000000000000000000000000000000000000000000000000000000000000000000000000000000000
000000000000000000000010000000000000000000000000000000100000000000000000000000000000000000000000000000000000000000000000000000000000000000000000000000
000000000000000000000000000000000000000000000000000001110000000000000000000000000000000000000000000000000000000000000000000000011000000011000000000000
000000000000000000111000111000000000000000000000000010001000000000000000000000000000000000000000000000000000000000000000000000100100000100100000000000
000000000000000000000000000000000000000000000000000001011000000000000000000000000000000000000000000000000000000000000000000000011000000011000000000000
000000000000000000000000000000000000000000000000000000010001000000000000000000000000000000000000000000000000000000000000000000000000000000000000000000
000000000000000000000000000000000000000000000000000000000110110000000000000000000000000000000000000000000000000000000000000000000000100000000000000000
000000000000001000000000000000000000000000000000000000000000110000000000000000000000000000000000110000000000000000000000000000000001010000000000000000
000000000000001000000000000000000000000000000000000000000100001000000000000000000000000000000000110000000000000000000000000000000001010000000000000000
000000000000001000000000000000000000000000000000000000000000001000000000000000000000000000000000000000000000000000000000000000000000100000000000000000
000000000001000001000000000000000000000001000000000000000001010000000000000000000000000000000000000000000000000000000000000000000000000000000000000000
000000000010100010100000000000000000000010100000000000000000100000000000000000000000000000000000000000000000000000000000000000000000000000000000000000
000000000010100010100000000000000000000010100000000000000000000000000000000000001100000000000000000000000000000000000000000000000000000000000000000000
000000000001000001000000000000000000000001000000000000000000000000000000000000001100000000000000000000000000000000000000000000000000000000010000000000
000000000000000000000000000000000000000000000000000000000000000000000000000000000000000000000000000000000000000000000000000000000000000000101000000000
000000000000000000000000111000000000000000000000000000000000000000000000000000000000000000000000000000000000000000000000000000000000000000101000000000
