000000000000000000000110000000000000000000000000000000000000000000000000000000000000000000000000000000000000000000000000000000000000000000010010000000
000000000000000000001001000000000000000000000000000000000000000000000000000000000000000000000000000000000000000000000000000000000000000000011000100000
000000000000000000000110000000000000000000000000000000000000000000000000000000000000000000000000011100000000000000000000000000000000000000001110010000
110000000000000000000000000000000000000000000000000000000000000000000000000000000001100000000000000000000000000000000000000000000000000001000100010001
000000000000000000000000000000000000000000000001000000000000000000000000000000000001100000000000000000000000000000000000000000000000000001010001000000
000000000000000000000000000000000000000000000001000000100000000000000000000000000000000000000000000000000000000000000000000000000000000010100000010000
000000000110000000000000000000000000000000000001000000100000000001100000000000000000000000000000000000000000000000000000000000000000110111000001010000
000000001001000000000000000000000000110000000000000000100000000001100000110000000000000000000000000000000000000000000000000000000001001001101100010000
000000001001000000000000000000000000110000000000000000000000000000000000110000000000000000000000000000000000000000000000000000000000110000100000100000
000000000110000000000000000000000000000000000000000000000000000000000000000000000000000000000000000000000000000000010000000000000000000000000000000000
000000000000000000000000000000000000000000000000000000000000000000000000000000000000000000000000000000000000000000111000000000000000000000001110000000
000000000000000000000000000000000000000000000000000000000000000000000000000000000000000000000000000000000000000001001000000000000000000000000000000000
000000000000000000000000000000000000000000000000000000000000000000000000110000000000000000000000110000000000000001110000000000000000000000000000000000
000000000000000000000000000000000000000000000011000000000000000000000000110000000000000000000000110000000000000000100000000000000000000000000000000000
000000000000000000000000000000000000000001000010100000000000000000000000000000000000000000000000000000000000000000000000000000000000000000000000000000
000000000000000000000000000000000000000110110000100000000000000000000000000000000000000000000000000000000000000000000011000000000000000000000000000000
000000000000000000000000000000000000001101100000100000000000000000000000000000000000000000000000000000000110000000000100100000000000000000000000000000
000000000000000000000000000000000000000010000100100000000000000000000000000000000000000000000000000000001001000000000011000000000000000000000000000000
000000000000000000000000000000000000000001000011000000000000000000000100000000011000000000000000000000000110000000110000000000000000000000000000000000
000000000000000000000000000000000000000011100000000000000000000000001010000000100100000000000000000000000000000011100000000000000000000000000000000000
000000000000000000000000000000000000000010001000000000000000000000001000000000110100000000000000000000000000000100001000000000000000000000000000000000
000000000000000000000000000000000000000001101100000000000000000000000111011000010111100000000000000000000000000001110000000000000100000000010000000000
000000000000000000000000000000000000000000001100000000000000000000000011011000011000010000000000000000000000000011000000000000001001000001111000000000
000000000000000000000000000000000000000000011100000000000000110000000000011000001010000000000000000000000000000000000000000000010001001101101000000000
000000000000000000000000000000000000000000010100000000001100110000000000000000000010110000000000000000000000000000000000000000010000110011000000000000
000000000000000000000000000000000000000000110100000000001100000000000001000000000001000000000000000000000000011100000000000000010000110100000000000000
000000000000000001100000000000000000000000011000000000000000000000000010000000000000000000000000000000000000000000000000000000001000110000101000000000
000000000000000001010000000000000000001100000000000000000000000000000100010100000001000000000000000000000000000000000000000000000110010000110100000000
000000000000000000010000000000000001100010000000000000000000000000011011011000000010100000000000000000000000000000000000000000000000000000011000000000
000000000000000000000000000000000001000001000000000000000000000000001000001100000001100000000000000000000000000000000000000000000000000000000000000100
000010000010000000001000000000000010000000100000000000000000000000000000001000000000000000000000000000000000000000000000000000000000000000000000011011
000010000101000001000000000001100100100101010000000000000000000010000000010000000000000000000000000000000000000000000000111000000000000000000000011011
100010000110000000110000000001100011110111010010000000000000000010000001100000000000000000000000000000000000000000000000111100000000000000100000001011
000000000000000000110000000000000000000000000011000000000000000010100000000000000000000011000000000000000000000000000011011000000000000001110000011100
000000000000000001110000000000000000000011000100100000000000000011001100000000000000000011000000000000001100000000000011000001110001010001011000000000
000000000000000011010110000000000000100110000011000000000000000100111100000000000000000000000000000000001100000000000010001000000000011000001000000000
000000000000000001000100000000000000011110000010000000000000000000011111110000000000000000000000000000000000000000000010001010010100011000001110000000
000000000000000000111100000000000000001000000000000000000000000010001100001000000000000000000000000000000000000000000010000011100000100000000000000000
000000000000000000010000000000000000000000000000000000000000000001101000101100000000000000000000000000000000000000000001000000101100000000000000000000
000000000000000000000000000000000000000000000000000000000000000000100010100010000000000000000000000000000000000000000000001101100000000000000000000000
000000111000000000000000000000000000000000000000000000000000000000011010100100000000000000000000000000000000000000000000000100000000000000000000001100
000000000000000000000000000000000000000000000000000000000000000000011011111000000000000000000000000000000000000000000000000010100000000000000000001100
000000000000000000000000000000000000000000000000000000000000000000000110000000000000000000000000000000000000000000000000000001000001100000000000000000
000000000000000000000000000000000000000000000000000000000000000000000000000000000000000010000000000000000000000000000000000000000000000000000000000000
000000000000000000000000000000000000000000000000000000000000000000000001100000000000000101000000000000000000000000000000000000000000000000000000000000
000000000000000000000000000000000000000000000000000000000000000000000001100000000000000011000000000000000000000000000000000000000000000000000000000000
000000000000000000000000000000000000000110000000000000000000000000000000000000000000000000000000000001000000000000000000000000000000000000000000000000
000000000000000000000000000000000000000110000000000000000000000000000000000000000000000000000110000010100000000000000000000000000000000000000000000000
000000000000000000000000000000000000000000000000000000000000000000000000000000000000000000000110000010100000000000000000000000000000000000000000000000
000000000000011100000000000000001000000000000000000000000000000000000000000000000000000000000000000001000000000000000000000000000000000000000000000000
000000000000000000000000000000001100000000000000000000000000011000000000000000000000000000000000000000000000000000000000000010001000000000000000000000
000000011000000000000000000110000100000000000000000000000000001100000000000000000000000000000000110000000000000000000000000111000100000000000000000000
000000011000000000000000001010001000000000000000000000000000010000000000000000000000000000000001001000000000000000000000001100000100000000000000000000
000000000000000000000000001001000000000000000000001100000000000000000000000000000000000000000000110000000000000000000000000010111000000000000000000000
000000000000000000000000000110000000000000000000001100000000000000000000000000000000000000000000000000000000000000000000000000000000000000000000000000
000111010000000000000000000010000000000000000000000000000000000000000000000000000000000000000000000001000000000000000000000000000000000000000000000000
001000101000000000000000000000001100000000000000000000000000000000001000000000000000000000000000000010100000000000000000000000011100000000000000000000
001101001000000000000000000001000000000000000000000000000000000000001000000000000000000000000000000010100000000000001100000000011110000000000000000000
001100111000000000000000000001010100000001100000000000000000000000001000000000000000000000000000000001000000000000001100000000100010000000000000000000
001100000000000000000000000000011000000010010000000000000000000000000000000000000000000000000000000000000000000000000000000001101000010000000000000000
001110011100000000000000000000010000000001100000000000000000000000000000000000000000000000000000000000000000000000000000000000111111110100000000000000
000110000100000000000000000000101000000000000000000000000000000000000011000000000000000111000011000000000000000000000000000000000111100010000000000000
000111001011000000000000000000000100000000000000000000000011000000000011000000000000000000100101000000000000000000000000001100000110001100000000000000
000011100111000000000000000001101000000000000000000000000011000000000000000000000000001000101111110000000000000000000000001010001010001000000000000000
000001110110000000000000000010000000000000000000000000000000000000000000000000000000001010101000110000000000000000011100000011000000000000000000000000
000000110110000000000000000001000000001000000000000000000000000000000000000000010000001011000011010011100000000000000000000101110001011000000000000000
000000111000000000011000000001000000010100000000000000000000000000000000000000111000000010101001000011010000000000000000011001001111111100000000000000
000000000000000001000000000000000000010100000000000000000000000000000000000001111100000101011111000000111000001110000000010000000010000010000000000000
000000000000000000100100000000000000001000000000000000000000000000000000000010000010001000000010000000111000000000000000000001100000000100000000000000
000000000000000000000000000000000000000000000000000011000000000000000000000110010011001000011100001100110000000000000000010000111110000000000000000000
000000000000000000001100000000000000000000000000000011000000001100000000001110101011100000111000000100000000000011110000100010010000100000000000000000
000000000011100000000000000000000000000000000000000000000000010010000000000110010011000000100000000000000011111100010001111110000110000000000000000000
000000000011011000000000000000000000000000000000000000011000001100000000000010000010000010100000000000000011000000001001000100000000000000000000000000
000000000001010000000000000000000000000000000000000000011000000000000000000001111100000001000000000000000100000011000011000100000000000000000000000000
000000000000100000000000000000000000000000000000000000000000000000000000000000111000000000000000000000000011110111001110000000101000000000000000000000
000000000000000000000000000000110000000000000000000000000000000000000000000000010000000000000000000001000011100110000000000001000000000000000000000000
000000000000000000000000000001001000000000000000000000000000000000000000000000000000000000000011000111000000000110000000100010000000000000000000000111
111000000000000000000000000001010000000110000000000000000000000000000000011000000000000000000111110000000000000101110000010000000100000000000000000100
000000000000000000000000100000100000000110000000000000000000000000000000011000000000000000011100111011010000000000110000001100001100000000000000000011
001100000000011100000001110000000000000000000000000000000000000000000000000000000000000001101100010010010000000000110000000001110000000000000000000111
000000000000000000000011001000000000000000000000000000000000000000000000000000000000000001101100000010000000000000000000000000000000000000000000000000
000000000000000000000010111000000000000000000000000000000000000000000000000000000000000000000100001011110000000000000000000000000000000000000000000000
000010000000000000000011010110000000000000000000000000000000000000000000000000000000000000000000000100010000000110000000000000000011000000000000000000
000010000000000000000000001001000000000000000000000000000000000000000000000000000000000000010000000011100000000011000000000000000011000000000000000000
000010000000000000000000011111100000000000000000000000000000000000000000000000000000000000101000000001000000000001110000000000000000000000000000000000
000000000000000000000000001001000000000000000000000000000000000000000000000000000000000000101000000000000000000000010000000000000000000000000000000000
111000000000001000000011010110000000000000000000000000000000000010000000000000000000000000010000000000000000000000010000000000000000000000000000000000
000000000000010100000010111000000000000000000000000000000000000010000000000001100000110000000000000000000000000000000000000000000000000000000000000000
000000000000010100000011001000000000000011000000000000000000000010000000000001100001001000000000000000000000000000000000000000000011100000000000000000
000000000000001000000001110000000000000010100000000000000000000000000000000000000000110000000000000001000000000000000000000000000000000000000000000000
000000000000000000000000100000000000010000100000000000000000111000000000000000000000000000000000000010100000000000000000000000000000000000001100000000
000000000000000000000000000000000010111100100000000000000000000000000000000000000000000000000000000010100000000110000000000000000000000000001100000000
000000000000000000000000000000000010100000100000000000000000000010000011000000000000000000000000000001000011000101000000000000000000000000000000000000
000000000000000000000000000000000100000000000000000010000000000010000011000000000000000000000000000000000100100011000000000000000000000000000000000000
000000000000000000000001110000000001000111000000001000100000000010000000000000000000000000000000000000000100100000000000000000000000110000000000000000
010000000000000000000000000000000001010110100000010000000000000000000000000000000000000000000000000000000011000000000000000000000000110000000000000000
101000000000000000000000000000000000000001110000110000011000000000110000000000000000000000000000000000000010000000000000000000000000000000000000000000
101000000000000000000000000000000000010000100001000000000000000000110000000000000000000000000000000000000000110000000000000000000000000000000000000000
010000000000000000000000000000000000011111000000010100000000000000000000000000000000000000000000000000110000010000000000000000000000000000000000000000
000011000000000000000000000000000000001110000010010001100010110000000000000000000000000000000000000000110000000000000000000000000000000000000000000000
000101000001000000000000100000000000000000000011001000001010110000000000000000000000000000000000000000000000000000000000000000000000000000000000000000
001100000011000000000001100010000000000000110000111000000000000000000000000000000000000000000000000000000000000000000000000000000000000000000000000000
000101000001000000000001000101000000000001001000010000000000000000011000000000000000000000000000000000000000000000001000000000000000000000000000000000
000011000000000000000000101101000000000000110000000000000000000000100100000000000000000000000000000000000000000000010100000000000000000000000000000000
000000000000000000000000000010000000110000000000001100000000000000011000000000000000000000000000000000000000000000100100000000000000000000000000000000
000000000000000000000000000000000001001000000000001100000000000000000000000000000000000000000000000000000000000000011000000000000000001100000000000000
000000000000000000000000000000000001010000000000000000000000000000000000000000000000000000000000000000000000000000000000000000000000010100000000000000
000000000000000000000000000000000000100000000000000000100000000000000000000000000000000000000000000000000000000000000000000000000000001000000000000000
000000000000000000000000000000000000000000000000000000100000000000000000000000000000000000000000000000000000000000000000000000000000000000000000000000
000000000000000010000000000000000000000000000000000000100000000000000000000000000000000000000000000000000000000000000000000000000000000000000000000000
000000000000000101000000000000000000000000000001000000000000000000000000000000000000000000000000000000000000000000000000000000000000000000000000000000
000000000000001001000000000000000000000000000010100000001010000000000000000000000000100000000000000000000000000000000000000000000000000010000000000000
000000000000000110000000000000000000000000000010100000001010000000000000000000000001010000000000000000000000000000000000000000000000000010000000001100
000000000000000000000000000000000000000110000100100000001010000000000000000000000010010000000000000000000000000000000000000000000000000010000000001100
000000000000000000000000000000000000000110000100100000000000000000000000000000000001100000000000000000000000000000000000000000000000000000000000000000
000000000000000000000000000000000000000000011110000000000000000000000000000000000000000000000000000000000000000000000000000000000000000000000000000000
000000000000000000000000000000000000000000010100100000000000000000000000000000000000000000000000000000000000000000000000000000000000000000000000001100
000000000000000000000000000000000000000000100111100000000000000000000000000000000000000000000000000000000000000000000000000000000000000000000000001100
000000000000000000000000000000000000000000110100000000000000000000000000000000000000000000000000000000000000000000000000000000000000000000000000000000
000000000000000000000000000000000000000000001000000000000000000000000000000000000000000000000000000000000000000000000000000000000000000000000000000000
000000000000000000000000000000000000000000000000000000000000000000000000000000000000100000000000000000000000000000000000000000000000000000000000000000
000000000000000000000000000000000000000000000000000000000000000000000000000000000001010000000000000000000000000000000000000000000000000110000000000000
000000000011000001100000000000000000000000000000000000000000000000000000000000000001010000000000000000000000000000000000000000000000000110000000000000
000000000011000001100000000000000000000000000000000000000110000000000000000000000000100000000000000000000000000000000000000000000000000000000000000000
000000000000000000000000000000000000000000000000000000000110000000000000000000000000000000000000000000000000000000000000000000000000000000000000000000
000000000000000000000000000000000000000000000000000000011000000000000000000000000000000000000000000000000000010000000000000000000000000000000000000000
000000000000000000000000000000000000000000000000000000100000000000100000000000000000000000000000000000000000101000000000000000000000000000000000000000
000000000000000000000000000000000000000000000000000001110000111011000000000000000000000000000000000000000001001000000000000000000000000000001100000000
000000000000000000000000000000000000000000000000000000000000110111100000000000000000000000000000000000000000110000000000011000000000000000010010000000
000000000000000000000000000000000000000000000000000000000000100000000000000000000000000000000000000000000000000000000000011000000000000000010100000000
000000000000000000000000000000000000000000000000000000000000001010000000000000000000000000000000000000000000000000000000000000000000000000001000000000
000000000000000000000000000000000000000000000000000000000000001000000000000000000000000000000000000000000000000000000000000000000000000000000000000000
000000000000000000000000000000000000000000000000000000000000000100000000000000000000000000000000000000000000000000000000000000000000000000000000000000
000000000000000000000000000000000000000000000000000000000000000000000000000000000000000000000000000000000000000000000000000000000000000000000000000000
000000000000000000000000000000000000001100000000011000000101000000000001110000000000000000000000000000000000000000000000000000000000000000000000000000
000000000000000000001100000000000000001100000000011000001000000000000001000000000000000000000000000000000000000000000000000000000000000000000000000000
000000000000000000001100000000000000000000000000000000000100010000000011010100000000000000000000000000000000000000000000000000011000000011000000000000
000000000000000000000000000000000000000000000000000000000011011000000100000000000000000000000000000000000000000000000000000000100100000100100000000000
000000000000000000000000000000000000000000000000000000000000001000000100000001000000000000000000000000000000000000000000000000011000000011000000000000
000000000000000000000000000000000000000000000000000000000000000000000000001000000000000000000000000000000000000000000000000000000000000000000000000000
000000000000000000000000000000000000000000000000000000000000000000000110100011000000000000000000000000000000000000000000000000000000100000000000000000
000000000000000000000000000000000000000000000000000000000000000000000110110000000000000000000000110000000000000000000000000000000001010000000000000000
000000000000000000000000000000000000000000000000000000000000000000000110110000000011100000000000110000000000000000000000000000000001010000000000000000
000000000000000000000000000000000000000000000000000000000000000000000000001000000000000000000000000000000000000000000000000000000000100000000000000000
000000000000000000001100011000000000000000000000000000000000000000000000010000000000000000000000000000000000000000000000000000000000000000000000000000
000000000000000000010010011000000000000000000000000000000000000000000010010000001000000000000000000000000000000000000000000000000000000000000000000000
000000000000000000010100000000000000000000000000100000000000000000000011100000010100000000000000000000000000000000000000000000000000000000000000000000
000000000000000000001000000000000000000000000001010000000000000000000011100000010100000000000000000000000000000000000000000000000000000000000000000000
000000000000000000000000000000000000000000000001010000000000000000000000000000001000000000000000000000000000000000000000000000000000000000000000000000
000000000000000000000000000000000000000000000000100000000000000000000000000000000000000000000000000000000000000000000000000000000000000000001100000000
