00000000000000000000000000000000000000000000000000
00000000000000000000000000000000000000000000000000
00000111000000000000000000000000000000100000000000
00000000000000000000000000000000000001010000000000
00000000000000000000000000000000000000110000000000
00000000000000000000000000000011000000000000000000
00000000000000000000000000000011000000000000000000
00000000000000000011000000000000000000000000000000
00000000000000000101000000000000000000000000000000
00000000000000000010000000000000000000000000000000
00000000000000000000000000000000000000000000000000
11100000000000000000000001000000000000000000000000
10000000000000000000011000100000000000000000000000
10000000000000000000101000100000000000000000000011
10000000000000000000101011000000000000000000000010
10000000000000000000010000000000000000000000000000
11001100000000000000000000000000000000000000000001
11010000000000000000000000000000000000000000000001
11000000000000000000000000000000000000000000000010
00100000000000000000000000000000000000000000000000
00100000000001100000000000000000000000000000000000
10001100000001100000000000000000000000000000000000
01110000000000000000110000000000000000000000000000
00100000000000000000110000000000000000000000000000
00000000000000000000000001100000000000000000000000
00000000000000000000000001100000001100000000000000
00000000000000000000000000000000001100000000000000
00000000000000000000000000000000000000000000011000
00000000000000000000000000000000000000000000010100
00000000000000000000000000000000000000000000001100
11100000000000000000000000000000000000000000000000
00100000000000000000000000000000000000001000000001
00001000000000000000000000000000000000010100000000
00001000000000000000000111000000000000001100000010
00001000000000000000001000010000000000000000000001
01000001100000000000000000000000000000000000000000
00000010001000000000000100010000000000000000000000
00000100011000000000000011100000000000000000000000
00000010000000000000000000000000000000000000000000
00000000000100000000000000000000000000000000000000
00000000010100000001001000000000001100000000000000
00000000010000000000010000000000001100000000000000
00000000011000000000000000111000000000000000000000
00001111010000000000000001100000000000000000000000
00001000000000000000000010100000000000000000000000
00000111100000000000000011010010000000000000000000
00000010000000000000110000000000000000000000000000
00000000000000000000110000001110000000000000000000
00000000000000000000000000000100000000000000000000
00000000000000000000000000000000000000000000000000
