000000000000000000000000010000000000000000000000000000000000000000000000000000000000000000000000000000000000110000000000000000000000001000010000000000
000000000000000000000000000000000000000000000110000000000000000000000000000000000000000000000000001000000001010001000000000000000000001000000000000000
000000000000000000000000000000000000000000000110000000000000000000000000000000000000000000000000001000000000000000000000000000000000001000000000000000
000000000000000000000000000000000000000000000000000000000000000000000000000000000000000000000000001000000000000010000011000000010000000000000000000000
000000000000000000000000000000000000000000000000000000000000000000000000000000000000000000000000000000000000011100000100100000010000000000000000000000
000000000000000000000000000000000000000000000000000000000000000000000000000000000000000000000000000000000000011000011110100000010000000000000000000000
000000000110000000000000000000000000000000000000000000000000000001100000000000000000000000000000000000000000000000101001000000000000000000000000000000
000000001001000000000000000000110000000000000000000000000000000001100000000000000000000000000000000000000000000000000000000000000000000000000000000000
000000001001000000000000000000110000000000000000000000000000000000000000000000000000000000000000000000000000000001010000000000000000000000000000000000
000000000110000000000000000000000000110000000000000000000000000000000000000000000000000000000000000000000000000001100000000000000000000000000000000000
000000000000000000000000000000000000110000000000011000000000000000000000000000000000000000000000000000000000000000000000000000000000000000000000000000
000000000000000000000000000000000000000000000000011000000000000000000000000000000000000000000000000000000000000000000000000000100000000000000000000000
000000000000000000000000000000000000000000000000000000000000000000000000000000000000000000000000000000000100000000000000000000100000000000000000000000
000000000000000000000000000000000000000000000000000000000000000000000000000000000000000000000001000000011000000000000000000000100000000000000000000000
000000000000000000000000000000000000000100000000000000000000000000000000000000000000000000000010100000001100000001100000000000000000000000000000000000
000000000000000000000000000000000000001010000000000000000000000000000000000000000000000000000010100000000000000001100000000000000000000000000000000000
000000000000000000000000000000000000001010000000000000000000000000000000000000000000000000000001000000000000000000000000000000000000000000000000000000
000000000000000000000000000000000000000100000000000000000000000000000000000000000000000000000000000000000000000000000000000000000000000000000000000000
000000000000000000000000000000000000000000000000000000000000000000000000000000000000000000110000000000000000000000000000000000000000000000000000000000
000000000000000000000000000000000011000000011000000000000000000000001000000000000000000001001000000000000000000000000000000000000000000000000000000000
000000000000000000000000000000000100100000100100000000000000000000010100000000000000000000110000000000000000000000000000000000000000000000000000000000
000000000000000011000000000000000011000000011000000000000000000000001000000000000000000000000000000000000110000000000011100000000000000000000000000000
000000000000000011000000000000000000000000000000000000000000000000000000000000000000000000000000000000000110000000000000000000000000000000000000000000
000000000000000000000000000000000000000100000000000000000000000000000000000001000000000000000000000000000000000000000000000000000000000000000000000000
000000000000000000000000000000000000001010000000000000000000000000000000000010100000000000000000000000000000000000000000000000000000000000000000000000
000000000000000000000000000000000000001010000000000000000000000000000000000010010000000000000000000000000000000000000000000000000000000000000000000000
000000000000000000000000000000000000000100000000000000000000000000000000000001100000000000000000000000000000000000000000000000000000000001000000000000
000000000000000000000000000000000000000000000000000000000000000000000000000000000000000000000000000000000000111000100000000000000001000001100000000000
000000000000000000000000000000000000000000000000000000000000000011000000000000000000000000000000000000000001101000010000000000000010000100110000000000
000000000000000000000000000000000000000000000000000000000000000011000000000000000000000000000000000000001000001101011000000000000010000000010101100000
000000000000000000000000000000000000000000000000000000000000000000000000000000000000000000000000000000010000110011001000000000000001001110000111110000
000000000000000000000000000000000000000000000000000100000000000000000000000000000000000000000000000000010000000010001100000000000000000101000000001000
000000000000000000000000000000000111000000000000000100000000000000000000000000000000000000000000000000011010000000000100000000000000000110100100111000
000000000000000000000000000000000000000000000000000100000000000000000000000000000000000000000000000000000110000001110110000000000000000101111000111000
000000000000000000000000000000000000000000000000000000011000000000000000000000000000000000000000000000000000000001100110000000000000000011000000000000
000000000000000000000000000000000000000000000000000000100100000000000000000000000000000000000000000000000000110001110000001100000000000011100000111000
000000000000000000000000000000000000011000000000000000011000000000000000000000000000000000000000000000000000000001110110011110000000000100110000000000
000000000000000000000000000000000000011000000000000000000000000000000000000000000000000000000000000000000000000000110000011110000000000011000000000000
000000000000000000000000000000000000000000000000000000000000000000000000000000001000000000010000000000000000000000010001100000000000000010000000000000
000000000000000000000000000000000000000000000000000000000000000000000000000000010010000001001000000000000000000000001100000000001100000000000000011011
000000000000000000000000000000000000000000000000000000000000000000000000000000010010000011100101100000001000000000001110000000001100000000000000011011
000000011011000000000000000000000000000000000000000000000000000000000000000000000100000110101001010000010100000000000000000000000000000000000000100010
100100110001100000000000000000000000000000000000000110000000000000000000000000000000000010000000010000100100000000000000000000000000000000000000011101
100100111011000000000000000000000000000000000000001001000000000000000000000000000000000110000001110000011000000000000000000000000000000000000000011000
011010101110000000000000000000000000000000000000001010000000000000000000000000000000000010000000000000000000000000000000000000000000000000000000000000
000011100100000000000000000000000000000000000000000100000000000000000000000000000000000000000000000000000000000000000000000000000000000000000000000000
000011000000000000000000000000000000000000000000000000000000000000000000000000000000000000000000000000000000001110000000000000000000000000000000000000
000010000000000000000000000000000000000001100000000000000000000000000000000001000000000000000000000000000000000000000000000000000000000000000000000000
000110000000000000000000000000000000000001100000000000000000000000000000000001000000000000000000000000000000000000000000000000000011000000000000000000
000110000000000000000000000000000000000000000000000000000000000000000000000001000000000000000000000000000000000000000000000000000100100000000000000000
010000001000000000000000000000000001110000000000000000000000000000000000000000000000000000000000000000000000000000000000000000000100100000000000000000
000001111100000000000000000000000000000000000000000000000000000000000000000000000000000000000110000000000001100000000000000000000011000000000000000000
000010000100000000000000000000000000000000000000000000000000000001100000000000000000000000000110000000000001100000000000000000000000000000000000000000
000110011000000000000000000000000000000000000000000000000000000001100110000000000000011100000000000000000000000000000000000000000000000000000011000000
001110000000000000000000000000000000000000000000000000000000011000000110000000000000000000000000000000000000000000000000000000000000000000001011000000
001111000000000000000000000000000000000000000000000000000000011000000000000000000001000001000000000000000000000000000000000000000000000000011000100000
000011000000000000000000000011000000000000000000000000000000000000000000000000000001000001000000000000000000000000000000000000000000000000010001000000
000011000000000000000000000100100000000000000000000000000000000000000000000001100001000001000000000000000000000000000000000000000000000000101100100000
000000000000000110000000000011000000000000000000000000000000000000000000000010010000000000000000000000011000000000000000000000000000000001101101100000
011000000110000110000000000000000000000000000000000000000000000000000000000001010000011100000000000000011000000000000000000000011000000001100001000010
010100001001000000000000000000000000000000000000000000000000000000000000000000100000000000000000000000000000000000000111000000100100000000010011101100
001110001011000000000000000000000000000000000000000000000000000000000000000000000000000000000000000000000000000000001000100000100100000000000000011000
111000011010110000000000000000000000000000000000000000000000000000000000000000000000000000000000000000000000000000010000010000011000000000000000011001
000001010101101000000000000000000000000000000000000000000000000000000000000000000000000000000000000000000000000000100000010000000000000000000000000100
100010000000101000000000000000000000000000000000000000000000000000000000000000000000000000000000000000100000000000011100000000000000000000000000000011
000000100001110000000000000000000000000000000000000000000000000000000000000000000000000000000000000001100000000000011000000000000000000000000000000010
000101100001000000000000000000000000000000000000000000000000000000000000000000000000000000010000000110010000000000000100000000000000000000000000000001
000000000001000000000000000000000000000000000000000000000000000000000000000000000000000111010000000001000000000011000101000000000000000000000000000001
000000000000000000000000000000000000000000000000000000000000100000000000000000001100000000010001010110000000000010101001000000000000000000000000000000
000000000000000000000000000000000000100000000000000000000001010000000000000000110110000000000001100000001000000000111000000001100000000000000000000000
000000000000000001100000000000000011010000000000000000000001100000000000000011000000010000010001000000000111010010010100000001100000000000000000000000
100000110000000010010000000000000111011000000000000000000000000000000000000101010000101000010000000000100111001011100110000000000000000000000000000000
010000110000000011101100000000001000011000000000000000000000000000011000001100011001100100000000000000111001000110000100000000000000000000000000000001
010000000000000001011010000000010010110000000000000000000000000000011000000100001001100110000000000011000000100010000001000000000000000000000000000001
100000000000000000000000000000001011000000000000000000000000000000000000000011110000110000000000000011011000010100001011000000000000000000000000000000
000000000000000000001000000101000010000000000000000000000000000000000000000001000000110011000000000000011000000000001000100000000000000000000000000000
000000000000000000000110000100011010000000000000000000000000000000000000000000000000010110000000000011110000000000000110100000000000110000000000000000
000000000000000000010100000000001100001000000000000000000000000000000000000000000000010110000000000001110000000000000111000000000001001000000000000000
000000000000000000010100000101000000010000000000000000000000000000000000000000000000000000000000000000000000000000000000000000000000110000000000000000
000000000000000000000100000100000011000000000000000000000000000000000000000000000000000000000000000000000000000000000000000000000000000000000000000000
000000000000000000000000000001101011000000000000000000000000000000000000000000000000000000000000000001000000000000000000000000000000000000000000000000
000000000000001100000000000100001001000000000000000000000000000000000000000000000000000000000000000001000100000000000000000000000000000000000000000000
000000000000001110000000000000001010000000000001000000000000011100000000000000000000000000000000000001001000000000000000000000000000001100000000000000
000000000000010000000000000110001100000000000001000000110000000000000000000000000000000000000000000011011000000000000010000000000000001100000000000000
000000000000001001000000000000000000000000000001000001001000000001000000000000000000000000000000000001010000000000001110000111000000000000000000000000
000000000000001010011011000000000000000000000000000000110000000001000000000000000000000000000000000000100000000000001001001001000000000000000000000000
000000000000000000100001010000000000000000000000000000000000000001000000000000000000000000000000000000000000000000011010111001000000000011000000000000
001100000000000000011000001000110000000000000000000000000000000000000000000000000000000000000000001010000000000000010010100010000000000011000000000000
001010000000000000000001001001000000000000000000000000000000011100000000000000000000000000000000001010000100000000011000001000000000000000000000000000
000101000000000000000111100000000000000000000000000000000000000000000000000000000000000000000000000100011010000000010000110000000000000000000000000000
000010000000000000001110000000000110000000000000000000000000000000000000000000000010000000000000000000011100000000001010100000000000000000000001100000
000000000000000000110110000000000110000000000000000000000000000000000000000000000100000000000000000000011100000000000110000000000000000000000010010000
000000000000000000100000000000000000000000011000000000000000000000000000000000000111000000000110000000001000000000000010000000000000000000000010100000
000000000010000000111000000000000000000000011000000000000000000000000000000000000000000000000110000000001100000000001100000000000000000000000001000000
000000000010000000000000000000000000000000000000000000000000000000000000000000000000000000000000000010100100000000000100000000000000000000000000000000
000000000010000000000000000000000000000000000000000000000000000000000000000000000000000000000000000100110000000000000010100000000000000000000000000010
000000000000000000000000000000000000000000000000000000000000100000000000000000000000000000000000000010100000000000110101000000000000000000000000000101
000000000000000000000000000000000000000000000000000000000001010000000000000000000000000000000000000000010000000001100010110000000000000000000000000101
000000000000000000000000000000001110000000000000000000000001010000000000000000000000000000000110000000000000000001010001000000000000000000000000000010
000000000000000000000000000000000000000000000000000000000000100000000000000000000000000000000110000000000000000001110100000000000000000000000000000000
001100000010000000000000000000000000100000000000000000000000000000000000000000000000000000000000000000000000000000010100000000000000000000000001100000
010010000101000000000000000000000000100000000000000000000000000000000000000000000000000000000000000000000000000000000000000000000000000001000010010000
001100000100100000000110000000000000100000000000000000000000000000000000000000000000000000000000000000000000000000000000000000000000000010100001100000
000000000011000000000110000110000000000000000000000000000000000000000000000000000000000010000001100000000000000000000000000000000000000001100000000000
000000000000000000000000000110000000000000000000000000000000000000000000110000000000000010000001100000000000000000000000000000000000000000000000000010
000000000000000000000000000000000000000000000000000000000000000000000001010000000000000010000000000000000000000000000000000000000000001100000000000101
000000000000000000000000000000000000000000000000000000000000000000000001100000000000000000000000000000000000000000000000000000000000010100000000000101
000000000000000000000000000000000000000000000000000000000000000000000000000000000000000000000000000000011000000000000000000000000000001000000000000010
000000000000000000000000000000000000000000000000000000000000000000000000000000000000000000000000000000011000000000000000000000000000000000000000000000
000000000100000000000000000000000000000000000000000000000000000000000000000000000000000000000001100000000000000000000000000000000000000000000000000000
000000001010000000000000000000000000000000000000000000100000000000000000000000000000000000000001100011000000000000000000000000000000000000000000000000
000000001010000000000000000000000000000000000000000001110000000000000000000000000000000000000000000011000000000000000000000000000000000000000000000000
000000000100000000000000001100000000000000000000000011001000000000000000000000000000000000000000000000000000000000000000000000000000000111000000000000
000000000000000000000000001100000000000000000000000110011100000100000000000000000000000000000000000000000000000000000000000000000000000000000000000000
000000000000000000000000000000000000000000000000001110001000000100000000000000000000000000000000000000000000000000000000000000000000000000000000000000
000000000000000000000000000000000000000000000000000000000000001010000000000000000000000000000000011000000000000000000000000000000000000000000000000000
000000000001000000000000000000000011100000000000000000100000000000000000000000000000000000000000011000000000000000000000000000000000000000000000001100
000000000001000000000000000000000000000000000000000000000000010001000000000000000000000000000000000000000000000000000000000000000000000000000000001100
000000000001000000000000000000000000001000000000000000000000100100100000000000000000000000000000000000000000000000000000000000000000000000000000000000
000000000000000000000000000000011000001000000000000000000001000000010000000000000000000000000000000000000000000000000000000000000000000000000000000000
000000000000000110000000000000011000001000000000000000000001001010010000000000000000000000000000000000000100000000000000000000000000000000000000000000
000000000000001001000000000000000000000000000000000000000000000100000000000000000000000000000000000000000100000000000000000000000000000110000000000000
000000000000000110000000000000000011100000110000000000000001000000010000000000000000000000010000000000000100000000000000000000000000000110000000000000
000000000000000000000001100110000000000000110000000000000010010001001000000000000000000000101000000000000000000000000000000000000000000000000000000000
000000000000000000000001100110011000000000000000000000000011011011011000000000000000000001010000000000000000000000000000000000000000000000000000000000
000000000011000000000000000000011000001100000000000000000001010001010000000000000000000001100000000000000000010000000000000000000000000000000000000000
000000000101000000000000000000000000010010000000000000000000011011000000000000000000000000000000000000000000101000000000000000000000000000000000000000
000110000010000000000000000000000000001100000000000000000000001010000001100000000000000000000000000000000001001000000000000000000000000000001100000000
000110000000000000000000000000000000000000000000000000000000011011000010010000000000000000000000011000000000110000000000011000000000000000010010000000
000000000000000000000000000000000000000000000000000000000000010001000001100000000000000000000000100100000000000000000000011000000000000000010100000000
000000000000000000000000000000000000000000000000000000000100001110000000000000000000000000000000011000000000000000000000000000000000000000001000000000
000000000000000000000000000000000000000000000000000000001010000100000000000000000000000000000000000000000000000000000000000000000000000000000000000000
000000000000000000000000001100000000000000000000000000001010000000000000000000000000000000000000000000000000000000000000000000000000000000000000000000
000000000000000000000000001100000000000000000000000000000100000000000000000000000000000000000000000000000000000000000000000000000000000000000000000000
000000000000000000000111000000000000000000000000000000000000000000000000000000000000000000000000000000000000000000000000000000000000000000000000000000
000000000000000000000000000000000000000000000000000011000000011000000000000000000000000000000000000000000000000000000000000000000000000000000000000000
000000000000000000010000010000000000000000000000000100100000100100000000000000000000000000000000000000000000000000000000000000011000000011000000000000
000000000000000000010000010000000000000000000000000011000000011000000000000000000000000000000000000000000000000000000000000000100100000100100000000000
000000000000000000010000010000000000000000000000000000000000000000000000000000000000000000000000000000000000000000000000000000011000000011000000000000
000000000000000000000000000000000000000000000000000000000100000000000000000000000000000000000000000000000000000000000000000000000000000000000000000000
000000000000000000000000000000000000000000000000000000001010000000000000000000000000000000000000000000000000000000000000000000000000100000000000000000
000000000000000000000000000000000000000000000000000000001010000000000000000000000000000000000000110000000000000000000000000000000001010000000000000000
000000000000011100000000000000000000000000000000000000000100000000000000000000000000000000000000110000000000000000000000000000000001010000000000000000
000000000000000000000000000000000000000000000000000000000000000000000000000000000000000000000000000000000000000000000000000000000000100000000000000000
000000000001000001000000000000000000000001000000000000000000000000000000000000000000000000000000000000000000000000000000000000000000000000000000000000
000000000010100010100000000000000000000010100000000000000000000000000000000000000000000000000000000000000000000000000000000000000000000000000000000000
000000000010100010100000000000000000000010100000000000000000000000000000000000001100000000000000000000000000000000000000000000000000000000000000000000
000000000001000001000000000000000000000001000000000000000000000000000000000000001100000000000000000000000000000000000000000000000000000000010000000000
000000000000000000000000010000000000000000000000000000000000000000000000000000000000000000000000000000000000001000000000000000000000000000101000000000
000000000000000000000000010000000000000000000000000000000000000000000000000000000000000000000000000000000000110110000000000000000000000000101000000000
