00000000000000000000000000000000000000000000000000
00000000000000000000000000000000000000000000000000
00000111000000000000000000000000000000100000000000
00000000000000000000000000000000000001010000000000
00000000000000000000000000000000000000110000000000
00000000000000000000000000000011000000000000000000
00000000000000000000000000000011000000000000000000
00000000000000000011000000000000000000000000000000
00000000000000000101000000000000000000000000000000
00000000000000000010000000000000000000000000000000
00000000000000000000000000000011000000000000000000
11100000000000000000000000000110110000000000000000
00000000000000000000001100001111110000000000000000
00001000000000000000010101000001010000000000000010
00001000000000000000110001001001100000000000000010
00001000000000000000011000000111000000000000000010
00000000000000000000000000000000000000000000000000
11100000000000000000000000000000000000000000000000
00000000000000000000000000000000000000000000000000
00000000000000000000000000000000000000000000000000
00011100000001100000000000000000000000000000000000
00100010000001100000000000000000000000000000000000
00000010000000000000110000000000000000000000000000
00110110000000000000110000000000000000000000000000
00000000000000000000000001100000000000000000000000
00000000000000000000000001100000001100000000000000
00010000000000000000000000000000001100000000000000
00010000000000000000000000000000000000000000011000
00000000000000000000000000000000000000000000010100
00001000000000000000000000000000000000000000001100
00111100000000000000000000000000000000000000000000
11110010000000000000000000000000000000001000000000
10011100000000000000000000000000000000010100000000
11011000000000000000000010100000000000001100000000
00110000000000000000000000100000000000000000000000
00000000000000000000001010000000000000000000000000
00000000000000000000001000000000000000000000000000
00000000000000000000000000000000000000000000000000
00000000000000000000000000000000000000000000000000
00000001100000000001000001110000000000000000000000
00000001100000000010100010110000001100000000000000
00000010100000000010100010100000001100000000000000
00000011000000000001000001000000000000000000000000
00000100100000000000000000000000000000000000000000
00001011100000000000000000000000000000000000000000
00011000000000000000000000000000000000000000000000
00101000000000000000110000000000000000000000000000
00101000000000000000110000001110000000000000000000
00010000000000000000000000000000000000000000000000
00000000000000000000000000000000000000000000000000
