000000000000000000000000010000000000000000000000000000000000000000000000000000000000000000000000000001110100010111000000000000000000001000010000000000
000000000000000000000000000000000000000000000110000000000000000000000000000000000000000000000000001000110010100111111000000000000000001000000000000000
000000000000000000000000000000000000000000000110000000000000000000000000000000000000000000000000001000000000000000000000000000000000001000000000000000
000000000000000000000000000000000000000000000000000000000000000000000000000000000000000000000000001000000000000000000000000000010000000000000000000000
000000000000000000000000000000000000000000000000000000000000000000000000000000000000000000000000000000000000000000000000000000010000000000000000000000
000000000000000000000000000000000000000000000000000000000000000000000000000000000000000000000000000000000000001000000000000000010000000000000000000000
000000000110000000000000000000000000000000000000000000000000000001100000000000000000000000000000000000000000001000000000000000000000000000000000000000
000000001001000000000000000000110000000000000000000000000000000001100000000000000000000000000000000000000000001000000000000000000000000000000000000000
000000001001000000000000000000110000000000000000000000000000000000000000000000000000000000000000000000000000000000000000000000000000000000000000000000
000000000110000000000000000000000000110000000000000000000000000000000000000000000000000000000000000000000000000000000000000000000000000000000000000000
000000000000000000000000000000000000110000000000011000000000000000000000000000000000000000000000000000000000000000000000000000000000000000000000000000
000000000000000000000000000000000000000000000000011000000000000000000000000000000000000000000000000000000000000000000000000000100000000000000000000000
000000000000000000000000000000000000000000000000000000000000000000000000000000000000000000000000000000000000000000000000000000100000000000000000000000
000000000000000000000000000000000000000000000000000000000000000000000000000000000000000000000001000000000000000000000000000000100000000000000000000000
000000000000000000000000000000000000000100000000000000000000000000000000000000000000000000000010100000000000000001100000000000000000000000000000000000
000000000000000000000000000000000000001010000000000000000000000000000000000000000000000000000010100000000000000001100000000000000000000000000000000000
000000000000000000000000000000000000001010000000000000000000000000000000000000000000000000000001000000000000000000000000000000000000000000000000000000
000000000000000000000000000000000000000100000000000000000000000000000000000000000000000000000000000101000000000000000000000000000000000000000000000000
000000000000000000000000000000000000000000000000000000000000000000000000000000000000000000110000000110000000000000000000000000000000000000000000000000
000000000000000000000000000000000011000000011000000000000000000000001000000000000000000001001000000010000000000000000000000000000000000000000000000000
000000000000000000000000000000000100100000100100000000000000000000010100000000000000000000110000000000000000000000000000000000000000000000000000000000
000000000000000011000000000000000011000000011000000000000000000000001000000000000000000000000000000000000110000000000011100000000000000000000000000000
000000000000000011000000000000000000000000000000000000000000000000000000000000000000000000000000000000000110000000000000000000000000000000000000000000
000000000000000000000000000000000000000100000000000000000000000000000000000001000000000000000000000000000011100000000000000000000000000000000000000000
000000000000000000000000000000000000001010000000000000000000000000000000000010100000000000000000000000000001010000000000000000000000000000000000000000
000000000000000000000000000000000000001010000000000000000000000000000000000010010000000000000000000001100011010000000000000000000000000000000000000000
000000000000000000000000000000000000000100000000000000000000000000000000000001100000000000000000000010110001001100000000000000000000000000000000000000
000000000000000000000000000000000000000000000000000000000000000000000000000000000000000000000000001101000001111100000000000000000000000000000000000000
000000000000000000000000000000000000000000000000000000000000000011000000000000000000000000000000000110000000001100000000000000000000000000000000000000
000000000000000000000000000000000000000000000000000000000000000011000000000000000000000000000000000010000001111100000000000000000000000000000000000000
000000000000000000000000000000000000000000000000000000000000000000000000000000000000000000000000100001000011010100000000000000000000000000000000000000
000000000000000000000000000000000000000000000000000100000000000000000000000000000000000000000001000011000001001100000011000000000000000000000000000000
000000000000000000000000000000000111000000000000000100000000000000000000000000000000000000000001100001000000111000000100100000000000000011000000000000
000000000000000000000000000000000000000000000000000100000000000000000000000000000000000000000000110000000000010000000101000000000000000000000000000000
000000000000000000000000000000000000000000000000000000011000000000000000000000000000000000000000010000000000000000000100000000000000000110110011000000
000000000000000000000000000000000000000000000000000000100100000000000000000000000000000000000000000000000000000000000000110000000000000000000100100000
000000000000000000000000000000000000011000000000000000011000000000000000000000000000000000000000000000000000000000000010110000000000000001000101000000
100000000000000000000000000000000000011000000000000000000000000000000000000000000000000000000000000000000000000000000000010000000000000000111010000001
100000000000010000000000000000000000000000000000000000000000000000000000000000001000000010000000000000000000000000000001100000000000000000000000010001
000000000000101101100000000000000000000000000000000000000000000000000000000000010000010001000000000000000000000000000001010000001100000000000110111000
000000000000011100100000000000000000000000000000000000000000000000000000000000010011000010000000000000000000000000000000110000001100000000001000000100
000000000000001000001000000000000000000000000000000000000000000000000000000000000111000010000000000000000000000000000000000000000000000000001100011000
110000000000000000111000000000000000000000000000000110000000000000000000000000000000101000000000000000000000000000000000000000000000000000000011110001
101000000000000000010000000000000000000000000000001001000000000000000000000000000000000011000000000000000000000000000000000000000000000000000000000011
011000000000011010000000000000000000000000000000001010000000000000000000000000000000001010000000000000000000000000000000000000000000000000000000000100
110000000000000000000000000000000000000000000000000100000000000000000000000000000000000100000000000000000000000000000000000000000000000000000000000101
100000000000011100000000000000000000000000000000000000000000000000000000000000000000000000000000000000000000001110000000000000000000000000000000000011
000000000000001000000000000000000000000001100000000000000000000000000000000001000000000000000000000000000000000000000000000000000000000000000000000001
000000000000000000000000000000000000000001100000000000000000000000000000000001000000000000000000000000000000000000000000000000000011000000000000000000
000000010100010000000000000000000000000000000000000000000000000000000000000001000000000000000000000000000000000000000000000000000100100000000000000000
000001101111101000000000000000000001110000000000000000000000000000000000000000000000000000000000000000000000000000000000000000000100100000000000000000
000000100000101000000000000000000000000000000000000000000000000000000000000000000000000000000110000000000001100000000000000000000011000000000000000000
000000011010000000000000000000000000000000000000000000000000000001100000000000000000000000000110000000000001100000000000000000000000000000000000010100
000000001110000000000000000000000000000000000000000000000000000001100110000000000000011100000000000000000000000000000000000000000000000000100000000100
000000000110000000000000000000000000000000000000000000000000011000000110000000000000000000000000000000000000000000000000000000000000000001110000100100
000000010110000000000000000000000000000000000000000000000000011000000000000000000001000001000000000000000000000000000000000000000000000011011100011000
000000100110000000000000000011000000000000000000000000000000000000000000000000000001000001000000000000000000000000000000000000000000000111010010011000
000000111000000000000000000100100000000000000000000000000000000000000000000001100001000001000000000000000000000000000000000000000000000000010011110000
100000000000000000000000000011000000000000000000000000000000000000000000000010010000000000000000000000011000000000000000000000000000000000011011100011
110000000000000000000000000000000000000000000000000000000000000000000000000001010000011100000000000000011000000000000000000000011000000000011100000100
001000000000110000000000000000000000000000000000000000000000000000000000000000100000000000000000000000000000000000000000100000100100000011101100000000
001000100000001000000000000000000000000000000000000000000000000000000000000000000000000000000000000000000000000000011000010000100100000011011100000010
110011010000110011100000000000000000000000000000000000000000000000000000000000000000000000000000000000000000000000010000000000011000000000000000000001
000001101000101100100000000000000000000000000000000000000000000000000000000000000000000000000000000000000000000000110110000000000000000001101100000000
000000011100000011100000000000000000000000000000000000000000000000000000000000000000000000000000000000000000000000110110000000000000000001101100000000
000000000000000000000000000000000000000000000000000000000000000000000000000000000000000000000000000000000000000000000000000000000000000000010000000000
000000000000000000000000000000000000000000000000000000000000000000000000000000001100000000000000000000000000000000000000000000000000000000000000000000
000000000000000000000000000000000000000000000000000000000000000000000000000000001100000000000000000000000000000000000000000000000000000000000000000000
000000000000000000000000000000000000000000000000000000000000100000000000000000000000000000000000000000000000000000000000000000000000000000000000000000
000000000000000000000000000000011000101000000000000000000001010000000000000000100000100000000000000000000001100000000000000001100000000000000000000000
000000000000000000000000000000011001100100000000000000000001100000000000000001101101110000000000000111100010010000000000000001100000000000000000000000
100000110000000000000000000000001000001100000000000000000000000000000000000110001010111000000101000000001011101000000000000000000000000000000000000000
010000110000000000000000000000000111011100000000000000000000000000011000100110001111011100000001000000000110001100000000000000000000000000000000000001
010000000000000100000000000000000000110000000000000000000000000000011001010100010001011000011100000010000010001100000000000000000000000000000000000001
100000000000001110000000000000001111100000000000000000000000000000000000111100000000100000100100000000010100000000000000000000000000000000000000000000
000000000000011011001110000000001111100000000000000000000000000000000000011100000000000001101000000010110000000000000000001110000000000000000000000000
000000000000000001000001000000000001010000000000000000000000000000000000001000000000000000001000000101100000000000000000010111000000110000000000000000
000000000000000000001000000000000000000000000000000000000000000000000000000000000000000001110000000101100000000000000000011001100001001000000000000000
000000000000000001001000100001110101100000000000000000000000000000000000000000000000000001000000000010000000000000000000011001000000110000000000000000
000000000001100011100001100011100000100000000000000000000000000000000000000000000000000000000000000000000000000000000000001110000000000000000000000000
000000000000111011000001100110100110000000000000000000000000000000000000000000000000000000000000000000011100000000000000000100000000000000000000000000
000000000000011110000011101110011000000000000000000000000000000000000000000000000000000000000000000000010010000000000000000000000000000000000000000000
000000000000000100011011100111000000000000000001000000000000011100000000000000000000000000000000000000100110000000111111100000000000001100000000000000
000000000000000000001001100010110000000000000001000000110000000000000000000000000000000000000000000000110001100000100000100000000000001100000000000000
000000000000000000000101000001100000000000000001000001001000000001000000000000000000000000000000000000000010010000111101100000000000000000000000000000
000000000000000000000010000000000000000000000000000000110000000001000000000000000000000000000000000000000010010000000010000000011000000000000000000000
000000000000000000000000000000000000000000000000000000000000000001000000000000000000000000000000000000000010010000000000100000011000000011000000000000
001100000000000000000000000000000000000000000000000000000000000000000000000000000000000000000000000000110001100000001011100000000000000011000000000000
001010000000000000000000000000000000000000000000000000000000011100000000000000000000000000000000000000100110000000010111010000000000000000000000000000
000101000000000000000000011000000000000000000000000000000000000000000000000000000000000000000000000000010000000000100000100000000000000000000000000000
000010000000000000001100011000000110000000000000000000000000000000000000000000000000000000000000000000010100000000100011000000000000000000000001100000
000000000000000000001100000000000110000000000000000000000000000000000000000000000000000000000000000000001110000000100001000000000000000000000010010000
000000000000000000000000000000000000000000011000000000000000000000000000000000000000000000000110000100001000100000010010000000000000000000000010100000
000000000010000000000000000000000000000000011000000000000000000000000000000000000000000000000110000100010001100000001000000000000000000000000001000000
000000000010000000000000000000000000000000000000000000000000000000000000000000000000000000000000000010100101010000000000000000000000000000000000000000
000000000010000000000000000000000000000000000000000000000000000000000000000001000000000000000000101100010010100000000000000000000000000000000000000010
000000000000000000000000000000000000000000000000000000000000100000000000000001010000000000000001000000010010010000110000000000000000000000000000000101
000000000000000000000000000000000000000000000000000000000001010000000000000001100000000000000001101000010000100000110000000000000000000000000000000101
000000000000000000000000000000001110000000000000000000000001010000000000000000000000000000000111010000010001000000000000000000000000000000000000000010
000000000000000000000000000000000000000000000000000000000000100000000000000000000000000000000110000000001110000000000000000000000000000000000000000000
001100000010000000000000000000000000100000000000000000000000000000000000000000000000000000000000000000000000000000000000000000000000000000000001100000
010010000101000000000000000000000000100000000000000000000000000000000000000000000000000000000000000000000000000000000000000000000000000001000010010000
001100000100100000000110000000000000100000000000000000000000000000000000000000000000000000000000000000000000000000000000000000000000000010100001100000
000000000011000000000110000110000000000000000000000000000000000000000000000000000000000010000001100000000000000000000000000000000000000001100000000000
000000000000000000000000000110000000000000000000000000000000000000000000110000000000000010000001100000000000000000000000000000000000000000000000000010
000000000000000000000000000000000000000000000000000000000000000000000001010000000000000010000000000000000000000000000000000000000000001100000000000101
000000000000000000000000000000000000000000000000000000000000000000000001100000000000000000000000000000000000000000000000000000000000010100000000000101
000000000000000000000000000000000000000000000000000000000000000000000000000000000000000000000000000000011000000000000000000000000000001000000000000010
000000000000000000000000000000000000000000000000000000000000000000000000000000000000000000000000000000011000000000000000000000000000000000000000000000
000000000100000000000000000000000000000000000000000000000000000000000000000000000000000000000001100000000000000000000000000000000000000000000000000000
000000001010000000000000000000000000000000000000000000000000000000000000000000000000000000000001100011000000000000000000000000000000000000000000000000
000000001010000000000000000000000000000000000000000000000000001110000000000000000000000000000000000011000000000000000000000000000000000000000000000000
000000000100000000000000001100000000000000000000000000000000000000000000000000000000000000000000000000000000000000000000000000000000000111000000000000
000000000000000000000000001100000000000000000000000000000000100000100000000000000000000000000000000000000000000000000000000000000000000000000000000000
000000000000000000000000000000000000000000000000000000000001010001010000000000000000000000000000000000000000000000000000000000000000000000000000000000
000000000000000000000000000000000000000000000000000000000001010001010000000000000000000000000000011000000000000000000000000000000000000000000000000000
000000000001000000000000000000000011100000000000000000000000100000100000000000000000000000000000011000000000000000000000000000000000000000000000001100
000000000001000000000000000000000000000000000000000000000000000000000000000000000000000000000000000000000000000000000000000000000000000000000000001100
000000000001000000000000000000000000001000000000000000000000000000000000000000000000000000000000000000000000000000000000000000000000000000000000000000
000000000000000000000000000000011000001000000000000000000000000000000000000000000000000000000000000000000000000000000000000000000000000000000000000000
000000000000000110000000000000011000001000000000000000000000000000000000000000000000000000000000000000000100000000000000000000000000000000000000000000
000000000000001001000000000000000000000000000000000000000000000000000000000000000000000000000000000000000100000000000000000000000000000110000000000000
000000000000000110000000000000000011100000110000000000001010000000000011000000000000000000010000000000000100000000000000000000000000000110000000000000
000000000000000000000001100110000000000000110000000000001001000000000011000000000000000000101000000000000000000000000000000000000000000000000000000000
000000000000000000000001100110011000000000000000000000011011000000000000000000000000000001010000000000000000000000000000000000000000000000000000000000
000000000011000000000000000000011000001100000000000000001010100010000000000000000000000001100000000000000000010000000000000000000000000000000000000000
000000000101000000000000000000000000010010000000000000000101000011000000000000000000000000000000000000000000101000000000000000000000000000000000000000
000110000010000000000000000000000000001100000000000000000000000011100000000000000000000000000000000000000001001000000000000000000000000000001100000000
000110000000000000000000000000000000000000000000000000001110000000110000000000000000000000000000011000000000110000000000011000000000000000010010000000
000000000000000000000000000000000000000000000000000000001101000000000000000000000000000000000000100100000000000000000000011000000000000000010100000000
000000000000000000000000000000000000000000000000000000000010000100100000000000000000000000000000011000000000000000000000000000000000000000001000000000
000000000000000000000000000000000000000000000000000000110011000011000000000000000000000000000000000000000000000000000000000000000000000000000000000000
000000000000000000000000001100000000000000000000000000101001100101000000000000000000000000000000000000000000000000000000000000000000000000000000000000
000000000000000000000000001100000000000000000000000000111001100000000000000000000000000000000000000000000000000000000000000000000000000000000000000000
000000000000000000000111000000000000000000000000000000001000000000000000000000000000000000000000000000000000000000000000000000000000000000000000000000
000000000000000000000000000000000000000000000000000011000000000000000000000000000000000000000000000000000000000000000000000000000000000000000000000000
000000000000000000010000010000000000000000000000000100100000000000000000000000000000000000000000000000000000000000000000000000011000000011000000000000
000000000000000000010000010000000000000000000000000011000000000000000000000000000000000000000000000000000000000000000000000000100100000100100000000000
000000000000000000010000010000000000000000000000000000000000000000000000000000000000000000000000000000000000000000000000000000011000000011000000000000
000000000000000000000000000000000000000000000000000000000100000000000000000000000000000000000000000000000000000000000000000000000000000000000000000000
000000000000000000000000000000000000000000000000000000001010000000000000000000000000000000000000000000000000000000000000000000000000100000000000000000
000000000000000000000000000000000000000000000000000000001010000000000000000000000000000000000000110000000000000000000000000000000001010000000000000000
000000000000011100000000000000000000000000000000000000000100000000000000000000000000000000000000110000000000000000000000000000000001010000000000000000
000000000000000000000000000000000000000000000000000000000000000000000000000000000000000000000000000000000000000000000000000000000000100000000000000000
000000000001000001000000000000000000000001000000000000000000000000000000000000000000000000000000000000000000000000000000000000000000000000000000000000
000000000010100010100000000000000000000010100000000000000000000000000000000000000000000000000000000000000000000001110000000000000000000000000000000000
000000000010100010100000000000000000000010100000000000000000000000000000000000001100000000000000000000001000000001101100000000000000000000000000000000
000000000001000001000000000000000000000001000000000000000000000000000000000000001100000000000000000000111100000100000010000000000000000000010000000000
000000000000000000000000010000000000000000000000000000000000000000000000000000000000000000000000000001011110100110000010000000000000000000101000000000
000000000000000000000000010000000000000000000000000000000000000000000000000000000000000000000000000011000000010000000110000000000000000000101000000000
