001000000000000010001101100000
110000100101111000000000000001
001001010010011011000000011000
000001000000000000000000000000
000011000111110100011001000000
100000010000100101001110110011
100000010000001101000111111000
001101100000010100000011000000
000000000000111000000000000100
000000000000100111100000001010
000000000000101001100000001011
000000000000000001100000001001
000000000010001111110001101011
000001000100000010011000001010
001000100100011011001001110000
000000000011101101111000000000
000000000001000100000000000011
100111000000000011110011001100
000110000000000010000101001100
000000000000000001110010000100
100000000000000001110001110001
000010101010000000000000000011
000010001010000000000001100000
000000000010000000000001000100
000001000011100000000000010000
000000110101101110000000110000
000000110110111101100000000000
000000000000100100100110000000
000000000001100010000010000000
000000000100100000111101100000
