000000000000000000000110000000000000000000000000000000000000000000000000000000000000000000000000000000000000000000000000000000000000000000010100000000
000000000000000000001001000000000000000000000000000000000000000000000000110000000000000000000000001000000000000000000000000000000000000000110100000000
000000000000000000000110000000000000000000000000000000000000000000000000110000000000000000000000001000000000000000000000000000000000000000110001000000
000000000000000000000000000000000000000000000000000000000000000000000000000000000001100000000000001000000000000000000000000000000000000010011100110000
000000000000000000000000000000000000000000000000000000000000000000000000000000000001100000000000000000000000000000000000000000000000000001101000010000
000000000000000000000000000000000000000000000011100000000000000000000000000000000000000000000000000000000000000000000000000000000000000000000100010000
000000000110000000000000000000000000000000000000000001110000000001100000000000000000000000000000000000000001100000000000000000000000000000000101100000
000000001001000000000000000000000000110000000000000000000000000001100000110000000000000000000000000000000001100000000000000000000000000000000010000000
000000001001000000000000000000000000110000000000000000000000000000000000110000000000000000000000000000000000000000000000000000000000000000000000000000
000000000110000000000000000000000000000000000000000000000000000000000000000000000000000000000000000000000000000000000000000000000000000000000000000011
000000000000000000000000000000000000000000000000000000000000000000000000000000000000000000000000000000000000000100000000000000000000000000000000000011
000000000000000000000000000000000000000000000000000000000000000000000000000000000000000000000000000000000000001110000000000000000001000010000000000000
000000000000000000000000000000000000000000000000000000000000000000000000110000000000000000000000110000000000011011000000000000000010100010000000000000
000000000000000000000000000000000000000000000000000000000000000000000000110000000000000000000000110000000000111011100000000000000100011100000000000000
000000000000000000000000000000000000000000000000000000000000000000000000000000000000000000000000000000000000011011000000000000000100011000111000000000
000000000000000000000000000000000000000000000000000000000000000000000000000000000000000000000000000000000000001110000000000000000100011001000000000000
110000000000000000000000000000000000000000000000000000000000000000000000000000000000000000000000000000000000000100000000000000000010010000101000000000
110000000000000000000000000000000000000000000000000000000000000000000001100000000000000000000000000000000000000000000000000000000000100000100000000000
000001000000000000000000000000000000000000000000000000000011000000000111100000000000000000000000000000000000000000000000000000000000110000000000000000
000001000000000000000000000000000000000000000000000000000011000000001110000000000000000000000000000000000000000000000000000000000000001101100000000000
000110001010000000000000000000000000000000000000000000000000000000000100000000000000000000000000000000000000000000000000000000000010000110101000000000
000110001010000000000000000000000000000000000000000000000000000000001110000000000000100000000000000000000000010000000000000000000101000000001000000000
000100000101100000000000000000000000000010000000000000000000000000010110000000000000100000000000000000000000111000000000000000000010000000100000000001
100000000001010000000000000000000000000101000100000000000000000000011100000000000000100000000000000000000001100100000000000000000000000001110000000110
110000000010010000000000000000000000000001101010000000000000010000010000000011000000000000000000000000000011100000000000000000000000000000110011000100
110000000010010000000000000000000000001100001001000000000001111000000000000110100000000000000000000000000001100000000000000000000000000000000011100110
000000000011100000000000000000000000000000000110000000000011111100000000000010110000000000000000000000000000100000000000000000000000000000000000100000
000000000000000000000000000000000000000000000000000000000110000110000000000001001000000000000000000000000000000000000100000000000000000000000110100000
000000000000000000100000000000000000000000000000000000000011000000000001100000101000000000000000000000000000001101001100000000000000000000000010000000
000000000000000001110000000000000001000001100000000000000001100101000000000000010000000000000000000000000000000101000100010000000000000000000000000000
000001101100011111011000000000000000100010100000000000000000101111000001110000000000000000000000000000000000000001000000101000000000110000000000000000
000001101100011101110000000000000000110010110000000000000000001100100000000110000000000000000000000000000000000001100000101000000000110000000000000000
000000000000000000100000000000001110100100100000000000000000000001100011110001000000000000000000000000000000000001100000010000000000000000000000000000
000000000000000000000000000000000011000111000000000000000000000001100000001110000000000011000000000000000000000010010000000000000000000000000000000000
000000000000000000000000000000000010000010000000000000000000000000011111000100000000000011000000000000000110000001010000000000000011110000000000000000
000000000000000000000000000000000000000000000000000000000000000000011110000000000000000000000000000000000101000000100000000011000100001000000000000000
000000000000011000000000000000000000000000000000000000000000000000001000000000000000000000000000000000000010000000000000000010100110110000000000000000
000000000000011000000000000000000000000000000000000000000000000000000000000000000000000000000000000000000000000000000000000001000111110000001000000000
000000000000000000000000000000000000000000000000000000000000000000000000000000000000000000000000000000000000000000000000000000000000001000001000000000
000000010000000000000000000000000000000000000000000000000000000000000000000000000000000000000000000000000000000000000000000000000011001000000100000000
000000010000000000000000000000000000000000000000000000000000000000000001000000000000000000000000000000000000000000000000000000000001100000001000010000
000000010000000000000000000000000000000000000000000000000000000000000001000000000000000000000000000000000000000000000000000000000000111000001001101100
000000000000000000000000000000000000000000000000000000000000000000000001000000000000000000000000000000000000000000000000000000000000011000000000000000
000000000000000000000000000000000000000000000000000000000000000000000000000000000000000010000000000000000000000000000000000000000000000000000001000110
000000000000000000000000000000000000000000000000000000000000000000000000000000000000000101000000000000000000000000000000000000000000000000000000110001
100000000000000000000000000000000000000000000000000000000000000000000000000000000000000011000000000000000000000000000000000000000000000000000000011110
100000000000000000000000000000000000000110000000000000000000000000000000000000000000000000000000000001000000000000000000000000000000000000000000011010
100000000000000000000000000000000000000110000000000000000000000000000000000000000000000000000110000010100000000011110000000000000000000000000000000111
000000000000001000000000000000000000000000000000000000000000000000000000000000000000000000000110000010100000000100001000000000000000000000000000000011
000000000000001000000000000000000000000000000000000000000000000000000011000000000000000000000000000001000000000100010000000000000000000000000000000000
000000000000001000000000000000000000000000000000000000000000000000000111110000000000000000000000000000000000000010000000000000011000000000000000000000
000000000000000000000000000000000000000000000000000000000000000100001000111110000000000000000000110000000000000000000000000000010100000000000000000000
000000000000000000000000000000000000000000000000000000000000000100110100010111000000000000000001001000000000000000000000000000100110000000000000000000
000000000000000000000000000000000000000000000000001100000000000100110000010001000000000000000000110000000000000000000000001100000111000000000000000000
000000000000000000000000000000000000000000000000001100000000000000111000111000000000000000000000000000000000000000000000001010000000000000000000000000
000000000000000000000000000000000000000000000000000000000000000000000000101000000000000000000000000001000000000000000000000000000000000000000000000000
000110000000000000000000000000000000000000000000000000000000000000000000000000000000000000000000000010100000000000000000000100000000000000000000000000
001001000000000000000000000000010000000000000000000000000000000000000011100000000000000000000000000010100000000000000100000011001000000000000000000000
000110000000000000000001100000101000000001100000000000000000000000000111000000000000000000000000000001000000000000001010001100010000000000000000000000
000000000000000000000100110000100100000010010000000000000000000000000100010000000000000000000000000000000000000000000100110110001000000000000000000000
000000000000001000000100011000011000000001100000000000000000000000000011100000000000000000000000000000000000000000000110011110110000000000000000000000
000000000000001110001100001100000000000000000000001110000000000000000001000000000000000000000000000000000000000000000110000111011000000000000000000000
000000000000010111000101000000000000000000000000000010000011000000000000000000001100000010000000000000000000000000000010000011011000000000000000000000
000000000000000001100011000000000000000000000000000100000011000001010000000000010010000101000000000000000000000010001110000011011000000000000000000000
000000000000000000000001100000000000000000000000000000000000000000100000000000010010000101000010000000000000000011001110000000000000000000000000000000
000011100000000000000000000000000000001000000000000000000000000000000000000000010010000010000101100000000000000010001110000011011000000000000000000000
000100100111000000000001010011000000010100000000000000000000000000000000000000011100000000001000000000000000000000000010000011011000000000000000000000
001000101000100000000110011110100000010100000000000000000000000000000000000000100000000000101100010000000000000000000110000111011000000000000000000000
000101000000110000000100011101110000001000000000000000000000000000000000000000110110000001100100000000000000000000000110011110110000000000000000000000
000010011011000000001011001110010000000000000000000011000000000000000000000000001000000010011000110000000000000000000100110110001000000000000000000000
110000011011000000000100001100000100000000000000000011000000001100000000000000000100010011010101000001000000000000001010001100010000000000000000000000
100011010000110000000010000101110110000000000000000000000000010010000000000001100000000010010110000001000000000000000100000011001000000000000000000001
010110101100000001001101000000000100000000000000000000011000001100000000000010010000000000011100000110001100011100000000000100000000000000000000000000
000010010010001101010001001000111100000000000000000000011000000000000000000000100000010110000000001100011000000000000000000000000000000000000000000000
000011000000001101000000000000001000000000000000000000000000000000000000000000000000000110111000011000011000000000000000001010000000000000000000000000
000010010010101000110000001000100000000000000000000000000000000000000000000000000000001110110000001100010000000000000000001100000111000000000000000000
100001000011110000000100101000100000000000000000000000000000000000000000000000000000000110000000000000000000000000000000000000100110000000000000000000
100001001110000000000100001110000000000110000000000000000000000000000000011000000000000100000000000000000000000000000000000000010100000000000000000001
000000011000001100000011001100000000000110000000000000000000000000000000011000000000110010000000000000000000000000000000000000011000000000000000000000
000000000000011100000000000110000000000000000000000000000000000000000000000000000000001011100000000000000000000000000000000000000000000000000000000110
100000000000100011000000001010000000000000000000000000000000000000000000000000000000000011000010000000000000000000000000000000000000000000000000000101
100000000001111011010000001000000000000000000000000000000000000000000000000000000000000010000010000000000000000000000000000000000000000000000000000101
000000000001101000010000000000000000000000000000000000000000000000000000000000000000000000000010000000000000000000010000000000000011000000000000000011
000000000000100000010000000000000000000000000000000000000000000000000000000000000010000000000000000000000000000000101000000000000011000000000110000000
000000000001100000001000000000000000000000000000000000000000000000000000000000000111000000111000111000000000000000110000000000000000000000001010000000
000000000001100000011000000000000000000000000000000000000000000000000000000000001000100000000000100000000000000000000000000000000000000000000100000000
001100000000000000000000000000000000000000000000000000000000000000000000000000011000010000000011100000000000000000000000000000000000000000000000000000
001100000001111100000000000000000000000000000000000000000000000111000000000000011001100000000011000000000000000000000000000000000001000000000000000000
000000000001110000000000000000000000000000000000000000000000000000000000000000111001100000000000100000011000000000000000000000000001000000000000000000
000000000000000000000000000000100000000000000000000000000000010000000000000000000000000000000010100000111000000000000000000000000001000000000000000000
000000000000000000000000000001100010000000000000000000000000010000000000000000000000000000000010000001000110000000000000000000000000000000001100000000
000000000000000000000000000000000011000000000000000000000000010000000000000000000000000000000001100001010110000100000000000000000000000000001100000000
000000000000000000000000000000000001100000000000000000000000000000000011000000000000000000000000000011010100000100000000000000000000000000000000000000
000000000000000000000000000000001101000000000000000000000000000111000011000000000000000000000000001110000110000100000000000000000000000000000000000000
000000000000000000000000001000000000000000000000000000000000000000000000000000000000000000000000001011000000000000000000000000000000110000000000000000
010000000000000000000000010100000000000000000000000000000000000000000000000000000000000000000000010010000000000000000000000000000000110000000000000000
101000000000000000000000100010010010000000000000000000000000000000110000000000000000000000000000010100000000000000000000000000000000000000000000000000
101000000000000000000000010110010100000000000000000000000000000000110000000000000000000000000000001000010100000000000000000000000000000000000000000000
010000000000000000000000001000001000000000000011100000000000000000000000000000000000000000000000000000011000000000000000000000000000000000000000000000
000000000000010000000110010110000000000000000000100000000110110000000000000000000000000000000000000000000000000000000000000000000000000000000000000000
000000010000101000000110100011000000000000000111110000000110110000000000000000000000000000000000000000000000000000000000000000000000000000000000000000
000000010001001000000000100001000000000010001101100000000000000000000000000000000000000000000000000000000000000000000000000000000000000000000000000000
000000010000110000000111000000000000000010000101100000000000000000011000000000000000000000000000000000000000000000001000000000000000000000000000000000
000000000000000000000100000100000000000010000011000000000000000000100100000000000000000000000000000000000000000000010100000000000000000000000000000000
000000000000000000000011101000000000000000000000000000000000000000011000000000000000000000000000000000000000000000100100000000000000000000000000000000
000000000000000000000001000000000000000000000000000011000000000000000000000000000000000000000000000000000000000000011000000000000000001100000000000000
000000000000000000000000000000000000000100000011000011000000000000000000000000000000000000000000000000000000000000000000000000000000010100000000000000
000000000000000000000000000000000000001010000001100000000000000000000000000000000000000000000000000000000000000000000000000000000000001000000000000000
000000000000000000000000000000000000000000000000110000000000000000000000000100000000000000000000000000000000000000000000000000000000000000000000000000
000000000000000010000000000000000000000011011010100000000000000000000000000101000000000000000000000000000000000000000000000000000000000000000000000000
000000000000000101000000000000000000000000001000100000000000000000000001100000100000000000000000000000000000000000000000000000000000000000000000000000
000000000000001001000000000000000000000000001001000000000000000000000011100001000000100000000000000000000000000000000000000000000000000000000000000000
000000000000000110000000000000000000000000010010000000000000000000000000000110000001010000000000000000000000000000000000000000000000000111000000001100
000000000000000000000000000000000000000000001100000000000000000000000000000100000010010000000000000000000000000000000000000000000000000000000000001100
000000000000000000000000000000000000000000000000000010000000000001000000000000000001100000000000000000000000000000000000000000000000000000000000000000
000000000000000000000000000000000000000000000000000111000000000001000000000000000000000000000000000000000000000000000000000000000000000000000000000000
000000000000000000000000000000000000000000000000001111100000000000000000000000000000000000000000000000000000000000000000000000000000000000000000001100
000000000000000000000000000000000000000000000000011000110000000000000000000000000000000000000000000000000000000000000000000000000000000000000000001100
000000000000000000000000000000000000000001100000001111100000000000000000000000000000000000000000000000000000000000000000000000000000000000000000000000
000000000000000000000000000000000000000000110000000111000000000000000000000000000000000000000000000000000000000000000000000000000000000000000000000000
000000000000000000000000000000000000000001000000000010000000000011111000000000000000100000000000000000000000000000000000000000000000000000000000000000
000000000000000000000000000000000000000000000000000000001010000010000101100000000001010000000000000000000000000000000000000000000000000110000000000000
000000000011000001100000000000000000000000000000000000011000000011000101000000000001010000000000000000000000000000000000000000000000000110000000000000
000000000011000001100000000000000000000000000000000000011001000000100001100000000000100000000000000000000000000000000000000000000000000000000000000000
000000000000000000000000000000000000000000000000000000011011000000100000000000000000000000000000000000000000000000000000000000000000000000000000000000
000000000000000000000000000000000000000000000000000000000010100000000000000000000000000000000000000000000000010000000000000000000000000000000000000000
000000000000000000000000000000000000000000000000000000000010110011100000000000000000000000000000000000000000101000000000000000000000000000000000000000
000000000000000000000000000000000000000000000000000000000110100001011011100000000000000000000000000000000001001000000000000000000000000000001100000000
000000000000000000000000000000000000000000000000000000000100100000111001101110000000000000000000000000000000110000000000011000000000000000010010000000
000000000000000000000000000000000000000000000000000000000001000000010000001000000000000000000000000000000000000000000000011000000000000000010100000000
000000000000000000000000000000000000000000000000000000000101000000000000101000100000000000000000000000000000000000000000000000000000000000001000000000
000000000000000000000000000000000000000000000000000000000110000000000000000000000000000000000000000000000000000000000000000000000000000000000000000000
000001110000000000000000000000000000000000000000000000000000000000000001011001100000000000000000000000000000000000000000000000000000000000000000000000
000100010000000000000000000000000000000000000000000000000000000000110000110110100000000000000000000000000000000000000000000000000000000000000000000000
000100010000000000000000000000000000001100000000011000000000000000110001000100010000000000000000000000000000000000000000000000000000000000000000000000
001000000000000000001100000000000000001100000000011000000000001100110000010101001000000000000000000000000000000000000000000000000000000000000000000000
000000110000000000001100000000000000000000000000000000011000001100001011000100000000000000000000000000000000000000000000000000011000000011000000000000
000100000000000000000000000000000000000000000000000000100100000000000100001100000000000000000000000000000000000000000000000000100100000100100000000100
000100001000000000000000000000000000000000000000000000011000000000000001000100110000000000000000000000000000000000000000000000011000000011000000001010
000100000000000000000000000000000000000000000000000000000000000000000100100011100000000000000000000000000000000000000000000000000000000000000000001010
000001000000000000000000000000000000000000000000000000000000000000000011000001000000000000000000000000000000000000000000000000000000100000000000000100
000000000000000000000000000000000000000000000000000000000000000000000001000000000000000000000000110000000000000000000000000000000001010000000000000000
000000000000000000000000000000000000000000000000000000000000000000000000000001100000000000000000110000000000000000000000000000000001010000000000000000
000000000000000000000000000000000000000000000000000000000000000000000000000001011000000000000000000000000000000000000000000000000000100000000000000000
000000000000000000001100011000000000000000000000000000000000000000000000000000011000000000000000000000000000000000000000000000000000000000000000000000
000000000000000000010010011000000000000000000000000000000000000000000000000001011000000000000000000000000000000000000000000000000000000000000000000000
000000000000000000010100000000000000000000000000100000000000000000000000000001100000000000000000000000000000000000000000000000000000000000000000000000
000000000000000000001000000000000000000000000001010000000000000000000000000000000000000000000000000000000000000000000000000000000000000000000000000000
000000000000000000000000000000000000000000000001010000000000000000000000000000000000000000000000000000000000000000000000000000000000000000000000000000
000000000000000000000000000000000000000000000000100000000000000000000000000000000000000000000000000000000000000000000000000000000000000000001000000000
