000000000000000000000000000000000000000000000000000000000000000000000000000000000000000000000000000000000000000000000000000000000000000000010000000000
000000000000000000000000000000000000000000000110000000000000000000000000000000000000000000000000000000000000000000000000000000000000011100000000000000
000000000000000000000000000000000000000000000110000000000000000000000000000000000000000000000000011100000000000000000000000000000000000000000000000000
000000000000000000000000000000000000000000000000000000000000000000000000000000000000000000000000000000000000000000000011000000000000000000000000000000
000000000000000000000000000000000000000000000000000000000000000000000000000000000000000000000000000000000000000000000100100000111000000000000000000000
000000000000000000000000000000000000000000000000000000000000000000000000000000000000000000000000000000000000000000000010100000000000000000000000000000
000000000110000000000000000000000000000000000000000000000000000001100000000000000000000000000000000000000000000000000001000000000000000000000000000000
000000001001000000000000000000110000000000000000000000000000000001100000000000000000000000000000000000000000000000000000000000000000000000000000000000
000000001001000000000000000000110000000000000000000000000000000000000000000000000000000000000000000000000000000000000000000000000000000000000000000000
000000000110000000000000000000000000110000000000000000000000000000000000000000000000000000000000000000000000000000000000000000000000000000000000000000
000000000000000000000000000000000000110000000000011000000000000000000000000000000000000000000000000000000000000000000000000000000000000000000000000000
000000000000000000000000000000000000000000000000011000000000000000000000000000000000000000000000000000000000000000000000000000000000000000000000000000
000000000000000000000000000000000000000000000000000000000000000000000000000000000000000000000000000000000000000000000000000001110000000000000000000000
000000000000000000000000000000000000000000000000000000000000000000000000000000000000000000000001000000000000000000000000000000000000000000000000000000
000000000000000000000000000000000000000100000000000000000000000000000000000000000000000000000010100000000000000001100000000000000000000000000000000000
000000000000000000000000000000000000001010000000000000000000000000000000000000000000000000000010100000000000000001100000000000000000000000000000000000
000000000000000000000000000000000000001010000000000000000000000000000000000000000000000000000001000000000000000000000000000000000000000000000000000000
000000000000000000000000000000000000000100000000000000000000000000000000000000000000000000000000000000000000000000000000000000000000000000000000000000
000000000000000000000000000000000000000000000000000000000000000000000000000000000000000000110000000000000000000000000000000000000000000000000000000000
000000000000000000000000000000000011000000011000000000000000000000001000000000000000000001001000000000000000000000000000000000000000000000000000000000
000000000000000000000000000000000100100000100100000000000000000000010100000000000000000000110000000000000000000000000000000000000000000000000000000000
000000000000000011000000000000000011000000011000000000000000000000001000000000000000000000000000000000000000000000000000000000000000000000000000000000
000000000000000011000000000000000000000000000000000000000000000000000000000000000000000000000001000000000000000000000000001100000011000000000000000000
000000000000000000000000000000000000000100000000000000000000000000000000000001000000000000000010100000000000000111110000000100000011000000000000000000
000000000000000000000000000000000000001010000000000000000000000000000000000010100000000000000010100000000000000001001000000000000000000000000000000000
000000000000000000000000000000000000001010000000000000000000000000000000000010010000000000000001000000000000100000011000000000000000000000000000000000
000000000000000000000000000000000000000100000000000000000000000000000000000001100000000000000000000000000001000010000000000000000000000011100000000000
000000000000000000000000000000000000000000000000000000000000000000000000000000000000000000000000000000000000101100000000011100000000000000000000000000
000000000000000000000000000000000000000000000000000000000000000011000000000000000000000000000000000000000000001000000000000000000000001000001000000000
000000000000000000000000000000000000000000000000000000000000000011000000000000000000000000000000000000000000000000000000001000000000001000001000000000
000000000001000000000000000000000000000000000000000000000000000000000000000000000000000000000000000000000000000000000000001100000000001000001000000000
000000000001100000000000000000000010000000000000000000000000000000000000000000000000000000000000000000000000000000000000001010000000000000000000000000
000000001100001000000000000000000010000000000000001110000000000000000000000000000000000000000000000000000000000000000000000100000000000011100000000000
000000011000000100000000000000000010000000000000000000000000000000000000000000000000000011000000000000000000000000000000000000000000000000000000000000
000000001001000000000000000000000000000000000000000000011000000000000000000000000000000011000000000000000000000000000000000000000000000000000000000000
000000000000000010000000000000000000000000000000000000100100000000000000000000000000000000000000000000000000000000000000000000000000000000000000000000
000000000110000000000000000000000000011000000000000000011000000000000000000000000000000000000000000000000000000000000000000000000000000000000000000000
000000000010000000000000000000000000011000000000000000000000000000000000000000000000000000000000000000000000000000000000000000000000000000000000000000
000000000010001000000000000000000000000000000000000000000000000000000000000000000000000000000000000000000000000000000000000000100000000000000000001011
000000000010010000000000000000000000000000000000000000000000000000000000000000011100000000000000000000000000000000000000000001010000000000000001110001
110000000001100000000000000000000000000000000000000000000000000000000000000000001110000000000000000000000000000000000000000011011000000000000001100010
000000000000000000000000000000000000000000000000000000000000000000000000000000000000000000000000000000100000000000000000000000100000000000000001110011
000000000000000000000000000000000000000000000000000110000000000000000000000000000000000000000000000001010000000000000000000000000000000000000000100000
000000000000000000000000000000000000000000000000001001000000000000000000000000000000000010000000000011011000000000011001000000000000000000000001110000
000000000000000000000000000000000000000000000000001010000000000000000000000000000000000101000000000000111000000000010011000000001000000000000001111000
000000000000000000000000000000000000000000000000000100000000000000000000000000000000000011000000000001110000000000010000000010100100000000000000001000
000000000000000000000000000000000000000000000000000000000000000000000000000000000000000000000000000110000000000000001110000010000000000000000000110000
000000000000000000000000000000001110000001100000000000000000000000000000000000000000000000000000001000001000000000000000000010000100000000000000100000
000000000000000000000000000000000000000001100000000000000000000000000000000011100000000000000000001000011000000000000000000000101000000000000000000000
000000000000000000000000000000000000100000000000000000000000000000000000000000000000000000000000000010001000000000000000000000010000000000000000000000
000000000001000000000000000000100000100000000000000000000000000000000000000000000000000000000000000100000000000001100000000000000000000000000000000000
000000000010100000000000000001110000100000000000000000000000000000000000000000000000000000000110000000000001100001100000000000000000000000000000000000
000000000100110000000000000001110000000000000000000000000000000001100000000000000000000000000110000000000001100000000000000000000000000000000000000000
000000011010100000000000000000000000000000000000000000000000000001100110000000000000000000000000000000000000000000000000000000000000000000000000000000
000000011000000000000000000000000000000000000000000000000000011000000110000000000000000000000000000000000000000000000000000000000000000000000000000000
000000001101100000000000000011100000000000000000000000000000011000000000000000000000000000000000000000000000000000000000000000000000000000000000000000
000000000101100000000000000011100000000000000000000000000000000000000000000000000000000000000000000110000000000000000000000000000000000000000000000000
000000000001100000000000000001000000000000000000000000000000000000000000000001100000000000000000000110000000000000000011000000000000000000000000000000
000000001110000110000000000000000000000000000000000000000000000000000000000010010000000000000000000000000000000000000100100000000000000000000000000000
000000011100000110000000000000000000000000000000000000000000000000000000000001010000000000000000000000000000000000000011000000000000000000000000000000
000000000100000000000000000000000000000000000000000000000000000000000000000000100000000000000000001000000000000000000000000000000000000000000000000000
000000011000000000000000000000000000000000000000000000000000000000000000000000000000000000000000011100000000000100000000000000000000000000000000000000
000000000000000000000000000000000000000000000000000000000000000000000000000000000000000000000000101111000000011110011000000000000000000000000000010000
000000000010000000000000000000000000000000000000000000000000000000000000000000000000000000000001110010100000110001011000000000000000000000000000101000
000000000101000000000000000000000000000000000000000000000000000000000000000000000000000000000000101100000001000110000000000000000000000000000000010000
000000010001000000000000000000000000000000000000000000000000000000000000000000000000000000000000011110010000111100000000000000000000000000000000000000
000000001000000000000000000000000000000000000000000000110000000000000000110000000000000010000000001111110000010000000001100000000000000000000000000000
000000001100000000000000000000000000000000000000000000110000000000000000110000000010000101000000000000011000000000000010010000000000000000000000000000
000000000000000000000110000000000000011100000000000000000000100000000000000000000101000101000000000000000000000000000001100000000000000000000000000111
100000000000000000000100001110000000011000000000000000000001010000000000000000000011000010001100000000000000000000000000000000000000000000000000000011
000000000000000000000100000010000000001111000000000000000001100000000000000000000000000000010010000000000000000000010000000000000000000000000000000000
000000000000000010000000001100001100000011000011111000000000000000000000000000000000000000001100000000000000000000101000000000100000000000000000000000
000000000000000011000001001000001100000000000111100100000000000000011000011000000000000000000000000000000000000000101000000001000100001000000000000000
000000000000000000000000100000010000000000001000110000000000000000011000101000000000000000000000000000000000000000010000000001100100010100000000000000
000000000000000000000000000000001100000000010101000000000000000000000000001000000000000000000000000000000000000000000000110000001100100100000000000001
100000000000001100000000000000000000000000011000100000000000000000000000000000000000000000000000000000000000000000000000110000000000011000000000000010
100000000000001110000010000000000000000000110000100000000000000000000000000000000000000000000000000000000000000010000000000000010000000000000000000100
000000000000010010000101000000000000000000000000000000000001100000000000000000000000000000000000000000000000000010000000000000010000000000000000000011
000000000000000010001101000000000000000000000000000000000001100000000000000000000000000000001110000000000000000010000000000000000000000000000000000000
000000000000000100111010000000000000000000000000000000000000000000000000000000000000000000000000000000000000000000000000000000000000000000000000000000
000000000000000000001000000000000000000000000000000000000000000000000000000000000000000000000000000000000000000000000000000000000000000000000000000000
000000000000000000100000000000000000000000010000000000000000000000000000000000000000000001100111111000000000000000000000000000000000000000000000000000
000000000000000000000000000000010000000000101100000000000000000000000000000000001110000000101000110000100000000000000000000000000000000000000000000000
000000000000001000000000000000101000000000101100000000000000000000000000000000000000000000000000100001010000000000000000000000000000000000000000000000
000000000000010100000000000000101000000000000011000000011100000000000000000000000000000000001010000000101000000000000000000110000000000000000000000000
000000000000100100000000000000010000011100011011001110000000000000000000000000000000000000000000000000011000000000000000000101000000000000000000000000
000000000000011000000000000000000000010100011000001101000001000000000000111011000000000000000000000000000000000000000000000010000000000011000000000000
000000000000000000000000000000000000110010000000001001000001000000000110000100100000000001100000000000000000000000010000000000000000000011000000000000
000000000000000000000000000000000000100110000101111010000001000000000000010100100000000010000000000000000000000000101000000000000000000000000000000000
000000000000000011000000000000000000110110000101110100000000000000000000010011000000000100000000000000010000000000101000000000000000000000000000000000
000000000000000100100000000000000000010010000011010000011100000000000100100000000000000010100000000001111000000000010000000000000000000000000000000000
000000000000000011000000000000000000000001000001100000000000000000000001000000000000000001000000000010001100000000000000000000000000000000000000000000
000000000000000000000000000000000000010001000000000000000000000000111000000000000000000000000110000011000110000000000000000000000000000000000000000000
100000000000000000000000000000000000100000100000000000000000000000000100000100000000000000000110000100011010000000000000000000000000000000000000000001
110000000111000000000000000001100000010001000000000000000000000000101000001010000000000000000000001110100010000000000000000000000000000000000000000000
100000000000000000000000000001100000010001000000000000000000000000010000001010000000000000000000001110011100011000000000000000000000000000000000000011
000000000000000000000000000000000000000100000000000000000000100000000000001000000000000000000000000010000000101100000000000000000000000000000011000011
000000000000000000000000000000000000000000000000000000000001010000000000001100000000000000000000000000000001100000000000000000000000000000001100010010
000000000000000000000000000000000000000000000000000000000001010000000110000000000000000000000000000000000000101000000000000000000000000000001101110000
000000000000000000000000000000000000000000000000000000000000100000001001000000000000000000000000000000000000010000000000000000000000000000000111100000
000000000010000000000000000000000000000000000000000000000000000000000110000000000000000000000000000000000000000000000000000000000000000000000000000000
000000000101000000000000000000000000000000000000000000000000000000000000000010000000000000000000000000000000000000000000000000000000000001000000000000
000000000100100000000110000000000000000000000000000000000000000000000000001101100000000000000000000000000000000000001000000000000000000010100000000000
000000000011000000000110000110000000000000000000000000000000000000000011001101100000000000000000000000000000000000010100000000000000000001100000000000
000000000000000000000000000110000000000000000000000000000000000000000100100000000000000000000000000000000000000000100100000000000000000000000000000000
000000000000000000000000000000000000000000000000000000000000000000000011000000000000000000000000000000000000000000011000000000000000001100000000000000
000000000000000000000000000000000000000000000000000000000000000001100000000000000000000000000010000000000000000000000000000000000000010100000000000000
000000000000000000000000000000000000000000000000000000000000000000010000000000000000000000000110000000000000000000000000000000000000001000000000000000
000000000000000000000000000000000000000000000000000000000000000100000000000000000000000000001111000000000000000000000000000000000000000000000000000000
000000000100000000000000000000000000000000000000000000000000001100000000000000000000000000010000100000000000000000000000000000000000000000000000000000
000000001010000000000000000000000000000000000000000000000000000101100000000000000000000000110010100000000000000000000000000000000000000000000000000000
000000001010000000000000000000000000001100000000000000000000000000000000000000000000000001110100100000000000000000000000000000000000000010000000000000
000000000100000000000000001100000000001100000000000000000000000000000000000000000000000000110011000000000000000000000000000000000000000010000000000000
000000000000000000000000001100000000000000000000000000000000000000000000001110000000000000010000000000000000000000000000000000000000000010000000000000
000000000000000000000000000000000000000000000000000000000000000000001100010000000000000000000000000011100000000000000000000000000000000000000000000000
000000000000000000000000000000000001000000000000000000110000000000010100110110000000000000000000000000100000000000000000000000000000000000000000000000
000000000000000000000000000000000001000000000000000000110000000000010100110000000000000000000000110101100000000000000000000000000000000000000000001100
000000000011100000000000000000000001000000000000000000000000000000001000000000000000000000000000110110000000000000000000000000000000000000000000001100
000000000000000000000000000000000000000000000000000000000000000000000000000000000000000000000000100010000000000000000000000000000000000000000000000000
000000000000000000000000000000011000011100000000000000000000000000000000000000000000000000000000011100000000000000000000000000000000000000000000000000
000000000000000110000000000000011000000000000000000000000000000000000000000000110000000000000000000010000000000000000000000000000000000000000000000000
000000000000001001000000000000000001000000000000000000000000000000000001100000110000011100000000000010000000000000000000000000000000000110000000000000
000000000000000110000000000000000001000000110000000000000000000000000001100000000000000000000011000010000000000000000000000000000000000110000000000000
000000000000000000000001100110000001000000110000000000000000000000000000000000000000000011000011001100000000000000000000000000000000000000000000000000
000000000000000000000001100110011000000000000000000000000000000000000000000000000000100001000000000000000000000000000000000000000000000000000000000000
000000000011000000000000000000011000001100000000000000000000000001100000000011000000000001000000000000000000010000000000000000000000000000000000000000
000000000101000000000000000000000000010010000000000000000000000010010000000011000000010010000000000000000000101000000000000000000000000000000000000000
000110000010000000000000000000000000001100000000000000000000011000000000000000000000001000000000001000000001001000000000000000000000000000001100000000
000110000000000000000000000000000000000000000000000000000001101100000100000000000000000000000000000000000000110000000000011000000000000000010010000000
000000000000000000000000000000000000000000000000000000000000010111111000000000000000000000000000010000000000000000000000011000000000000000010100000000
000000000000000000000000000000000000000000000000000000000000000000000000000000000000000000000000010000000000000000000000000000000000000000001000000000
000000000000000000000000000000000000000000000000000001110000000011010000000000000000000000000000000000000000000000000000000000000000000000000000000000
000000000000000000000000001100000000000000000000000000000000000100010000000000000000000000000000000000000000000000000000000000000000000000000000000000
000000000000000000000010001100000000000000000000000100000100001000100000000000000000000000000000000000000000000000000000000000000000000000000000000000
000000000000000000000010000000000000000000000000000100000100000100000000000000000000000000000000000000000000000000000000000000000000000000000000000000
000000000000000000000010000000000000000000000000000100000100000010000000000000000000000000000000000000000000000000000000000000000000000000000000000000
000000000000000000000000000000000000000000000000000000000000000000000000000000000000000000000000000000000000000000000000000000011000000011000000000000
000000000000000000111000111000000000000000000000000001110000000000000000000000000000000000000000000000000000000000000000000000100100000100100000000000
000000000000000000000000000000000000000000000000000000000000000000000000000000000000000000000000000000000000000000000000000000011000000011000000000000
000000000000000000000000000000000000000000000000000000000000000000000000000000000000000000000000000000000000000000000000000000000000000000000000000000
000000000000000000000000000000000000000000000000000000000000000000000000000000000000000000000000000000000000000000000000000000000000100000000000000000
000000000000001000000000000000000000000000000000000000000000000000000000000000000000000000000000110000000000000000000000000000000001010000000000000000
000000000000001000000000000000000000000000000000000000000000000000000000000000000000000000000000110000000000000000000000000000000001010000000000000000
000000000000001000000000000000000000000000000000000000000000000000000000000000000000000000000000000000000000000000000000000000000000100000000000000000
000000000001000001000000000000000000000001000000000000000000000000000000000000000000000000000000000000000000000000000000000000000000000000000000000000
000000000010100010100000000000000000000010100000000000000000000000000000000000000000000000000000000000000000000000000000000000000000000000000000000000
000000000010100010100000000000000000000010100000000000000000000000000000000000001100000000000000000000000000000000000000000000000000000000000000000000
000000000001000001000000000000000000000001000000000000000000000000000000000000001100000000000000000000000000000000000000000000000000000000010000000000
000000000000000000000000000000000000000000000000000000000000000000000000000000000000000000000000000000000000000000000000000000000000000000101000000000
000000000000000000000000111000000000000000000000000000000000000000000000000000000000000000000000000000000000000000000000000000000000000000101000000000
