00000000000010110000000000000000000000111001000000
00000000000010100000000000000000000000001010000000
00011000000001000000000000000000000000000000000000
00100000000000000000000000000000000000000001100000
00010001100000000000000000000000000000001000010000
00000000001000000000011000000000000000010000001000
00001000000000000000101000000000000000010000001000
00001000000000000000010000000000000110001000000000
00000110000000000000000000000000001001000100010000
00000000000000110000000000000000000110000011100000
00000000000000110000000000000000000000000000000000
00000000000000000000000000110000000000000000000000
00000000000000000000011001001000000000000000000000
00000000000000000000011000110000000000000000000000
00000000000000000000000000000000000000000000000000
00000000000000000000000000000000000000000000000000
00000000000000000000000000000000000000000000000000
00000000000000000000000000000000000000000000000000
00000000000000000000000000000000000000000000000000
00000000000000000000000000000000000000000000000000
00000000000000000000000000000000000000000000000000
00000000000000000000000000000000000000000000000000
00000000000000000000000000000000000000000000000000
00000000000000000000000000000000000000000000000000
00000000000000000000000000000000000000000000000000
00000000000000000000000000000000000000000000000000
00000000000110000000000000000000000000000000000000
00000000001001000000000000000000000000000000000000
00000000001000000000000001000000000000000000000000
00000000010011011100000011100000000000000000000000
00000000011000000000000110110000011000000000000000
00000000000000000000000011100000011000000000000000
00000000000000000000000001000000000000000000000000
00000000000000000000000000000000000000000010000000
00000011100000000000000000000000000000000111000000
01000010000000000000000000000000000000000000000000
01000001000000000000000000000000000000000101100000
01000000000000000000000000000000000000001101010000
00000000001000000000000000000000000001010100010000
00011100111000000000000000000000000001101110100000
00000001110000000000000011000000000000100110100000
01000000101000000000000011000000000000000000110000
01000000011000000000000000000000000000000001010000
01000000000000000000000000000000000000000010100000
00000000000000000000000000000000000000001100111000
00000000000000000000000000000000000000010110000000
00000000100000011100000000000000000000110000000000
00000001010000000000000000000000000000000000000000
00000001010000000000000000000000000000000001110000
00000001100001100000000000000000000000110001110000
