000000000000000000000110000000000000000000000000000000000000000000000000000000000000000000000000000000000000000000000000000000000000000100000100000000
000000000000000000001001000000000000000000000000000000000000000000000000000000000000000000000000000000000000000000000000000000000000000101001100000000
000000000000000000000110000000000000000000000000000000000000000000000000000000000000000000000000011100000000000000000000000000000000000010101100000000
000000000000000000000000000000000000000000000000000000000000000000000000000000000001100000000000000000000000000000000011000000011000000010000000000000
000000000000000000000000000000000000000000000001100000000000000000000000000000000001100000000000000000000000000000000100100000001100000001110000000000
000000000000000000000000000000000000000000000001100000100000000000000000000000000000000000000000000000000000000000000010100001001000011000000000000000
000000000110000000000000000000000000000000000000000000100000000001100000000000000000000000000000000000000000000000000001000001000000100000000110000000
000000001001000000000000000000000000110000000000000000100000000001100000110000000000000000000000000000000000000000000000000000000000100100000110000000
000000001001000000000000000000000000110000000000000000000000000000000000110000000000000000000000000000000000000000000000000000110000101000000000000000
000000000110000000000000000000000000000000011000100000000000000000000000000000000000000000000000000000000000000000000000001000010101010000000000000000
000000000000000000000000000000000000000000100101100000000000000000000000000000000000000000000000000000000000000000000000001100000010000000000000000000
000000000000000000000000000000000000000000101000110000000000000000000000000000000000000000000000000000000000000000000000011100000000000000000000000000
000000000000000000000000000000000000000000010000010000000000000000000000000000000000000000000000110000000000000000000000000000000000000000000000000000
000000000000000000000000000000000000000000000000011000000000000000000000000000000000000000000000110000000000000000000000000011000000000000000000000000
000000000000000000000000000000000000000000011000011000000000000000000000000100000000010100000000000000000000000000000000000011000000000000000000000000
000000000000000000000000000000000000000000100000000000000000000000000000001010000000101010000000000000000000000000100000000000000000000000000000000000
000000000000000000000000000000000000000001001100000000000000000000000000010010000000000000000000000000000000000001010000011000000000000000000000000000
000000000000000000000000000000000000000010000000000000000000000000000000001010000010000000100000000000000000000000100000100100000000000000000000000000
000000000000000000000000000000000000000001001100000000000000000000000000000010001101000000010000000000001100000000000000100100000000000000000000000000
000000000000000000000000000000000000000000100100000000000000000000000000001001110110110000111000000000001100000000000000011000000000000000000000000000
000000000000000000000000000000000000000100111000000000000000000000000000001000000100010001001000000000000000000000000000000000000000000000000000000000
000000000000000000000000000000000100000100000000000000000000000000000000001101000000001010000000000000000000000000000000000000000000000000000000000000
010000000000000000000000000000000100000100000000000000000000000000000000000100001000000100000000000000000000000000000000000000001100000000000000000000
101000000000000000000000000000010000000000000001100000000000110000000000000001100010000000000000000000000000000000000000000000011111000000000000000000
101000000000000011000000000000000100000000000010010000001100110001100000000010000010011100000000000000000000000000111000000000110111000000000000000000
010000000000000100100000000000000100000000000010100000001100000010010000000011000010010100000000000000000000000000000000000000011001100000000000000000
000000000000000001110000000000000000000000000001000000000000000111110001100001111000000100000000000000000000000000000000000000000000001110000000000000
000000000000010101110000000000000000000000000000000000000000001101000001100000010000000000000000000000000000000000000000000000000000110100000000000000
000000000001001000110000000000000000000000000000000000000000000111110000000000010000000000000000000000000000000000000000000000000000010000000000000000
000000000001000000110000000000000000000000000000000000000000000000000000000000000000000000000000000000000000000000000000000000000000010010100000000000
000010000010000000000000000011000000000000000000000000000000000000000000000000000000000000000000000000000000000000000100000000000000001111000000000000
000010000100000101000000000000100010000000000000111000000000110000000000000000000000000000000000000000000000000000001000100000000000010010000000000000
000010000100001000000000000000100010000000000000000000000011001000000000011000011000000000000000000000000000000000011000110000000000001000000000000000
000000000110111001000000000001000010000000000000000000000001011000000001000000000000000011000000000000000000000000011000100000000000110000000000000000
000000000000011110000000000000000000000000000000000011000010010000000000100000000010000011000000000000001100000000011101100000000000000000000000000000
000000000000000010000000000000000000000000000000000011100000101000000000000001000010000000000000000000001100000000000000000110000000000000000000000000
000000000000000000011000000000000000000000000000000001100000010100000000000001000100000000000000000000000000000000000001000000000000000000000000000000
000000000000000000100100000000000000000000000000111000000000000000000000000000010000000000000000000000000000000000000000000000000000000000000000000000
000000000000000000100100000100000000000011000000000000000000000000000000000000000000000000000000000000000000000000000000000000000000000000000000000000
000000000000000000011000011010000000000101000000000000000000000000000000000000000000000000000000000000000000000000000000000000000000000000000000000000
000000111000000000000000001100000000001101000000000000000000000000110000000000000000000000000000000000000000000000000000011000000000000000000000000000
000000000000000000000000000000000000000100100000000000000000000001001000000000000000000000000000000000000000000000000000011000000000000000000000000000
000000000000000000000000000000000000000000100000000000000000000000101000000011100000000000000000000000000000000000000000000000000000000000000000000000
000000000000000000000000000000000000000100000000000000000000000000010000000000000000000010000000000000000000000000000000000000000000000000000000000000
000000000000000000000000000000000000010000100000000000000000000000000000001000001000000101000000000000000000000000000000000000000000000000000000000000
000000000000000000000000000000000000010000000000000000000000000000000000001000001000000011000000000000000000000000000000000000000000000000000000000000
000000000000000000000000000000000000001010011000000000000000000000000000001000001000000000000000000001000000000000000000000000000000000000000000000000
000000000000000000000000000000000000000011101000000000000000000000000000000000000000000000000110000010100000000000000000000000000000000000000000000000
000000000000000000000000000000000000001010000100000000000000000000000000000011100000000000000110000010100000000000000000000000000000000000000000000000
000000000000011100000000000000000000011001011000000000000000000000000000000000000000000000000000000001000000000000000000000000000000000000000000000000
000000000000000000000000000000000000011001100000000000000000000000000000000000000000000000000000000000000000000000000000000000000000000000000000000000
000000000000000000000000000000000000001100100000000000000000000000000000000000000000000000000000110000000000000000000000000000000000000000000000000000
000000000000000000000000000000000000000111000000000000000000000000000000000000000000000000000001001000000000000000000000000000000000000000000000000000
000000000000000000000000000000000000000010000000001100000000000000000000000000000000000000000000110000000000000000000000000000000000000000000000000000
000000000000000000000000000000000000000000000000001100000000000000000000000000000000000000000000000000000000000000000000000000000000000000000000000000
110000010000000000000000000000000000000000000000000000000000000000000000000000000000000000000000000001000000000000000000000000000000000000000000000000
110000101000000000000000000000000000000000000000000000000000000000001000000000000000000000000000000010100000000000000000000000000000000000000000000000
000000011000000000000000000000000000000000000000000000000000000000001000000000000000000000000000000010100000000000001100000000000000000000000000000100
000000000000000000000000000000000000000001100000000000000000000000001000000011100000000000100000000001000000000000001100000000000000001100000000001010
000000000000000000000000000000000000000010010000000000000000000000000000000101100000000011100000000000000000000000000000000000000000001100000000001001
000000001100000000000000000000000000000001100000000000000000000000000000000000010000000000101000000000000000000000000000000000000000000000000000000110
000000001010000000000000000000000000000000000000000000000000000000000000000000000000000000110100000000000000000000000000000000000000000000000000000000
000000000100000000000000000000000000000000000000000000000011000000000000000010000001100000011000000000001100000000000000000000110000000000000000000000
000000000000000000000000000000000000000000000000000000000011000000000000000001000001010000110000001000001010000000000000000001110000000000000000000000
000000000000000000000000000110000000000000000000000000000000000000000001000001000000011001100000110110001110000000000000000000010000000000000000000000
000000000000000000000000001000000000001000000000000000000000000000000001100000000000111011000000000010000000000000000000000000000000000000000000000000
000000000000000000000000000100000000010100000000000000000000000000000000111000000000111000000000100010000000000000000000000000000000000000000000000000
000000000000000000000000000010000000010100000000000000000000000000000000101100010100001000000000011100000000000000000000000000000100100000000000000000
000000000010000000000000010011000000001000000000000000000000000000000001100000000000011000000000000000000000000000000000000000001000000000000000000000
000000000101000000000001101010000000000000000000000011000000000000000000100100010100011000000000000000000000000000000000000000000101000000000000000000
000000000101000000000001101100000000000000000000000011000000001100000000011100000000000000000000000000000000110000000000000000000010000000000000000000
000000000010000000000000000000000000000000000000000000000000010010000000000000000000000000000000000000000001010001000000000000010000000000000000000000
000000000000000000000000000000000000000000000000000000011000001100000000000000000000000000000000000000000001101101000000000000111000000000000000000000
000000000000000000000000000110000000000000000000000000011000000000000000000000000000000000000000000000000000111000000000000001100100000000000000000000
000000000000000000000000000111000000000000000000000000000000000000000000000000000000000000000000001110000000010000000000000000000110000000000000001100
000000000000000000000000000101010000000000000000000000000000000000000000000000000000000000000000001010000000000000000000000000001100000000000000010010
000000000000000000000000000000000000000000000000000000000000000000000000000000000000000000000000000111000000000000000000000000000000000000000000001100
000000000000000000000000000000000000000110000000000000000000000000000000011000000000000000000000000000000000000000000000000000000000000000000000000000
000000000000000000000000000000100000000110000000000000000000000000000000011000000000000000000000011011000110000000000000000000000000000000000000000000
000000000000000000000000001001100000000000000000000000000000000000000000000000000000000000000000001011000110000000000000000000000000000000000000000000
000000000000000000000000001011000000000000000000000000000000000000000000000000000000001100000000000110000000000000000000000000000000000000000000000000
000000000000000000000000000100000000000000000000000000000000000000000000000000000000001100000000000000000000000000000000000000000000000000000000000000
000010000000000000000000000000000000000000000000000000000000000000000000000000000000000000000000000000000000000000000000000000000011000000000000000000
000010000000000000000000011000000000000000000000000000000000000000000000000000000000000000000000000000000000000000000000000000000011000000000000000000
000010000001000000000000011100000000000000000000000000000000000000000000000000000000000000000000000000000000000000000000000000000000000000000000000000
000000000001100001000000010110000000000000000000000000000000000000000000000000000000000000000000000000000000000000000000000000000000000000000000000000
111000000010100001010110001100000000000000000000000000000000000010000000000000000000000000000000000000000000000000000000000000000000000000000000000000
000000000000000001000011000000000000000000000000000000000000000010000000000001100000110000000000000000000000000000000000000000000000000000000000000000
000000000000000000100000000000000000000000000000000000000000000010000000000001100001001000000000000000000000000000000000000000000011100000000000000000
000000000000000000010001100000000000000000000000000000000000000000000000000000000000110000000000000000000000000000000000000000000000000000000000000000
000000000000000000010100100000000000000000000000000000000000000000000000000000000000000000000000000000000000000000000000000000000000000000001100000000
000000000000000000000110100000000000000000000000000000000000000000000000000000000000000000000000000000000000000000000000000000000000000000001100000000
000000000000000011000011000000000000000011000000000000000000000000000011000000000000000000000000000000000000000000000000000000000000000000000000000000
000000000000000101000000000000000000000011000000000000000000000000000011000000000000000000000000000001100000000000000000000000000000000000000000000000
000000000000001100000000000000000000000000000000000010001000010100000000000000000000000000000000000001100000000000000000000000000000110000000000000000
000000000000000101000000000000000000000000000000001111000100101000000000000000000000000000000000000000000000000000000000000000000000110000000000000000
000000000000000011000000001000000000000000000000001000000100110001110000000000000000000000000000000000000000000000000000000000000000000000000000000000
000001100001000000000000110110000000000000000001110001101000010000110000000000000000000000000000000000000000000000000000000000000000000000000000000000
000001100001000000000000001000000000000000000001000001000000000000000000000000000000000000000000000000000000000000000000000000000000000000000000000000
000000000001000000000000100000000000000000000000000101111000000000000000000000000000000000000000000000000000000000000000000000000000000000000000000000
100000000000000000000001100000100000010000000000110011000100000000000000000000000000000000000000000000000000000000000000000000000000000000000000000001
100000011100011100000010100001100000101000000000000001000100000000000000000000000000000000000000000000000000000000000000000000000000000000000000000001
000010000000000000000001000001010011001100000000000000001111010000011000000000000000000000000000000000000000000000001000000000000000000000000000000000
000010000001000000000000000001010000000010000000000000000001010000100100000000000000000000000000000000000000000000010100000000000000000000000000000000
000010000001000000000000000000110100000001000000000000000000100000011000000000000000000000000000000000000000000000100100000000000000000000000000000000
000000000001000000000000000000100100000000000000000100000000000000000000000000000000000000000000000000000000000000011000000000000000001100000000000000
111000111000000000000000000000000111110000000000001110001000000000000000000000000000000000000000000000000000000000000000000000000000010100000000000000
000000000000000000000000000000000011110100000000001001010100000000000000000000000000000000000000000000000000000000000000000000000000001000000000000000
000010000000000000000000000000000000000100000000000100101110000000000000000000000000000000000000000000000000000000000000000000000000000000000000000000
000010000000000010000000000000000000001100000000000110011000000000000000000000000000000000000000000000000000000000000000000000000000000000000000000000
000010000000000101000000000000000000001101000000000001111000011100000000000000000000000000000000000000000000000000000000000000000000000000000000000000
000000000000001001000000011111100000000001100000000000110000010000000000000000000000100000000000000000000000000000000000000000000000000010000000000000
000000000000000110000000101111100000000000000000000000000001110000000000000000000001010000000000000000000000000000000000000000000000000010000000001100
000000000000000000000000000001100000000000000000000000000010000000000000000000000010010000000000000000000000000000000000000000000000000010000000001100
000000000000000000000000000111000000000000000000000000000100110100000000000000000001100000000000000000000000000000000000000000000000000000000000000000
000000000000000000000000000000000000000000011000000000001000001010000000000000000000000000000000000000000000000000000000000000000000000000000000000000
000000000000000000000000000000000000000000100100000000001000000000000000000000000000000000000000000000000000000000000000000000000000000000000000001100
000000000000000000000000000000000000000000100100000000000001000001000000000000000000000000000000000000000000000000000000000000000000000000000000001100
000000000000000000000000000000000000000000011000000000000101000111000000000000000000000000000000000000000000000000000000000000000000000000000000000000
000000000000000000000000000000000000010100000000000000000010000000000000000000000000000000000000000000000000000000000000000000000000000000000000000000
000000000000000000000000000000000000010110000000000000000000000000000000000000000000100000000000000000000000000000000000000000000000000000000000000000
000000000000000000000000000000000000001001100000000000000000000000000000000000000001010000000000000000000000000000000000000000000000000110000000000000
000000000011000001100000000000000000000000000000000000000000000000000000000000000001010000000000000000000000000000000000000000000000000110000000000000
000000000011000001100000000000000000000000000000000000000000000000000000000000000000100000000000000000000000000000000000000000000000000000000000000000
000000000000000000000000000000000000000000000000000001010001000000000000000000000000000000000000000000000000000000000000000000000000000000000000000000
000000000000000000000000000000000000000000000000000011010001000000000000000000000000000000000000000000000000010000000000000000000000000000000000000000
000000000000000000000000000000000000000000000000000001011100000000000000000000000000000000000000000000000000101000000000000000000000000000000000000000
000000000000000000000000000000000000000000000000000111000000000000000000000000000000000000000000000000000001001000000000000000000000000000001100000000
000000000000000000000000000000000000000000000000001000000110000000000000000000000000000000000000000000000000110000000000011000000000000000010010000000
000000000000000000000000000000000000000000000000001011111010000000000000000000000000000000000000000000000000000000000000011000000000000000010100000000
000000000000000000000000000000000000000000000000000110001100000000000000000000000000000000000000000000000000000000000000000000000000000000001000000000
000000000000000000000000000000000000000000000001000100000000000000000000000000000000000000000000000000000000000000000000000000000000000000000000000000
000000000000000000000000000000000000000000000001000011000000000000000000000000000000000000000000000000000000000000000000000000000000000000000000000000
000000000000000000000000000000000000000000000001000000000000000000000000100000000000000000000000000000000000000000000000000000000000000000000000000000
000000000000000000000000000000000000001100000000001011000000000000000001010000000000000000000000000000000000000000000000000000000000000000000000000000
000000000000000000001100000000000000001100000000011000000000000000000001010000000000000000000000000000000000000000000000000000000000000000000000000000
000000000000000000001100000000000000000000000000000000000000000000000000100000000000000000000000000000000000000000000000000000011000000011000000000000
000000000000000000000000000000000000000000000000000000000000000000000000000000000000000000000000000000000000000000000000000000100100000100100000000000
000000000000000000000000000000000000000000000000000000000000000000000000000000000000000000000000000000000000000000000000000000011000000011000000000000
000000000000000000000000000000000000000000000000000000000000000000000000000000000000000000000000000000000000000000000000000000000000000000000000000000
000000000000000000000000000000000000000000000000000000000000000000000000000000000000000000000000000000000000000000000000000000000000100000000000000000
000000000000000000000000000000000000000000000000000000000000000000000000000000000000000000000000110000000000000000000000000000000001010000000000000000
000000000000000000000000000000000000000000000000000000000000000000001100000000000011100000000000110000000000000000000000000000000001010000000000000000
000000000000000000000000000000000000000000000000000000000000000000001100000000000000000000000000000000000000000000000000000000000000100000000000000000
000000000000000000001100011000000000000000000000000000000000000000000000000000000000000000000000000000000000000000000000000000000000000000000000000000
000000000000000000010010011000000000000000000000000000000000000000000000000000001000000000000000000000000000000000000000000000000000000000000000000000
000000000000000000010100000000000000000000000000100000000000000000000000000000010100000000000000000000000000000000000000000000000000000000000000000000
000000000000000000001000000000000000000000000001010000000000000000000000000000010100000000000000000000000000000000000000000000000000000000000000000000
000000000000000000000000000000000000000000000001010000000000000000000000000000001000000000000000000000000000000000000000000000000000000000000000000000
000000000000000000000000000000000000000000000000100000000000000000000000000000000000000000000000000000000000000000000000000000000000000100011000000000
