00010000000100110000000110000000001000110000001000
00000000000011000000000000000001001000011000001000
10000000000000000000000000000000100100011000000001
00000000000000000000000000000000100100001000000100
00010000000000111000000010000000010010000000000100
00001000011000001010000010000000001110000000110010
00010000000100000010000011000000000000000000000001
00000000011100010000000000000000000000000001110001
10000000000000001000000000110000000000111001100001
00000000000000000000000000110000000000111001101100
00000111010000000000000000000000000010000101101000
00000101110100000110000000000000000110100010110000
00000000111100001100000000000000000110000001000000
00000000000100000000000000000000110100111111000000
01100000000000000001100000000000000111100000000000
01100000000000000100100000000000110101100000000000
00000000000000000101000000000000000011100000000000
00000010000000000100000000000011000010100000000000
00000010000000000000000000000000000000000000000000
00000010000001000000000000000000000000000000000000
00000001110000010000000110000000110000000011100000
01000001111000110000000110000000110000000100001001
00110000011000000000000000000000111000000010100011
00110000000000000000000000000000100000000000100000
00110000000000000000000011000001100000000000110000
01000000000000000000000111000000000000000000010000
10000000000000000000001100000000001000000000000111
00000000000010000000100010000000000000000000000000
00000000000010000001010110000000100011000000000000
00000000000000000101011100000110110011000000000000
00000000000000110110011100010111111001000000000000
00000000000000100000000111011100000000000000000000
00000000000001000000000011111100011111000000000000
00000010000000000000000001000110001001000000000000
00000001000000000000000000001000000000000000010011
01000010000000110000000000011110010100100011000100
01111100000001010000000000000000000100110111100000
11010000000010011000000000000000000000111110000010
11000101010001000000100000000000000000110100010000
01000001101101000011110000000000000000100000001100
10110000000100000010001000000000000000001010101111
10100000011000010011110000000000000010100011000011
10010000000100001000100000000000010010110000000100
11000000101000000010000000000000010000000000000111
11001000111000010000000000000000100001000000001000
11101000000000100000000000000001100001000000011101
00100000000000000001100000100000000010000000010000
00011000000001010001001100010001110000000000000000
01101100000010100000111000010010000000000000011100
01111000000010110000001100100001000000000000010100
