000000000000000000000110000000000000000000000000000000000000000000000000000000000000000000000000000000000000000000000000000000000000000000010000000000
000000000000000000001001000000000000000000000000000000000000000000000000000000000000000000000000000000000000000000000000000000000000011100000000000000
000000000000000000000110000000000000000000000000000000000000000000000000000000000000000000000000011100000000000000000000000000000000000000000000000000
000000000000000000000000000000000000000000000000000000000000000000000000000000000000000000000000000000000000000000000011000000000000000000000000000000
000000000000000000000000000000000000000000000000000000000000000000000000000000000000000000000000000000000000000000000100100000111000000000000000000000
000000000000000000000000000000000000000000000000000000000000000000000000000000000000000000000000000000000000000000000010100000000000000000000000000000
000000000110000000000000000000000000000000000000000000000000000001100000000000000000000000000000000000000000000000000001000000000000000000000000000000
000000001001000000000000000000000000000000000000000000000000000001100000000000000000000000000000000000000000000000000000000000000000000000000000000000
000000001001000000000000000000000000000000000000000000000000000000000000000000000000000000000000000000000000000000000000000000000000000000000000000000
000000000110000000000000000000000000000000000000000000000000000000000000000000000000000000000000000000000000000000000000000000000000000000000000000000
000000000000000000000000000000000000000000000000000000000000000000000000000000000000000000000000000000000000000000000000000000000000000000000000000000
000000000000000000000000000000000000000000000000000000000000000000000000000000000110000000000000000000000000000000000000000000000000011000000000000000
000000000000000000000000000000000000000000000000000000111000000000000000000000000110000000000000000000000000000000000000000000000000100000000000000000
000000000000000000000000000000000000000000000000000000000000000000000000000000000000000000000001000000000000000000000000000000000000101000000000000000
000000000000000000000000000000000000000000000000000000000000000000000000000000000000000000000010100000000000000000000000000000000000010001100000000000
000000000110000000000000000000000001100000000000000000000000000000000000000000000000000000000010100000000000000000100000000000000000000010010000000000
000000000110000000000000000000000001100000000000000000000000000000000000000000000000000000000001000000000000000001010000000000000000000001100000000000
000000000000000000000000000000000000000000000000000000000000000000000000000000000000000000000000000000000000000000100000000000000000000000000000000000
000000000000000000000000000000000000000000000000000000000000000000000000000000000000000000110000000000000000000000000000000000000000000000000000000000
000000000000000000000000000000000000000000000000000000000000000000001000000000000000000001001000000000000000000000000000000000000000000000000000000000
000000000010000000000000000000000000000000000000000000000000000000010100000000000000000000110000000000000000000000000000000000000000000000000000000000
000001100101000011000000000000000000000000000000000000000000000000001000000011000000000000000000000000000000000000000000000000000000000000000000000000
000001100101000011000000000000000000000000000000000000000000000000000000000000100000000000000001000000000000000000000000000011000000000000000000000000
000000000010000000000000000000011100000000000000000000000000000000000000000011000000000000000010100000000000000000000000000011000000000000000000000000
000000000000000000000000000000000000000000000000000000000010000000000000000000000000000000000010100000000000000000111000000000000000000000000000000000
000000000000000000000000000000000000000000000000000000000101000000000000000110000000000000000001000000000000000000000000000000000000000000000000000000
000000000000000000000000000000000000000000000000000000000100100000000000001001000000000000000000000000000000000000000000000000000000000000000000000000
000000000000000000000000000000000000000000000000000000000011000000000000001010000000000000000000000000000000000000000000000000000000000000000000000000
000000000000000000000000000000000000000000000000000000000000000000000000000100000000000000000000000000000000000000000000000000000000000000000000000000
000000000000000000000000000000000000000000000000000000000000000000000000000000000000000000000000000000000000000000000000000000000000000000000000000000
000001110001000000110000000000000000000000000000001000000000000000000000000000000000000000000000000000000000000000011011000000000000000000000000000000
000011110000100000110000000000000010000000000000010100000000000000000000000000000000000000000000000000000000000000101000000000000000000000000000000001
100010110000100000000000000000000010000000000000001100000000000000000000000000000000000000000000000000000000000000111000000000000000000000000000000010
110010000011000000001000000000000010000000000000000000000000000000000000000000000000000011000000000000000000000000000100100000000000000000000000000010
001010000010000000010100000000000000000000000000000000000000000000000000000000000000000011000000000000001100000000000000000000000000000000000000000001
001001000110000000100010000000000000000000000000000000000000000000000000000000000000000000000000000000001100000000001000010000000000000000000000000000
000001000000000000010100000000000000011000000000000000000000000000000000000000000000000000000000000000000000000000000000011000000000000000000000000000
000001010000000000000000000000000000011000000000111000000000000000000000000000000000000000000000000000000000000000010001010000000000000000000000000000
000000110000000000000000000000000000000000000000000000000000000000000000000000000000000000000000000000000000000000001001100000000000000000000000000000
000000010000010000000000000000000000000000000000000000000000000000000000000000000000000000000000000000000000000000000111000000000000000000000000000000
000000000000010000000000000000000000000000000000000000000000000000110000000000000000000000000000000000000000000000000000000000000000000000000000000000
000000000000100000000000011000000000000000000001011010000000000001001000000000000000000000000000000000000000000000000000000000000000000000000000000000
000000000000000000000000001000000000000000000011011011000000000000101000000011100000000000000000000000000000000000000000000000000000000000000000000000
000000000000000000000000111000000000000000000100000001100000000000010000000000000000000010000000000000000000000000000000000000000000000000000000000000
000000000000000000000000000000000000000000001000001110110000000000000000001000001000000101000000000000000000000000000000000000100000000000000000000000
000000000000000000000000000000000000000000001000000111100000000000000000001000001000000011000000000000000000000000000000000000100000000000000000000000
000000000000000000000000000000000000000000000100110001000000000000000000001000001000000000000000000001000000000000000000000000100000000000000000000000
000000000000000000000000000000000000000000000111000000000000000000000000000000000000000000000110000010100000000000000000000000000000000000000000000000
000000000000000000000000000000000000001111000000000000000000000000000000000011100000000000000110000010100000000000000000000000000000000000000000000000
000000000000011100000000000000000000001011000000000000000000000000000000000000000000000000000000000001000000000000000000001010000000000000000000000000
000000000000000000000000000000000000000001000000000000000000000000000000000000000000000000000000000000000000000000000000000110000000000000000000000000
000000000000000000000000000000000000000000000000000000000000000000000000000000000000000000000000110000000000000000000000000100000000000000000000000000
000000000000000000000000000000000000000000000000000000000000000000000000000000000000000000000001001000000000000000000000000101000000000000000000000000
000000000000000000000000000000000000000000000000001100000000000000000000000000000000000000000000110000000000000000000000000101000000000000000000000000
000000000000000000000000000000000000000000000000001100000000000000000000000000000000000000000000000000000000000000000000001001000000000000000000000000
110000010000000000000000000000000000000000000000000000000000000000000000000000000000000000000000000001000000000000000000000110000000000000000000000000
110000101000000000000000000000000000000000000000000000000000000000001000000000000000000000000000000010100000000000000000000000000000000000000000000000
000000011000000000000000000000000000000000000000000000000000000000001000000001100000000000000000000010100000000000001100000000000000000000000000000100
000000000000000000000000000000000000000000000000000000000000000000001000000010010000000000000000000001000000000000001100000000000000001100000000001010
000000000000000000000000000000000000000000000000000000000000000000000000000001010000000000000000000000000000000000000000000000000000001100000000001001
000000001100000000000000000000000000000000000000000000000000000000000000000000100000000000000000000000000000000000000000000000000000000000000000000110
000000001010000000000000000000000000000000000000000000000000000000000000000000000000000000000000000000000110000000000000000000000000000000000000000000
000000000100000000000000000000000000000000000000000000000011000000000000000000000000000000000000000000000110000000000000000000000000000000000000000000
000000000000000000000000000000000000000000000000000000000011000000000000000000000000000000000000000000000000000000000000000000000000000000000000000000
000000000000000000000000000000000000000000000000000000000000000000000000000000000000000000000000000000000000000000000000000000000000000000000000000000
000000000000000000000000000000000000000000000000000000000000000000000000000000000000000000000000000000000110000000000000000000000000000000000000000000
000000000000000000000000000000000000000001100000000000000000000000000000000000000000000100000000000000000110000000000000000000000000000000000000000000
000000000000000000000000000000000000000001100000000000000000000000000000000000000000001010000000001000000000000000000000000000000000000000000000000000
000000000010000000000000000000000000000000000000000000000000000000000000000000000000000100000000010100000000000000000000000000000000000000000000000000
000000000101000000000000000000000000000000000000000011000000000000000000000000000000000000000000010010000000000000000000000000000000000000000000000000
000000000101000000000000000000000000000000000000000011000000000000000000000000000000000000000000001100000000000000000000000000000000000000000000000000
000000000010000000000000000000000000000000000000000000000000000000110000001100000000000000000000000000000000000000000000000000000000110000000000000000
000000000000000000000000000000000000000000000000000000011000000000110000001010000000000000000000000000000111000000000000000000000001001000000000000000
000000000000000000000000000000000000000000000000000000011000000000000000000110000000000000000000000000000000000000000000000000000001001000000000000000
000000000000000000000000000000001110000000000000000000000000000000000000000000000000000000000000000000000000000000000000000000000000110000000000001100
000000000000000000000000000010000000000000000000000000000000000000000000000000000000000000000000000000000000000000000000010000000000000000000000010010
000000000000000000000000000100000101000000000000000000000000000000000000000000000000000000000000000000000000000000000000101000000000000000000000001100
000000000000000000000000000100000101000000000000000000000000000000000000000000000000000000000000000000000000000000000000101000001100000000000000000000
000000000000000000000000000000000011010000000000000000000000000000000011000000000000000000000000000000000110000000000000010000010100000000000000000000
000000000000000000000000000000001100110000000000000000000000000000001101100000000000000000000000000000000110000000000000000000001000000000000000000000
000000000000000000000000001000000000100000000000000000000000000000001001100000000000001100000000000000000000000000000000000000000000000000000000000000
000000000000000000000000011100100010110000000000000000000000000000001000100000000000001100000000000000000000000000000000000000000000000000000000000000
000010000000000000000000100000110000010000000000000000000000000000000110100000000000000000000000000000000000000000000000000000000000000000000000000000
000010000000000000000010010000010000100000000000000000000000000000000001000000000000000000000000000000000000000000000000000000000000000000000000000000
000010000000011100000010010001000000000000000000000000000000000000000000000000000000000000000000000000000000000000000000000000000000000000000000000000
000000000000000000000000000111111000011000000000000000000000000000000000000000000000000000000000000000000000000000000000000000000000000000000000000000
111000000000000000000001001000100011010000000000000000000000000010000000000000000000000000000000000000000000000000000000000000000000000000000000000000
000000000000010000000000000001000011011000000000000000000000000010000000000001100000110000000000000000000000000000000000000000000000000000000000000000
000000000000111000000000110000000000100000000000000000000000000010000000000001100001001000000000000000000000000000000000000000000011100000000000000000
000000000001001100000000010010010000000000000000000000000000000000000000000000000000110000000000000000000000000000000000000000000000000000000000000000
000011100000110100000000001000001000000000000000000000000000000000000000000000000000000000000000000000000000000000000000000000000000000000001100000000
000011100100101100000000010000000000000000000000000000000000000000000000000000000000000000000000000000000000000000000000000000000000000000001100000000
000100000000000000000000001100010000000000000000000000000000000000000000000000000000000000000000000000000000000000000000000000000000000000000000000000
011101000110000000000000000000000000000000000000000000000000000000000000000000000000000000000000000001100000000000000000000000000000000000000000000000
011000010000000000000000000000000000000000000000000000000000000000000000000000000000000000000000000001100000000000000000000000000000110000000000000000
011011111000001100000001000000000000000000000000000000000000000000000000000000000000000000000000000000000000000000000000000000000000110000000000000000
000100010001110100000100000110000001000000000000000001000000000000000000010000000000000000000000000000000000000000000000000000000000000000000010000000
000100000001001100000100100000000010010000000000000110110000000000000000111000000000000000000000000000000000000000000000000000000000000000000010000000
000011100000111000000000010100000100001000000000001010000000000000000001000100000000000000000000000000000000000000000000000000000000000000000000000000
000000000000010000000111000100000100000100000000000000000000000000000011101100000000000000000000000000000000000000000000000000000000000000000000000000
000000000000000000000111110100001000100010000000000000000000000000000010110000000000000000000000000000000000000000000000000000000000000000000000000000
110000000000000000001100001000000110010010000000001100100000000000000111010000000000000000000000000000000000000000000000000000000000000000000000000001
001000000000000000001100000000000000010000000000000000000000000000011011000010000000000000000000000000000000000000001000000000000000000000000000000010
011000110000000000000000000000000000000100000000000000000000000001111010011100000000000000000000000000000000000000010100000000000000000000000000000010
101000110000000000000000000000000000001001001000000000010000000111111010000000000000000000000000000000000000000000100100000000000000000000000000000011
100000000000000000000000000000000000000001001000000100010000001000000001000000000000000000000000000000000000000000011000000000000000001100000000000011
100000000000000000000000000000011011000011000100000100100000001001100000000000000000000000000000000000000000000000000000000000000000010100000000000001
110000000100000000000000000000010000000010010100000010100000000100100000010000001000000000000000000000000000000000000000000000000000001000000000000001
110000001010000000000000000000001110010010000000000000000011100110110011100000011100000000000000000000000000000000000000000000000000000000000000000000
101000001010000010000000000000001000000001001000000000000000001100010011100010110110000000000000000000000000000000000000000000000000000000000000000000
011000000100000101001100000000010000100000100000000000000100001000101101000100111100000000000000000000000000000000000000000000000000000000000000000000
110010000000001001001100000000100100000000000000000000110011100000011000000011100000100000000000000000000000000000000000000000000000000010000000000000
001000000000000110000000000001100100000000000000000000111000000000000000000000000001010000000000000000000000000000000000000000000000000010000000001100
000000000000000000000000000111011100000000000000000000001110000000000000000000000010010000000000000000000000000000000000000000000000000010000000001100
000000000000000000000000000110000000000000000000000000000111100000000000000110000001100000000000000000000000000000000000000000000000000000000000000000
000000000000000000000000000000000000000000011000000000000001100000000000001001000000000000000000000000000000000000000000000000000000000000000000000000
000000000000000000000000000000001100000000011000000000000000000000000000000110000000000000000000000000000000000000000000000000000000000000000000001100
000000000000000000000000000000001100000100010000000000000000000000000000000000000000000000000000000000000000000000000000000000000000000000000000001100
000000000000000000000000000000000000001000000000000000000000000000000000000000000000000000000000000000000000000000000000000000000000000000000000000000
000000000000000000000000000000000000000100010000000000000000000000000000000000000000000000000000000000000000000000000000000000000000000000000000000000
000000000000000000000000000000000000001000011000000000000000000000000000000000000000100000000000000000000000000000000000000000000000000000000000000000
000000000000000000000000000000110000000100110000000000000000000000000000000000000001010000000000000000000000000000000000000000000000000110000000000000
000000000011000001100000000001001000001011100000000000000000000000000000000000000001010000000000000000000000000000000000000000000000000110000000000000
000000000011000001100000000000101000000000100000000000000000000000000000000000000000100000000000000000000000000000000000000000000000000000000000000000
000000000000000000000000000000010000000010000000000000000000000000000000000000000000000000000000000000000000000000000000000000000000000000000000000000
000000000000000000000000000000000000000000000000000000000000000010000000000000000000000000000000000000000000010000000000000000000000000000000000000000
000000000000000000000000000000000000000000000000000000000000000100100000000000000000000000000000000000000000101000000000000000000000000000000000000000
000000000000000000000000000000000110110000000000000000000000000010000000000000000000000000000000000000000001001000000000000000000000000000001100000000
000000000000000000000000000000000000111000000000000000000000000000001000000000000000000000000000000000000000110000000000011000000000000000010010000000
000000000000000000000000000000000000011000000000000000000000000000101000000000000000000000000000000000000000000000000000011000000000000000010100000000
000000000000000000000000000000000000111000000000000000001000000000010000000000000000000000000000000000000000000000000000000000000000000000001000000000
000000000000000000000000000000000001110000000000000000010100000000000000000000000000000000000000000000000000000000000000000000000000000000000000000000
000000000000000000000000000000000000100000000000000000010100000000000000000000000000000000000000000000000000000000000000000000000000000000000000000000
000000000000000000000000000000000000000000000000000000001000000000000000100000000000000000000000000000000000000000000000000000000000000000000000000000
000000000000000000000000000000000000001100000000000000000000000000000001010000000000000000000000000000000000000000000000000000000000000000000000000000
000000000000000000001100000000000000001100000000000000000000000000000001010000000000000000000000000000000000000000000000000000000000000000000000000000
000000000000000000001100000000000000000000000000000000000000000000000000100000000000000000000000000000000000000000000000000000011000000011000000000000
000000000000000000000000000000000000000000000000000000000000000000000000000000000000000000000000000000000000000000000000000000100100000100100000000000
000000000000000000000000000000000000000000000000000000000000000000000000000000000000000000000000000000000000000000000000000000011000000011000000000000
000000000000000000000000000000000000000000000000000000000000000000000000000000000000000000000000000000000000000000000000000000000000000000000000000000
000000000000000000000000000000000000000000000000000000000000000000000000000000000000000000000000000000000000000000000000000000000000100000000000000000
000000000000000000000000000000000000000000000000000000000000000000000000000000000001000000000000110000000000000000000000000000000001010000000000000000
000000000000000000000000000000000000000000000000000000000000000000001100000000000111000000000000110000000000000000000000000000000001010000000000000000
000000000000000000000000000000000000000000000000000000000000000000001100000000011101000000000000000000000000000000000000000000000000100000000000000000
000000000000000000001100011000000000000000000000000000000000000000000000000000101000000000000000000000000000000000000000000000000000000000000000000000
000000000000000000010010011000000000000000000000000000000000000000000000000000110000000000000000000000000000000000000000000000000000000000000000000000
000000000000000000010100000000000000000000000000100000000000000000000000000001001000000000000000000000000000000000000000000000000000000000000000000000
000000000000000000001000000000000000001110000001010000000000000000000000000001101100000000000000000000000000000000000000000000000000000000010000000000
000000000000000000000000000000000000001000000001010000000000000000000000000001000100000000000000000000000000000000000000000000000000000000101000000000
000000000000000000000000000000000000000100000000100000000000000000000000000000111000000000000000000000000000000000000000000000000000000000101000000000
