000000000000000000000001000000100000000000000000000000000000000000000000000000000000000000000000000000000000000000000000000000000000000000010000000000
000000000000000000000001000101100000000000000000000000000000000000000000000000000000000000000000000000000000000000000000000000000000011100000000000000
000000000000000000010001001100000000000000000000000000000000000000000000000000000000000000000000011100000000000000000000000000000000000000000000000000
000000000000000000000001000110000000000000000000000000000000000000000000000000000000000000000000000000000000000000000011000000000000000000000000000000
000000000000000000010001100000000000000000000000000000000000000000000000000000000000000000000000000000000000000000000100100000111000000000000000000000
000000000000000000001101000000000000000000000000000000000000000000000000000000000000000000000000000000000000000000000010100000000000000000000000000000
000000000110000000000010000000000000000000000000000000000000000001100000000000000000000000000000000000000000000000000001000000000000000000000000000000
000000001001000000000000000000000000000000000000000000000000000001100000000000000000000000000000000000000000000000000000000000000000000000000000000000
000000001001000000000000000000000000000000000000000000000000000000000000000000000000000000000000000000000000000000000000000000000000000000000000000000
000000000110000000000000000000000000000000000000000000000000000000000000000000000000000000000000000000000000000000000000000000000000000000000000000000
000000000000000000000000000000000000000000000000000000000000000000000000000000000000000000000000000000000000000000000000000000000000000000000000000000
000000000000000000000000000000000000000000000000000000000000000000000000000000000000000000000000000000000000000000000000000000000000000000000000000000
000000000000000000000000000000000000000000000000000000111000000000000000000000000000000000000000000000000000000000000000000000000000000000000000000000
000000000000000000000000000000000000000000000000000000000000000000000000000000000000000000000001000000000000000000000000000000000000000000000000000000
000000000000000000000000000000000000000000000000000000000000000000000000000000000000000000000010100000000000000000000000000000000000000000000000000000
000000000110000000000000000000000001100000000000000000000000000000000000000000000000000000000010100000000000000000100000000000000000000000000000000000
000000000110000000000000000000000001100000000000000000000000000000000000000000000000000000000001000000000000000001010000000000000000000000000000000000
000000000000000000000000000000000000000000000000000000000000000000000000000000000000000000000000000000000000000000100000000000000000000000000000000000
000000000000000000000000000000000000000000000000000000000000000000000000000000000000000000110000000000000000000000000000000000000000000000000000000000
000000000000000000000000000000000000000000000000000000000000000000001000000000000000000001001000000000000000000000000000000000000000000000000000000000
000000000010000000000000000000000000000000000000000000000000000000010100000000000000000000110000000000000000000000000000000000000000000000000000000000
000000000101000011000000000000000000000000000000000000000000000000001000000000000000000000000000000000000000000000000000000000000000000000000000000000
000000000101000011000000000000000000000000000000000000000000000000000000000000000000000000000001000000000000000000000000000000000000000000000000000000
000000000010000000000000000000011100000000000000000000000000000000000000000001000000000000000010100000000000000000000000000000000000000000000000000000
000000000000000000000000000000000000000000000000000000000000000000000000000010100000000000000010100000000000000000000000010000000000000000000000000000
000000000000000000000000000000000000000000000000000000000000000000000000000010010000000000000001000000000000000000000000111000000000000000000000000000
000000000000000000000000000000000000000000000000000000000000000000000000000001100000000000000000000000000000000000000001101100000000000000000000000000
000000000000000000000000000000000000000000000000000000000000000000000000000000000000000000000000000000000000000000000000000110000000000000000000000000
000000000000000000000000000000000000000000000000000000000000000110000000000000000000000000000000000000000000000000000000000111000000000000000000000000
000000000000000000000000000000000000000000000000000000000000001001000000000000000000000000000000000000000000000000000000000110000000011100000000000000
000000000000000000000000000000000000000000000000000000000000000110000000000000000000000000000000000000000000000000000001101100000000010000000000000000
000000110000000000000000000000000010000000000010100000000000000000000000000000000000000000000000000000000000000000010000111000000000001000000000000000
000000110000000000000000000000000010000000000110000000000000000000000000000000000000000000000000000000000000000000101000010000000000000000000000000000
000000000000000000000000000000000010000000000110000000000000000000000000000000000000000011000000000000000000000011000000000000000000000000000000000000
000000000000000000000000000000000000000000000000000000000000011000011100000000000000000011000000000000001100000000000100000000000001100000000000000011
000000000000000000000000000000000000000000000000010000000000011000100000000000000000000000000000000000001100000010001010000000000001100000000000000011
000000000000000000000000000000000000011000000000110000000110000000010000000000000000000000000000000000000000000000100000000000000110000000000000000000
000000000000000000000000000000000000011000000001110000000110000010010000110001000000000000000000000000000000000001110000000000000110000000000000000000
000000000000000000000000000000000000000000000011000000000000000100010001011011000000000000000000000000000000000011111000000000000000000000000000000000
000000000000000000000000000000000000000000000010100000110000000001010001000100001110000000000000000000000000000011000001000000000000000000000000000000
000000000000000000000000000000000000000001100010010000011000000100000000000001001110000000000000000000000000000000110101100000000000000000000000000000
000000000000000000000000000000000000000100100001010000110000000000110001111101000000000000000000000000000000000000001101111000000000000000000000000000
000000000000000000000000000000000000000100100000100000100000000001111001010001000000000000000000000000000000000000000000011000000000000000000000000000
000000000000000000000000000000000000000100100000000000000000000000100000000000000000000010000000000000000000000000000000000000000000000000000000000110
000000000000000000000000000000000000000011010000000000000000000000010001111100001000000101000000000000000000000000000000000001101100000000000000000111
000000000000000000000001100000000000000000100000000000000000000000001110000000001000000011000000000000000000000000000000000010000000000000000000011001
000000000000000000000010010000000000000000100000000000000000000000000000000000001000000000000000000001000000000000000000000000010000000000000000010011
000000000110000000000001100000000000000000011100000000000000000000000000000000000000000000000110000010100000000000000000000010100000000000000000011010
000000001001000000000000000000000000000000000000000000000000000000000000000011100000000000000110000010100000000000000100000001000000000000000000000100
000000000011011100000000000000000000000000000000000000000000000000000000000000000000000000000000000001000000000000000100000000000000000000000000000000
000000000100000000000000000000000000000000000000000000000000000000000000000000000000000000000000000000000000000000000000000010000000000000000000000000
000000000000000000000000000000011000000000000000000000000000000000000000000000000000000000000000110000000000000000000000000101000000000000000000000100
000000000000000000000000000000011000000000000000000000000000000000000000000000000000000000000001001000000000000000000000000001000000000000000000000100
000000000000000000000000000000000000000000000000001100000000000000000000000000000000000000000000110000000000000000001100000010000000000000000000000000
000000000000000000000000000000000000000000000000001100000000000000000000000000000000000000000000000000000000000000011100100000100000000000000000000000
000011100000000000000000000111000000000000000000000000000000000000000000000000000000000000000000000001000000000000001101111000000000000000000000000000
000010100000000000000000000000000000000000000000000000000000000000001000000000000000000000000000000010100000000000000000101110000000000000000000000000
000010100000000000000000000000000000000000000000000000000000000000001000000001100000000000000000000010100000000000000000100000100100000000000000011000
000000001110000000000000000000000000000000000000000000000000000000001000000010010000000000000000000001000000000000001001110000000010000000000000100100
000000000010000000000000000000000000000000000000000000000000000000000000000001010000000000000000000000000000000000001000000000001100000000000000011000
000000001010000000000000000000000000000000000000000000000000000000000000000000100000000000000000000000000000000000000000011111101100000000000000000000
000000000000000000000000000000000000000000000000000000000000000000000000000000000000000000000000000000000110000000000000110000000000000000000000000000
000000000000000000000000000000000000000000000000000000000011000000000000000000000000000000000000000000000110000000000000000000000000000000000000000000
000000000000000000000000000001000000000000000000000000000011000000000000000000000000000000000000000000000000000000000000000000000000000000000000000000
000000000000000000000000000010100000000000000000000000000000000000000000000000000000000000000000000000000000000000000000000000000000000000000000000000
000000000000000000000000000110110000000000000000000000000000000000000000000000000000000000000000000000000110000000000000000000000001100000000000000000
000000000000000000000000000010100000000001100000000000000000000000000000000000000000000100000000000000000110000000000000000000000011000000000000000000
000000000000000000000000000001000000000001100000000000000000000000000000000000000000001010000000001000000000000000000000000000000010000000000000000000
000000000010000000000000000000000100000000000000000000000001000000000000000000000000000100000000010100000000000000000000000000000001000000000000000000
000000000101000000000000000000001101100000000000000000000100100000000000000000000000000000000000010010000000000000000001000000000000000000000000000000
000000000101000000000000000000001001100000000000000000000000000000000000000000000000000000000000001100000000000000000011000001100000000000000000000000
000000000010000000000000000000001100100000000000000000000110100000000000001100000000000000000000000000000000000000000010001110000000000000000000000000
000000000000000000000000000000000101000000000000000000000111000000000000001010000000000000000000000000000111000000000000101110001010000000000000000000
000000000000000000000000000000000111000000000000000000000000000000000000000110000000000000000000000000000000000000000001101001101110000011000000011000
000000000000000000000000000000000000000000000000000000000000000000000000000000000000000000000000000000000000000000001111100000000000000100100000101000
010000000000000000000000000000000000000000000000000000000000000000000000000000000000000000000000000000000000000000001001000000000000000011000000000001
101100000000000000000000000000000000000000000000000000000000000000000000000000000000000000000000000000000000000000010101100011000000000000000000111010
101000000000000000000000000000000000000000000000000000000000000000000000000000000000000000000000000000000000000000011111100011000000000000000000000100
001011000000000000000000000000000000000000000000000000000000000000000000000000000000000000000000000000000110000000000011000000000000110000000000000101
000001000110000000000000000000000000000000000000000000000000000000000000000000000000000000000000000000000110000000001110000000000000110000000000000011
000111000110000000000000000000000000000000000000000000000000000000000000000000000000001100000000000000000000000000000100000000000000000000000000000000
000000000000000000000000000000000000000000000000000000000000000000000000000000000000001100000000000000000000000000000000000000000000000000000000000000
000000000000000000000000000000000000000000011100000000000000000000000000000000000000000000000000000000000000000000000000000000000000000000000000000000
000010000000000000000000000000000000000000111100000000000000000000001100000000000000000000000000000000000000000000000000001100000000000000000000000000
001010000000000000000000000000000000000001000010000000000000000100000001100000000000000000000000000000000000000000000000001100000000000000000000000000
000000000000011000000000000000000000100011100000000000000000011011001101100000000000000000000000000000000000000000000000000000000000000000000000000000
100110000000011000000000000000000001110001000010000000000000011011000000010000000000000000000000000000000000000000000000000000000000000000000000000000
000110000000000000000000000000000010011000111100011100000000011011001101100001100000110000000000000000000000000000000000000000000000000000000000000000
111000000000000000000000000000000000000000011100010100000000000100000001100001100001001000000000000000000000000000000000000000000011100000000000000000
010000000100000000000000000000000010100000000000100100000000000000001100000000000000110000000000000000000000000000000000000000000000000000000000000000
000000001100000000000000000000000001000000000000101000000000000000000000000000001110000000000000000000000000000000000000000000000000000000000000000000
000000111000000000000000011000000001000000000000111000000000000000000000000000000000000000000000000000000000000000000000000000000000000000000000000000
000000111000000000000000101100000000000000000000011000000000000000000000000000010000000000000000000000000000000000000000000000000000000000000000000000
000000110000010000000001101000000000000000000000011000000000000000000000000000000000000000000000000001100000000000000000000000000000000000000000000000
000000000011010000000000100000000000000000000000100100000000000000000000000001000110000000000000000001100000000000000000000000000000110000000000000000
000000000110001000000000010001000000000000000000101000000000000000000000000100000010110000000000000000000000000000000000000000000000110000000000000000
000000000110110000000100001000000000000000000000010000000000000000001000000101101100000000000000000000000000000000000000000000000000000000000000000000
000000000001100000000100000001100000000000000000000000000000000000011000001101110100000000000000000000000000000000000000000000000000000000000000000000
000000000000000000000100000000000000000000000000000000000000000000111000011000001000000000000000000000000000000000000000000000000000000000000000000000
000000000000000000000000000000000000001100000000000000000000000000000000011100000000000000000000000000000000000000000000000000000000000000000000000000
000000000000000011000000000000000000001100000000000000000000000001001100001000000000000000000000000000000000000000000000000000000000000000000000000000
000000000000001100100000100000000000000000000000000000000000000000111100010000000000000000000000000000000000000000000000000000000000000000000000000000
000000000000001100010000110000000000000000000000000000000000000000110000000000000000000000000000000000000000000000001000000000000000000000000000000000
000000000000001000000001101000000000000000000000000000000000000000000000000000000000000000000000000000000000000000010100000000000000000000000000000000
000000000000000100000100001100000000000000000000000000000000000000000000001100000000000000000000000000000000000000100100000000000000000000000000000000
000001100000000000001010000100000000000000000000000000000000110000010000010010000000110000000000000000000000000000011000000000000000001100000000000000
000001100000000010001010001000000000000000000000000000000000110000111000110010000000110000000000000000000000000000000000000000000000010100000000000000
000000000110000001111000000000000000000000000000000000000000000000101100000110000010001000000000000000000000000000000000000000000000001000000000000000
000000001100000000000011000000000000000000000000000000000000000001101000000000000010001000000000000000000000000000000000000000000000000000000000000000
000000000010000000000000000000000000000000000000000000000001000001110000111000000000000001100000000000000000000000000000000000000000000000000000000000
000000000000000000000000000000000000000000000000000000000001000001100000000000000000001000000000000000000000000000000000000000000000000000000000000000
000000000000000000000000000000000000001100000000000000000000000000000000000000000000000000000000000000000000000000000000000000000000000010000000000000
000000000000000000000000001100000000001100000000000000000000000000000000000000000000000001100000000000000000000000000000000000000000000010000000000000
000000000000000000000000001100000000000000000000000000000000000000000000000000000000000001110000000000000000000000000000000000000000000010000000000000
000000000000000000000000000000000000000000000000000000000001000000000000000000000000000010010000000000000000000000000000000000000000000000000000000000
000000000000000000000000000000000001000000000000000000000001000000000000000000000000000011011000000000000000000000000000000000000000000000000000000000
000000000000000000000000000000000001000000000000000000000001000000000000000000100000000011010000000000000000000000000000000000000000000000000000001100
000000000011100000000000000010000001000000000000001000000000000001100000000000100000000000100000000000000000000000000000000000000000000000000000001100
000000000000000000000000000011000000000000000000110000000000000000000000000000100000000000000110000000000000000000000000000000000000000000000000000000
000000000000000000000000000001011100011100000000010010000000000000000000000000000000000000001001000000000000000000000000000000000000000000000000000000
000000000000000110000000000000000000000000000000001010000000000000000000000000000000000000001110000000000000000000000000000000000000000000000000000000
000000000000001001000000000000000001000000000000000000000000000000000000000000000000000000100000000000000000000000000000000000000000000110000000000000
000000000000000110000000000000000001000000110000000000000000000000000000000000000000000001101100000000000000000000000000000000000000000110000000000000
000000000000000000000001100110000001000000110000000000000000000000000000000000000000000000001011000000000000000000000000000000000000000000000000000000
000000000000000000000001000110011000000000000000000000000000000000000000000000000000000000011001100000000000000000000000000000000000000000000000000000
000000000011000000000000000000011000001100000000000000000000111000000000000000000000000000000101000000000000010000000000000000000000000000000000000000
000000000101000000000000000000000000010010000000000001100000101000000000000000000000000000000010000000000000101000000000000000000000000000000000000000
000110000010000000000000000000000000001100000000000010110011001000000000000000000000000000000000000000000001001000000000000000000000000000001100000000
000110000000000000000000000000000000000000000000000110110010000111000000000000000000000000000000000000000000110000000000011000000000000000010010000000
000000000000000000000000100000000000000000000000000000000011100001000000000000000000000000000000000000000000000000000000011000000000000000010100000000
000000000000000000000000001000000000000000000000000001010000010011000001000000000000000000000000000000000000000000000000000000000000000000001000000000
000000000000000000000001001000000000000000000000000000100000010100000110110000000000000000000000000000000000000000000000000000000000000000000000000000
000000000000000000000000000000000000000000000000000000100000011100000110110000000000000000000000000000000000000000000000000000000000000000000000000000
000000000000000000000011111000000000000000000000000000000000000000001000110000000000000000000000000000000000000000000000000000000000000000000000000000
000000000000000000000011101100000000000000000000000000000000000000001001000000000000000000000000000000000000000000000000000000000000000000000000000000
000000000000000000000001101100000000000000000000000000000000000000001000000000000000000000000000000000000000000000000000000000000000000000000000000000
000000000000000000000000011000000000000000000000000000000000000000001001000000000000000000000000000000000000000000000000000000011000000011000000000000
000000000000000000011000010000000000000000000000000000000000000000000100100000000000000000000000000000000000000000000000000000100100000100100000000000
000000000000000000010100000000000000000000000000000000000000000000000011000001000000000000000000000000000000000000000000000000011000000011000000000000
000000000000000000010100000000000000000000000000000000000000000000000000000010100000000000000000000000000000000000000000000000000000000000000000000000
000000000000000000001000000000000000000000000000000000000000000000000000000000010000000000000000000000000000000000000000000000000000100000000000000000
000000000000000011100000000000000000000000000000000000000000000000000000011100100000000000000000110000000000000000000000000000000001010000000000000000
000000000000000110111000000000000000000000000000000000000000000000000000110000100000000000000000110000000000000000000000000000000001010000000000000000
000000000000000000100100000000000000000000000000000000000000000000000000110000010000000000000000000000000000000000000000000000000000100000000000000000
000000000000000000100000000000000000000000000000000000000000000000000000001000010000000000000000000000000000000000000000000000000000000000000000000000
000000000000000000011000000000000000000000000000000000000000000000000000000110110000000000000000000000000000000000000000000000000000000000000000000000
000000000000000000000000000000000000000000000000100000000000000000000000000000000000000000000000000000000000000000000000000000000000000000000000000000
000000000000000000000010000000000000000000000001010000000000000000000000000000000000000000000000000000000000000000000000000000000000000000010000000000
000000000000000000000101000011000000000000000001010000000000000000000000000000000000000000000000000000000000000000000000000000000000000000101000000000
000000000000000000000000000010100000000000000000100000000000000000000000000000000000000000000000000000000000000000000000000000000000000000101000000000
