000000001010011000100000000000000000000000000000000000000000000000000000000000000000000000000000000000000000000000000000000000000000000100001000000000
000000001000100011000000000000000000000000000000000000000000000000000000000000000000000000000000000000000000000000000000000000000000000000000001000000
000000010000000001100000000000000000000000000000000000000000000000000000000000000000000000000000000010000000000000000000000000000000000101100000100000
000000001100000000101000000000000011001010110000000000000000000000000000000000101000000000000000000001100000100000000000000000000000000011000000100000
000000001010000000101000001100000011010011100000000000000000000000000000000001000100000000000000000011010000000000000000000000000000000000111111000000
001000000010001110011000001100000000100000100000000000000000000000000000000000100010000000000000000001000110001000001110000000000000000000000001100000
001000001110011010000000001100000010101010001001100000000000000001100000000000010010000000000000000001010000000100001110000000000000000000000001111000
001000001100011001000000000000000000010001111010110000000000000001100000000000000100000000000000000111010000011000010001001000000000000000000001001000
000000000000000000000011100000000001100000000000010000000000000000000000000000000000000000000000011010100000000000100111111010000000100000000000000100
000000000000000000000000000000000100000001100000100000000000000000000000000000000000000110000000100010110000000000010000011011000001011011100000011000
000000000000000000000000001100000101000000100001000000000000000000000000000000000000000110000000000010000000000000001111100010000000000011100000001000
000000000000000000000000001100000001000000001000000000000000000000000000000000000000000000000000101011000000000000000011101100000000000110000000000000
000010000110001000000000001100000000000000000000000000000000000000000000000000000000000000000000001100010100000000000000100100000010000010000000001100
000101001001001000000000000000000000000000000000000000000000000000000000000000000000000000000000000101110000000000000000000000000010001110001100101100
000101001010001111100000000000000000000000000000000000000000000000000000000000000000000000000000001101000000000000011111010000000010001100000101100000
000010000100000110110000000000000000000000000000000000000000000000000000000000000000000000000000000100011000000000011111010000000001010000001101011100
000000000000000100111000000000000000000000000000000000000000000000000000000001100000000000000000000010010000000000000011011100000001010000110101100100
000000000000000000001100000000000000000000000000000000000000000000000000000001100000000000000001000000011001100000000000110010000000011000111000101000
000000000000000010000110000000000000000000000000000000000011000000000000000000000000000000000001000011111001100000000000000111000000001001001000111000
000000000000000001011100000000000000000000000000000000000011000000000000000000000000000000000001000011111000000000000000000010000000001111100000000000
000000001000000000001100000000000000000000000000000000000000000000000000000000000000000000000000000000011000000000000000001100000000011000100000000000
000011010110000000000000000000000000000000000000000000000000000000000000000000000000000000000000000000011010000000000000010010000000001000110000000000
000011010110000000000000000000000000000000001100000000000000000000000000000000000000000000001100000100001100100011000000000110100000001010000000000001
000000100110000000000000000000000000000000001100000000000000000000000000000000000000000000001000011010001100010000000000000001111000111110010000000101
001001000000000000000000000000000000000000000000000000000001100000000000000000000001000000001000010000000011000000000000000100011100100011100000001001
001001000011000000000000000000000000000000000000000000000001100000000011000000011001000000000001010010001100110000000000000001000001000000000000000110
000110000000100000000011000000000000000000000000000000000000000000000110110000000000110101100011111000000000000000000000000011111101100000000000000000
000000000100100000000011011000000000000000000000000000000000011000000000110000000111011001000001000000000000000000000000000001010101000000000000000000
010000001000010000000100111000000000000000000000000000000000011000000000001000000010000001000000000000000000000000001100000000001110000000000000000000
000000100011100000000101011000000011000001110010000000000000000000000000110000000010101010000000000000000000000000001100000000010010000000000000000000
000001011011100000000000000000000011000000010111000000000000000000000000100000000001110000000000000000000000000000000000000000000010000000000000000000
000000001010000000000011011000000000000100011010100000000000000000000000000000000000000000000000000000000011000000000000000000010010000000000000000000
000000001000100000000011011001000000000100001010100000000000000000000000000000000000000000000000000000000000001000000000000000001010000000000000000000
000000000001001111000000000011100000000100000111000000000000000000000000000000000000000000000000000000000000001100000000000000000111000000000000000000
000010000000110100100000011010100000000000000010000000000000000000000000010000000000000000000000000000000000000110000000000001100110000000000110000000
000100000000110100000000001011000000000001110000000000000000000000000000011000000000000000000000000000000000001100000000000000100110000000001000000000
000110001001100000010000101100000000000000000000000000000000000000000000101100000000000000000001100000000000000000000000000000100100000000001011110000
000111010011100001100000110000000000000000000000000000000000000000000000000000000000000011000010100000000000000000000000000000100100000000010111000100
000000010010011011000000000000000011100000000000000000000000000000000000100000001000000100100001000000000000010000000000000000010000000000000100000000
000011110001000010000000000000011011000000000000000000000000000000000000000000011100000011000000000000000000111000000000000000000000000000001100011011
000100010000010001000000000000000011000000000000000000000000000000000000000000011100000000000000000000000000001100000000000000000000000000000000000111
101101001000001010000011000000000100000000000000000000000000000000000000000100000000010000000000000000000000010000000000000000000000000000000000000001
001001111000000000000100100000000000000000000000000000000000000000000000001110001000111000000000000000000010000000000000000000000000000001100000000000
000010001000001100000000100000000000000000000000000000000000000100000000010110001000110100000000000000000001000000000000000000000000000010010000010110
001100101110110111100100100000000000000000000000100010000000011011000000110110001000110110000000000000000001100001000000000000000000000010100001001100
000000011101000110001100000000000000000000000001110001000000001001000000011110000000111100000000000000000011111101100000000000000000000001011000001100
000001001111100000101100000000000000000000000011000000100000000110011100000000100010000000000000000000000101101101100000000000000000000001011110000000
000000100000100000010000000000000000000000000011010010100000000010011100001110000000110000000000000000000101000110000000000000000000000010111000100000
000000100000000000000000000000000000000000000011001001000000000000001001110000000000100000000000000000000010000000000000001100001100000100000010010000
000000000010000011100000000000000000000000000011011000000000000011000001101100000000000000000000000000000000000000000000010011011010000100101100000000
000000001101011100010000000000000000000000000010010000000000000111011000110110000000000000000000000000000000000000000000100000101011000011101001000000
000001111101111000001000000000000000000000000100000000000000000010011000010100000000000000000000101100000000000000000000000000101010000011010000000000
000001010100001000001100000000000000000000000000100000000000100001100000010000000000000000000011101100000000100000000000011111000010000000001110000000
000010010000010000001100000110000000000000000011100000000001010000000000011100000000000011001000000000000001010000000000000100011000000000000000000000
000001100000001100001100000110100000000000000000000000000010010000000000000000000000000101100000100000010111001000000000000000000000000000000000000000
000001000000001000001000000100110000001110000000001010000001100000000000000000001100001101000001000000000011001000000000001010000000000000000000000000
000000000000000010010001001000110001110110000000000100000000000000000000000000001100001100100011000000000001001000000000010001000000000000000000000000
000000000000000010000001000000100011000101000000000000000000000000000000000000000000000100111100000000010101010000000001110010000000000000000000000000
000000000000001100000010101100000110100000000000000000000000000000000000000000000000000111000000110000001110100000000001110000000000000000000000000000
010000000000011010000011101000000100100000000000000000000000000000001110000000000000000000000000000000000000000000000000000000000000000000000000000000
010000000000001010000100000000000100000000000000000000000000000000000001000000000000000000000000000000000000000000000000000001000000000000000001111000
101000000000011000001000110000110101100000000000000000000000000000110001000000000000100000000000000000000000000000000000000010000000000000000011011000
100000000000010000000100100000011101000000000000000000000000000000110010110000000001100000000000000000000000000000000000111000100000000000000110001000
111000000100100000000110000000000000000000000000000000000000000000010000110000000000100000011000000000000110000000000000111110010000000000000011000000
011000000011000000000000001100000000000000000000000000000000000000110001110000000000010000011000000000000100100000000000000001000000000000100000000110
001100000000000000000000011010000000000000000000100001100000000000010001000000000000000000000000000000000011110000000000001100011000000001110000011100
001100000000000000000001001110000000000000000001010001100000000000001100000000000000000000000000000000000010001000000000001110000000000011111000011010
110110000000000000000010010000000000000000000001010000010000000000000011000000000000000000000000000000000000110000000000000010000000000110001100000001
111100000000000000000010010000000000000000000000100110110000000000000110110000000000000000000000000000000000100000000000000000000000000011111000000000
011000000000000000000011100000000000000000000000000110000000000000000110110000000000000000000000001100000000000000000000000000000000000001110000000000
000000000000000000000000000000000000000000000000000110000000000000001001001110000000000000000000100100011000000000000000000000000000000000100000000000
000000000000000000000000000100000000000000000011000000000000000000001010000110000000000000000000011000100100000000000000000000000000000000000000011000
000000000000000000000000000100000000000000000011000000000000000000001110000100000000000001001000000001001000000000000000000000000000000000000000101100
000000000000000000000000000100000000000000000000000000000000000000000001101100000000000010001000000001000100000000000000000000000000000000000001011100
000000100000000000000000000000000000000000000001100000000000000000000000001100000000000011000100000001000110000000000000000000000000000000000010100000
000001011000000000000001110001110000000000000011100000000000000000000010001000110000000100011000000000110110000000000000000100000000000000000110110000
000011011000000000000000000000000000000000000110010000000000000000001000000000010000000011011000000000001000000000000000001010000000000000000000101100
000011011100000000000000000100000000000000000000101000000000000000000110000011100000000011100000000000000001000000000000001001000000000000000000000100
110011001100000000000000000100000000000000011000001000000000000000001001110001100000000000000000000000000010100000000000000110000000001100001000000100
000011000011010000000000000100000001000000010000010000000000000000000000000000000000000000000000000000000100110000000000000000000000001100000100001000
000000000000111100000000000000000010100000000000000000000000000000000000000000000011010000000011000000000010100000110000000000000000000000000011100000
000000000000100000000000000000000011000000000000100100000000000000000000000000000000001000000000011000000011110100110000000000000000000000000000000000
000000000000011011000000000000000000000000000000001000000000000000000000000000001101001000000000011000000001011000000000000000000000000000000000000000
000000000000000011000000000000000000000000000110110000000000000000000111001100001001011000000000000000000000111000000000000000000000000000000000000110
000000000000001011000000000000000000000000000001000000000000000000000000000000000011100000001000100000000000011000000000000001000001100000000000000110
000000000100001100000000000000000000000000000000000000000000000000000000000000000000000000001000000000000000001100000000000010100001100000000000000000
000000001010000000000000000000000000000000000000000000000000000000000000000000000000000011100000000000000000101011000000110010100000000000000000000000
000000011010000000000000000000000000000000000000000000000000000000001000000000000000000010000000000000000001000011000000110001000000000000000000000000
110000000000100000010000110000000000000000000000000000000000000000010100000000000000000011000110000000000000111001000000000000001000000000000000000001
000000000100010000110001011000000000000000000000000000000000001100000110000001110000000000101100000000000000010001000000000000001000000000000000000000
000000000010100001000000101100000000000000000000000000000000001100000000000111100000000000000000000000000000000110000000000000001000000000000000000000
000000000001000000110001100110000000000011000000000000000000000000000000000000100000000000000000000000000000100000000110000000000000000000000001100000
000000000000000000010001101100000000000011000000000000000000000000000000000000000000000000000000000000000001110000001001000000000000000000000001100000
000000000000000000000001111000000000000000000000000000000000000000000111110000000000000000000000000000000000010000000110001100000000000000000000000000
000000000000000000000000010000000000000000000000000000000000000000000110110000000000000000000000000000000000100000000000000001110000000000000000000000
000000000000100000000000000111000000000000000000011000000000000100000010000000000000000001000000000000010000100000000000001110010000000000000000000000
000000000001100000000000000111100011000000000000100100000000001010000001000100110001101111111000000000010001100100000000001001001000000000000000000000
000000000011100000000000001100100010100000000000100001000000010000000000000000110000000000011100000000000011111000000000010001011000100000000000000000
000000000000000100000000000001000001000000000000011111100000001010000000001011001110000000110010000000001100111000000000001010000001010000000000000000
000000000000110100000000101000000110000000000000000010110000001000000001110110011111000110001100000000000111000000000000001110000001010000000000000000
100000000000000100000000010000001110000000000000000010100010010000000000000000001000000000000000000000000010000000011000000000000000100000000000000000
100000000000111000000000000000011111000000000000000011000010010000000000000000001010101000000000000011000000000000100100000000000000000000000000000110
011000000000010000000000000000100000100000000000000000000001010000000000110000000100001100000000000101100000000000101000000000000000000000000110110000
001000000000001000000000000001100100110000000000000000000000000000000001001100000011100100000000011100000000000000010000000000000000000000100100100111
110000110000010010000000000011101010111000000000000000000000000000000010000000000000000100000000111100000000010000000000000000000000000000100001110011
011000110000010010000000000001100100110000000000000000000000000000000001100000000000000000000001000000000000011000000000000000000000000000000101100000
111001000000010010000000000000100000100000000000000000000000000000000000100000100000000000000010000000110000101100000000000000000000000000100001110000
000000000000110000000000000000011111000000000000000000000000000001100000011110100000000000000110110000110000101000000000000000000000000000000100001100
111000000000011000000000000000001110000000000001100000000000000011110000000001100000000000000110100000111000110000000000000000000000000000000000000111
100010000000000000000000000000000100000000000001100000000000001100000000000001100000000000001111000010011000000000000000000000000000000000110000001000
000001000000000000000000000000000000000100000000000000000000010001000000000011010001100000010100000000010000000000000000000000000000000000111000000001
100010000000000000000000000000001100001010000000000000000000000000100000001110100010011000001100000001011000000000000000000001001000000000000000001000
110100000000000000000000100000000100010010000000000000000000100000100000001100000011011000000000000000110000000000000000000001001000000000100110000011
111000000000000000001111110000001100001100000000000000000000010001000000000000000011011000000000111000000000000000000000000010001000000000000110000100
000000000000000000010111110000011001011000000000000000000000001110000000000000000000100000000000000000000000000000000000000001110000000000000111000000
000000011100000000000010000000011010110110000000000000000000000000000000000000000000000000000000000000000000000000000000000001110000000000000010000000
110000010100000000011000111000000010100010001100000000000000000000000000000000000000000000000000000000000000000000000000000000000000000000000000000000
000000011100000000000001011000000011011100010010000000000000000001110000100000000000000000000000000000000000000000000000000000000000000000000000000010
110000000000000000000010010000000101000000111000000000110000011000000001010000000000000011100000000000000000110100001100000000000000000000000000000110
000000000000000000000011100000000100100000010100000000110000100100000010010000000000000011100010000000000000101011011100000000000010000000000011000000
000000000000000000000000000000000101000000001000000000000000010100000001100000000000000011000011000000000010110110110000000000000110000000000011000000
000000000000000000000000000000000011000000000000000000000000001000000000000000000000000000000001100000000111000010100000000000000100100000000011100000
000000000000000000000000000000000001000000000000000000000000000000000000000000010000000001000000000000011000100111000000000000001110000011000000000000
000000000000000000000000000100000010100000000000000000000000000000000000000001111000000000000000000000100011110000000000000001011101100000000000000000
000000000000000000000000000100000001100000000000000000000000000000000000000001000000000000000000000001000010000000000000000010111001000000000000000000
000100000000000000000000000100000001100000000000000000000000011000000000000000110100000000000110000000101100000000000000000011000001111000000000000000
001000000000000000000000000000000000100000000000000000000000011000000000110000001000000000000110000000010001110000000000000000000000110000000000000000
000111000000000000000000000000000001010000000001100000001100110000000000011000000000000000001110000000000000111000001100000000000100100000000000000000
000100000000000000000000000000000100010000000001100000000000100000000001000000100000000000110110000000000001011110000010011100000111000000000000000000
000011100000000000000000000000000100000000000000000000011100010000000001100110010000000000111110000000000000000011001011010010000000000000000000000000
000000000000000000000000000000000000000000000000000000101100011000000000010001010000000100000001000000000110000111001001010000000000000000000000000000
000011011000000000110000000000000001100000000000100011110001110000000000001100000000001110000110100000000111000011010000001110000000000000000000001100
000010000000000001010000000000000101100000000000100000010001100000000000000000000100010011100011100000000011000110001001000000000000000000000000001010
001100100000000001100000000000000111000000000000100100010000000000000000000000000010011101110001000000000111000000000101000000000000010000000000001010
001100100100000000000000000000000000100000000000000110100000000000000000000000010100011000000100000000000110000000000000001000000000010000000000000111
001101000100000000000000000000000001110000000000000100000000000000000000000000001000000000000111000000000010100000000000011100000000101000000000110010
000011011000000000000000000000000001001000000000000000000000000000000000000000000000000000001000100000000001100000000110010001100000000000000000100100
000000100000000000000000110000000001010000000000000000000000000000000000000000000000000000011010100000000000000000000101000110010000001000000000111000
000000000000000000000000110000000001110000000000000000000000000000000000000000000000000000001011000000000000000000000011000000010000100000000000000000
000000000000000000000000000001111000100000001000000000000000000000000000000000000000000000000000000000000000000000000000000000000000100100010000000000
000000000000000000000000000001001111000000001000000000000000000000000000000000000000000000000000000000000000000000000000000000000000100100100110000000
000000000011100000000000000000101010000000001000000000000000000000000000000000000000000000000000000000000000000000000000000000000000000000000001000000
000000001011000000000000000111100100000000000000000000000000000000000000000000000000000000000000000000000000000000000000000000001010010000011001000000
000000001110000000000000000001010100000000000011100000000000000000000000000110000000000000000011000000000000000000000000000000000001110000001010000000
000000000100000000000000000110100000000000000000000000000000000000000010000110000000000000000100100000000000000000000000000000000001110000000100000000
000000000000111000000000000000010100000000000000000000000000000000000011000000000000000000000011000000000000000000000000000000000000000000000000000000
000000000000000000000000000000000000000000000000000000000000000000001100100000000000000000000000000000000000000000000000000000000000000111000000000000
000000000000000000000000000000000000000000000000000000000000000000011100000000000000000000000000000000000000000000000000000000000000000100100000000000
000111000000000000000000000000000000000000000000110000000000000000001100000000000000000000000000000000000000000000000000000000000000000100100000000000
000111000000000000000000000000000000000000000000110000000000000000000000000000000000000000000000000000000000000000000000000000000000000100000000000000
