01110000000000000000000000000000000000000000000000
00000000000000000000000000000000000000000000000000
00000000000000000000000000000000000000100000000000
10000000000000000000000000000000000001010000000000
01100000000000000000000000000000000000110000000011
00000000000000000000000000000000000000000000000000
01010000000000000000000000000000000000000000000000
00010000000000000011000000000000000000000000000001
00110000000000000101000000000000000000000000000001
11100000000000000010000000000000000000000000000000
01000000000000000000000000000000000000000000000000
00000000000000000000000000000000000000000000000000
00000000000000000000000000000001000000000000000000
00000000000000000000000000000010100000000000000000
00000000000000000000000001111000100000000000000000
00000000000000000000000111010010000000000000000000
00000000000000000000010111110100000000000000000000
00000000000000000000010000011000000000000000000000
00000000000000000000000000000000000000000000000000
00000000110000000000000000000000000000000000000000
00000001001001100000000110000000000000000000000000
00000000110001100000000111111000000000000000000000
00000000000000000000000101111000000000000000000000
00000000000000000000000100010000000000000000000000
00000000000000000000000010100000000000000000000000
00011000000000000000000011100000001100000000000000
00011000000000000000000000000000001100000000000000
00000000000000000000000000000000000000000000011000
00000000000000000000000000000000000000000000010100
00000000000000000000000000000000000000000000001100
00000000000000000000000000000000000000000000000000
00001110000000000000000000000000000000001000000000
00001011000000000000000000000000000000010100000000
00000010000000000000000000000000000000001100000000
00000010010000000000000000000000000000000000000000
00000001010000000000000000000000000000000000000000
00000001110000000000000000000000000000000000000000
00000000000011000000000000000000000000000000000000
00000000000011000000000000000000000000000000000000
00000000000000000000000000000000000000000000000000
00000001000000000000000000000000001100000000000000
00000010100000000000000000000000001100000000000000
00000010010000000001100000000000000000000000000000
00000001100000000001100000000000000000000000000000
00000000000000000010000000000000000000000000000000
00000000000000000010100000000000000000000000000000
00101000000000000010110000000100000000000000000000
01001000000000000001011100000100000000000000000000
01000000000000000000001100000100000000000000000000
01010000000000000000000000000000000000000000000000
