00000000000000000000000000000011000000000000000000
00000000000000000000000000000000000000000000000000
00000000000000011000000000000000000000000000000000
00000000000000011000000000000000000000000000000000
00000000000000000000000000000000000011000000000000
00000000000000000000000000000000000100100000000000
00000000001110000000000000000100000011000000000000
00000100010001000000000000001010000000000000000000
00001000011000100000000000001001000000000000000000
00000110001100100110000000000110000001110000100000
00000111001101100110000000000000000000001000010000
00000000001110000000000000000000000010000000110000
00000000000000000000000000000000000010001000000000
00000110000000000000000000000000000001101010000000
00000110000000000000000000000000000000011010000000
00000011000110000000000000000000000000000000000000
00000110111011000000000000000000000000000000000000
00000011111000000000000000000000000000000000000000
00000010000011100000000000000000000000000000000000
00000000110001010000000000000000000000000000000000
00001010100000100000000000000000000000000000000000
00000110001011110000000000000000000000000000000000
00000110000111000000000000000000000000000000000000
00010100000000000000000100000000000000000000000000
00000000000000000000001010000000000000000000000000
00000000000000000000010010000010000011000000000000
00000000000000000000001100000101000000100000000000
00000000000000000000000000001000000000000000000000
00000000000000000000000000001101000001101100000000
00000000000000000000000000011000001011100100000000
00000000000000000100000000111000100011000100000000
00000000000000011010000000011001100011001000000000
00000000000000011111000000001111000001110000000000
00000000000000100101000000000110000000000000000000
00000000000000010101000000000000000000000000000000
00000000000000110110000000000000000000000000000000
00000000000000000000000000000000000000000000000000
00000000000000000000000000000000000000000000000000
00000000000000000000000000000000000000000000000000
00000000000000000000000000000000000000000000000000
00000000000000000000100000000000000000000000000000
00000000000000000000100000000001100000000000000011
10000000000000000000100000000001100000000000000100
00000000000000000000000000000000000000000000000011
00000000000000000000000000000000000000000000000000
00000000000000000000000000000000000000000000000000
00000000000000000000000000000000000000000000000000
00000000000000000000000000000000000000000000000000
00000000000000000000000000000000000000000000000000
00000000000000000000000000000011000000000000000000
