101000011010000000110000110000000110000000000000000000000000000000000000000000000000000000000000000000000000000000000000000000000000000000000000000000
100100000000000000000000101000000000000000000000000000000000000000000000110000000000000000000000001000000000000000000000000000000000000000000000000000
101000000000000000000000010000000000000000000000000000000000000000000000110000000100000000000000001000000000000000000000000000000000000000100000000000
000000000000000000000000000000000000000000000000000000000000000000000000000000000110000000000000001000000000000000000000000000000001111000100000000000
100000000000000000000000000000000000000000000000000000000000000000000000000000000110000000000000000000000000000000000000000000000010000110100000000001
110000000000000000000000000000000000000000000011100000000000000000000000000000000010000000000000000000000000000000000000000000000010000110000000000011
111000000000000000000000000000000000000000000000000001110000000001100000000000000000000000000000000000000001100000000000000000000010001110000000000010
001100000000000000000000000000000000110000000000000000000000000001100000110000000000000000000000000000000001100000000000000000000001100000100000000000
001000000000000000000000000000000000110000000000000000000000000000000000110000000000000000000000000000000000000000000000000000000000000010110000000000
110000000000000000000000000000000000000000000000000000000000000000000000000000000000000000000000000000000000000000000000000000000000000000110000000001
100000000000000000000000011000000000000000000000000000000000000000000000000000000000000000000000000000000000000000000000000000000000000000110000000001
000000000000000000000000010100000000000000000000000000000000000000000000000000000000000000000000000000000000000000000000000000011000101000100000000110
000000110000000000000000001000000000000000000000000000000000000000000000110000000000000000000000110000000000000000000000000000101001000010000000000111
000001001000000000000000000000000000000000000000000000000000000000000000110000000000000000000000110000000000000000000000000000010000100101010000001001
000000110000000000000000000000000000000000000000000000000000000000000000000000000000000000000000000000000000000000000000000000000000100000010000000110
000000000000000000000000000000000000000000000000000000000000000000000000000000000000000000000000000000000000000000000000000000000000000010100000000000
001000000000000000000000000000000000000000000000000000000000000000000000000000000000000000000000000000000000000000000000000000000000111010100000000000
010100000000000000000000000000000000000000000000000000000000000000000001000000000000000000000000000000000000000000000000000000011100001001000000000000
010100000000000000000000000000000000000000000000000000000011000000000010100000000000000000000000000000000000000000000000000000010010100000000001100000
001000000000000000000000000000000000000000000000000000000011000000000001000000000000000000000000000000000000000000000000000001000000000000000001010000
000000000000000000000000000000000000000000000000000000000000000000000000000000000000000000000000000000000000000000000000000001001101011000010000100000
000000000000000000000000000000000000000000000000000000000000000000000000000000000000000000001100000000000000000000000000000001001011000000101000000000
000000000000000000000000000000000000000000001100000000000000000000000000000000000000001100010010000000000000000000000000000000110110010000110000000000
000000000000000000000000000000000000000000001100000000000000000000000000000000000000001100001010000000000000000000000000000000001000110000000000000011
100000000000000000000000000000000000000000000000000000000000000000000000000000000100000100000100000000000000000000000000000000001000000000000000000100
000000000000000000000000000000000000000000000000000000000000000000000000000000000100011100000000000000000000000000000000000000000111000000000000000011
000000000000000000000000000000000000000000000000000000000000000000000000000000000110101000000000000001100000000000000000000000000000000000000000000000
000000000000000000000000000000000000000000000000000000000000000000000000000000000000001000000000000010010000000000110000000000000000000000000000000000
000000000000000000000000000000000000000000000000000000000000000000000000000000000000110000000000000001100000000000110000000000000000000000000000100000
000000000000000000000000000000000000000000011000000000000000000000000000000000000000000000000000000000000000000000000000000000000000000000000001010000
000000000000000000000000000000011000000000011000000000000000000000000000000000000000000000000000000000000000000000000000000110000000000000000001100000
000000000000000000000000000000011000000000000000000000000000000000000000000000000000000000000000000000000000000000000000001001000000000000000000000000
000000000000000000000000000000000000000000000000000000000000000000000000000000000000000000000000000000000000000000000000001001000000000000000000000000
000111000000000000000000000000000000000000000000000000000000000000000000010000000000000000000000000000000000000000000000001010000000000000000000000000
000000000000000000000000000000000000000000000000000000000000000000000000101000000000000000000000000000000000000000000000000000000000000000000000000000
000101000000000000000000000000000000000000000000000000000000000000000000100100000000000000000000000000000000000000000000000000000000000000000000000010
000010000000000000000000000000000000000000000011000000000000000000000000011000000000000010000000000000000000010000000000000000000000000000000000000100
011000000000000000000000000000000000000000000100100000000000000000000000000000000000000101000000000000000000101000011000000000000000000100000000010000
011000000000000000000000000000000000000000000011000000000000000111000000000000000000000101000000000001001000011000011000000000000000001010000000010000
000100000000000000000000000000000000000000000000000000000000000000000000000000000000000010000000000001010000000000000000000000000000001010000000010000
001000000000000000000000000000000000000000000000001100000000010000010000000000000110000000000000000001110000000000000000000000000000000100000000000100
001000000000000000000000000000000000000000000000010010000000010000010000000000000110000000000000000000000000000000000000000000000000000000000000000100
100000000000000000000000000000000000000000000000001100000000010000010000000000000000000000000000000000000000000000000000000000000011000000011000000001
000000000000000000000000000000000000000000000000000000000000000000000000000000000000000000000000011101000000000000000000000000000100100000100100000000
100000000000000000000000000000000000000000000000000000000000000111000000000000000000000000000001110100100001110000000000000000000011000000011000000001
010000000000000000000000000000000000000000000000000000000000000000000000000000000000000000000001100000000111001000000000000000000000000000000000000001
110000000000000000000000000000000000000110000000000000000000000000000000000000000000000000000010101000100000000011000000000000000000000100000000000000
000000000000000000000000000000000000000110000000000000000000000000000000000000000000000000000011001000101000010011000000000000000000001010000000000000
000000000000000000000000000000000000000000000000000000000000000000000010000000000000000000000011000111000110010010000000000000000000001010000000000000
000000000000000000000000000010000000110000000000000000000000000000000101000000000000000100000000100000000110000110000000000000000000000100000000000000
000000000011000000000000000101000001001000000000000000000000000000000110000000000001110110000000110000000110000000000000000000000000000000000000000000
000000000011000000000001001000100000110000000000000000000000000000000000000011100000001001000001001000101110000000000000000000000000000000000000000000
000000000000000000000001000101000000000000000000000000000000000000000000000100010001101110000001001000100000000000000000000000000000000000000000000000
000000000000000011000001000010000000000111000000001100000000000000000000001000000000011100000011011000000000000000000000000000000000000000000000000000
000000000000000110100000000000000000000000000000001100000000000000000000010000001000000000000001010000000000000000000000000000000000000000000000000000
000000000000000000001000000000000000000000000000000000000000000000000000010000001100000000000000100000000000000000000000000000000000000000000000000000
000110000000000000101101000000000000110000000000000000000000000000000000011100001000000000000000000000000000000000000000000000000000000000000000000000
001001000000010000000010010000000000110000000000000000000000000000000000000000001011000000000000000000000000000000000000000000000000000000000000000000
000110000000010001101010010000000000000000000000000000000000000000000000000000001011000000000000000000000000000000000000000000000000000000000000000000
000000000010001100001110010000010000000000000000000000000000000000000000000000001100000000000000000000000000000110000110000000110000000000000000000000
000000000010000101000000000000101000000000000000000000000000000000000000000111000000000000000000000000000000000110000110000000110000000000000000000000
000000000010000010000011010000100100000000000000000000000000000000000000000010000000000000000000000000000000000000000000000000000000000000000000000000
001110000000000000000001001000011000000000000000000000000000000000000000000001101100000000000000000000000000000000000000000000000000000000000000000000
001010000000000000000000001100000000000000000000000000000000000000000000000000110010000000000000000000000000000000000000000000000000100000000000000000
011001000000000000000110001000000000000000000000000000000000000000000001000000001110000000000000000000000000000000000000000000000010100000000000000000
010001000000000000000110101000000000000000000000000000000000000000000010100000000010000000000000000000000000000000000000000000000011100000000011000000
100110000000000000000001110000000000000000000000000001000000000000000010100000000000000000000000000000000000000000000000000000000010000000000011000000
010000000000000000000000000000000000000000000000000001000000000000000001000000000000000000000000000000000000000000000000000000000000000000000000000000
000000000000000000000000000000000000000000000000000010100000000000000000000000000000000000000000000000000000000000000000000000000000000000000000000000
000000000000000000000000000000000000000000000000000001000000000000000000000000000000000000000000000000000000100000000000000000000000000000000010000000
000001110000000000000000000000000000000000000000000001000000000000000001100000000000000000000000000000000001110000000000000000000000000000010001000000
000001110000000000000000000000000000000000000000000000000000000000000001100000000000000000000000000000000010101000000000000000000000000000110000100000
000010001000000000000000000000000000000000000000000000000000000000000000000000000000000000000000000011100110001000000000000000000000000000000000100000
000011011100000000000000000000000000000000000000000000000000000000000000000000000000000000000000000000000000000110000000000000000000000000010000100000
000001001000000000000000000000000000110000000000000000110000000000000000000000000000000111000000000000000000100001000000000000000000000000110111000000
000000110000000000000000000000000000110000000000000000110000000000000000000000000000000101000000000000000001010011100000000000000000000001110110000000
000000000000000000000000000000000000000000000000000000000000000000000000000000000000000100100000000000001000100001000000000000000000000010000001110000
000000000000000000000000000000000000000000000000000000000000000000000000000000000000000001100000000000001100000110000000000110000000000001001000000000
000000000000000000000000000000000000000000000000000000000000000000000000000000000000000000000001100000000010001000000000001001000000000000011001101000
000000000000000000000000000000000000000000000000000000000000000000000000000000000000000000000000100100000010101000000000000001000000000000000001100000
000110000000000000000000000000000000000000000000000000000000000000000000000000000000000000000000000100000001110000000000001110001000000000000000100000
000110001110000000000000000000000000000000000000000000000000000000000000000000000000000000000010110100000000100000000000000000010100000000001111101000
000000000000000000000000000000000000000000000000000000000000000000000000000000000000000000000101001000000000000000000000000000100100000000001100011000
000000000000000000000000000000000000000000000000000000000000000000000001000000000000000000001001000000000000000000000000000000011000000111000100000000
000000000000000000000000000000000000000000000000000000000000000000000001000000000000000000001000001000000000000000000000000000000000000000100010100000
000000110000000000000000000000000000000000000000000000000000000000000001000000000000000000001100110000000000000000000110000000000000000000000001000000
000000110000000000000000000000000000000000000000000000000000000000000000000000000000000000001111110000000000000000000110000000000000000011011000000000
000000000011000000000000000000000000000000000000000000000000000111000000011100000001100000000101100000000000000000000000000000000000000000011000000000
000000000100100000000000000000000000000000000000000000000000000000000000000000000000010000000110100000000000000000000000000000000000000000001000000000
000000000010100000000000000000000000000000000000000000000000010000000000000000011000000000000110110000000000000000000000000000000000000001010000000000
000000000001000000000000000000000000000000000000000000000000010000000000000000100000001000000001110000000000000000000000000000000000000000100000000000
000000000000000000000000000000000000000011000000000000000000010000000000000000100110101000001111100011000000000000000000000000000000000100000100000000
000100000000000000000000000001100000000011000000000000000000000000000000000000110011101100001111000011000000000000000000000000000000001010001010000000
001010000000000000000000000001100000000000000000000000000000000111000000000000001111110000001000100000000000000000000000000000000000001010001010000000
001100000000000000000000000000000000000000000000000000000000000000000000000000000000000000000100000000000000000000000000000000000000000100000100000000
000000000000000000000000000000000000000000000000000000000000000000000000000000000000000000000100010000000000000000000000000000000000000000000000000000
000000000000000000000000000000000000000000000000000000000000000000000100000000000000000000000010010001000000000000000000000000000000000000000000000000
000011000000000000000000000000000000000000000000000000000000000000001100000000000000000000000001001110101000000000000000000000000000000000000000111000
000011000000000000000000000001000000000000000000000000000000000000011010000000000000000000011000110110000100000000000000000000000000000000000001000100
000000000000000000000000000001000000000000000000000000000000000000101101010000000000000000011000000001000000000000000000000000000000000000000010000010
000000001100000000000000000001000000000000000000000000000000001000011001000000000000000000000000000000100100000000000000000000000000000000000010000010
000000010100000000000000000000000000000000000011000000000000001000011010100000000000000000000000000000100000000000000000000000000000000000000010000010
000000011000000000000000000000000000000000000011000000000000001000000010100011000000000000000001101011111000000000001000000000000000000000000001000100
000000000000000000000000000000000000000000000000000000000000000000000010100100100000000000000100010000110100000000010100000000000000000000000000111000
000000000000000000100000000000000000110000000000000000000011100011100000000100100000000000000100000000000000000000100100000000000000000000000000000000
000000000000000100010000000000000000110000000000000000000000000000000000000011100000000000000000000110000000000000011000000000000000000000000000000000
010000000100000000110000000011000000000000000000000000000000001000100000000011000000000000000011111100000000000000000000000000000000000000000110000000
110000001110001001001110000100100000000000000000000000000000001000110001010001000000001110010100010000000000000000000000000000000000000000001010000000
101010001001100001110010000101000000000000000000000000000000001011001001001100000010001110010110111100000000000000000000000000000000000000001000000000
000001010111100100000010000010000000011100000000000000000000000011010100111000000001101000010100000000000000000000000000000000000000000000010010000000
001001010000010011001100000000000001111010000000000000000000000011010100100000000000000100000001100000000000000000000000000000000000000000110010000000
011011110111100000110000000000000010001010000000000000000000000000001100011000000000111010001100100000000000000000000000000000000000000000111100000110
000000001011100000000000000000000001101010000000000000000000000000000000001000010110111000001011000000000000000000000000000000000000000000000000000000
000000000000110000000000000000000000111100000000111000000000000000000000000000011000101100001110000000000000000000000000000000000000000000000000000001
000000000000111000000000000010000000001000000000000000000000000000000000000000001010000010000000000000000000000000000000000000000000000000000000000001
110000000001100100000000000100000000000000000000000000000000000000000000000000000000000010000100000000000000000000000000000000000000000000000000000000
110000000001011100000000000100110000010000000000000000000000000000000110000000010001000000000100000000000000000000000000000000000000000000000000000001
100000000101000000000011101000001000101000000000000000000000000000000110000000110000100000000100000000000000000000000000000000000000000000000000000001
101000000100000000000010001001000001001000000000000000000000000000000100000000011111000000000000000000000000000000000000000000000000000000000001110000
010000000100000000001001101001100001010000000000000000000000000000000000000000001110000000000001110000000000000000000000000000000000000000000000000000
000000001011000000100000000100000001100000000000000000000000000000000000000000000000000000000001100000000000000000000000000000000000000000000000000000
000000001000100001100101101000000011000000000000000000000000000000000000000000000000000001000011100000000000000000000000000000000000000000000000000000
000000000000100000000011010000000000000000000000000000000000000000000000000000000000000001000000100000000000000000000000000000000000000000000000000000
000000000011100000000000110000100000000000000000000000000000000000000000000000000000000000000100100000000000000000000000000000000000000000000000000000
000000000000000000000000010100100000000000000000000000000000000000000000000000000000000000001101100000000000000000000000000000000000000000000000000000
000000000000000000000000001100000000000000000000000000000000000000000000000000000000000000000101000000000000000000000000000000000000000000000000000000
000000000000000000000000000000111000000000000000000000000001110000000000000000000000000000000010000000000000000000000000000000000000000111000000000000
000000000000000000001100000001000000000000000000000100000000000000000000000000000000000000000000000000000000000000000000000000000000000000000000011000
000000000000000000001100000001011000000001100000100001000000000000000000000000001110000000000000000000000000011000000000000000000000000000000000100100
000000000000000000000000000010001000000001010001000000000000000000000000000000000000000000000000000000000000011000000000000000000000000000000000100100
000000000000000000000000000000001010000000100001000000000000000000000000000000000000000000000000000000000000000000000000000000000000000000000000011000
000000000000000000000000000000001110000000000000000000000000000000000000000000000000000000000000000000000000000000000000000000000000000010000000000000
000000000000000000000000000000100000011000000000000010010110000000000000000000000000000000000000000000000000000000000000000000100000000010000000000000
000000000000000000000000000000010110000000000000000001010011000000000000000000000000000000000000110000000000000000000000000001110000001111000000000000
000000000000000001100000000000010110000000000000000000111110000000000000000000000000000000000000110000000000000000000000000011010000011000000000000000
000000000000000001010000000000000000000000010000000000011100000000000000000000000000000000000000000000000000000000000000000010001000010011000000000000
000000000000000000100000000000011000000001101100000010001000000000000000000000000000000000000110000000000000000000000000000010010000001110000000000000
000000000000000000000000000000000111000001101100000101000000000000000000000000000000000000001001000000000000000000000000000001000000001000000000000000
000000000000000000000000001000000111000010110000000101000000000000000000000000000000010000000101000000000000000000000000000000000000000000000001000000
000000000000000000000000011100000010000010100000000010000000000000000000000000110000010000000010000000000000000000000000000000000000010100000010100000
000000001100000000000000110010000000000011000000000000000000000000000000000000110000010000000000000000000000000000000000000000110000101100000000010000
000000001100000000000000100101000000000000000000000000000000000000000000000000000010000000000000000000000000000000000000000000110000011100001000011000
000000000100000000000001100011000000000000000000001100000000000000000000000000000010000000000000000000000000000000000000000000000000001000000001100100
100000000111000001110001101011000000000000000000001100000000000000000000000110000010000000000000000000000000000000000000000000000000000000001000100100
111100001000010100001000010000000000000000000000000000000000000000000001000110000000000000000000000000000000000000000000000000000000000000000000001011
001110001000000000001000000000000000000000000000000000000000000000000010100000000000000000000000000000000000000000000000000000000000000000000100000110
110011100000000000010110000000000000000000000000100000000000000000000001000000000000000000000000000000000000000000000000000000000000000000000000011110
000010001100000000100010000000000000000000000001010000000000000000000000000000000000000000000000000000000000000000000000000000000000000000000100000000
000000000000000000011010000000000000000000000001010000000000000000000000000000000000000000000000000000000000000000000000000000000000000000000111000000
000001101000100010101100000000000110000000000000100000000000000000000000000000000000000000000000000000000000000000000000000000000000000000000000000000
