000000000000000000000000101110000110000000000000000000000000000000000000000000000000000000000000000000000000000000000000000000000000000000001001000000
000000000000000000000000011100000000000000000000000000000000000000000000110000000000000000000000000000000000000000000000000000000000000000000110000000
000000000000000000000000000000000000000000000000000000000000000000000000110000000110000000000000011100000000000000000000000000000000001110000000000000
100000000000000000000000000000000000000000000000000000000000000000000000000000001000000000000000000000000000000000000000000000000001001111000000000001
010000000000000000000000000000000000000000000001000000000000000000000000000000000001000000000000000000000000000000000000000000000010000010100010000010
100000000000000000000000000000000000000000000001000000100000000000000000000000000110000000000000000000000000000000000000000000000010011101001110000010
000000000000000000000000000000000000000000000001000000100000000001100000000000000000000000000000000000000001100000000000000000000011001100010000000001
011100000000000000000000000000000000110000000000000000100000000001100000110000000000000000000000000000000001100000000000000000000000000001110000000000
000000000000000000000000000000000000110000000000000000000000000000000000110000000000000000000000000000000000000000000000000000000000000001100011000000
101010000000000000000000000000000000000000000000000000000000000000000000000000000000000000000000000000000000000000000000000000000000000010100010000000
110110000000000000000000011000000000000000000000000000000000000000000000000000000000000000000000000000000000000000000000000000000000000001111100000000
000001100000000000000000010100000000000000000000000000000000000000000000000000000000000000000000000000000000000000000000000000000000000001111000000011
001001001000000000000000001000000000000000000000000000000000000000000000110000000000000000000000110000000000000000000000000000001101100000110000001001
010100101000000000000000000000000000000000000000000000000000000000000000110000000000000000000000110000000000000000000000000000001000100000000000001010
001001001000000000000000000000000000000000000000000000000000000000000000000000000000000000000000000000000000000000000000000000000111000000000000001001
000001100000000000000000000000000000000000000000000000000000000000000000000000000000000000000000000000000000000000000000000000000000000000000000000011
110110000000000000000000000000000000000000000000000000000000000000000000000000000000000000000000000000000000000000000000000000000000000000000000000000
101010000000000000000000000000000000000000000000000000000000000000000001000000000000000000000000000000000000000000000000000000000000000000000000000000
000000000000000000000000000000000000000000000000000000000011000000000010100000000001100000000000000000000000000000000000000000110000000000000000100000
011100000000000000000000000000000000000000000000000000000011000000000001000000000001100000000000000000000000000000000000000001101000000000000001010000
000000000000000000000000000000000000000000000000000000000000000000000000000000000000000000000000000000000000000000000000000010001000000000000001010000
000000000000000000000000000000000000000000000000000000000000000000000000000000000000000000001100000000000000000000000000000001110000000000001000100000
000000000000000000000000000000000000000000001100000000000000000000000000000000000000000000010010000000000000000000000000000000100000111000011100000000
000000000000000000000000000000000000000000001100000000000000000000000000000000001111001000001010000000000000000000000000000000000010111000010110000011
100000000000000000000000000000000000000000000000000000000000000000000000000000000111000100000100000000000000000000000000000100000100111000000011000100
000000000000000000000000000000000000000000000000000000000000000000000000000000000010001000000000000000000000000000000000001000000111000000010110000011
000000000000000000000000000000000000000000000000000000000000000000000000000000000000010000000000000001100000000000000000010100000000011100011100000000
000000000000000000000000000000000000000000000000000000000000000000000000000000000000000000000000000010010000000000110000110100000000000000001000100000
000000000000000000000000000000000000000000000000000000000000000000000000000000000000000000000000000001100000000000110000010100000000000000000001010000
000000000000000000000000000000000000000000011000000000000000000000000000000000000000000000000000000000000000000000000000010100000000000000000001010000
000000000000000000000000000000011000000000011000000000000000000000000000000000000000000000000000000000000000000000000000000110000000000000000000100000
000000000000000000000000000000011000000000000000000000000000000000000000000000000000000000000000000000000000000000000000001001001010000000000000000000
000000000000000000000000000000000000000000000000000000000000000000000000000000000000000000000000000000000000000000000000000001010010000000000000000000
000000000000000000000000000000000000000000000000000000000000000000000000010000000000000000000000000000000000000000000000011011010010000000000000000000
000000000000000000000000000000000000000000000000000000000000000000000000101000000000000000000000000000000000000000000000000001101100000000000000000000
000000000000000000000000000000000000000000000000000000000000000000000000100100000000000000000000000000000000000000000000000001010000000000000000000000
000000000000000000000000000000000000000000000011000000000000000000000000011000000000000010000000000000000000010000000000000010010000000000000000000110
000000000000000000000000000000000000000000000100100000000000000010000000000000000000000101000000000111000000101000011000000001100000000100000000001001
000000000000000000000000000000000000000000000011000000000000000010000000000000000000000101000000000000000000011000011000000000000000001010000000000110
000000000000000000000000000000000000000000000000000000000000000010000000000000000000000010000000000000000000000000000000000000000000001010000000000000
000011001000000000000000000000000000000000000000001100000000000000000000000000000110000000000000000000100000000000000000000000000000000100000000000000
000110000000000000000000000000000000000000000000010010000000111000111000000000000110000000000000000001010000010000000000000000000000000000000000000000
001010000000000000000000000000000000000000000000001100000000000000000000000000000000000000000011100001001000100100000000000000000011000000011000000000
011100001000000000000000000000000000000000000000000000000000000010000000000000000000000000000011110000110001000100000000000000000100100000100100000000
100100111000000000000000000000000000000000000000000000000000000010000000000000000000000000110000001000000001000010000000000000000011000000011000000000
011011010000000000000000000000000000000000000000000000000000000010000000000000000000000000111110010000000001000010000000000000000000000000000000000000
000101100000000000000000110000000000000110000000000000000000000000000000000000000000000000101100010000000000100000000000000000000000000100000000000000
000101000000000000111101111000000000000110000000000000000000000000000000000000000000000000000001010011000000011100000000000000000000001010000000000000
000010000000000000010100001100000000000000000000000000000000000000000010000000000000000000000000000100100000000000000000000000000000001010000000000000
000000000001100001010000100000000000110000000000000000000000000000000101000000001000000000000000000100100000000000000000000000000000000100000000000000
000000111010000010001000111100000001001000000000000000000000000000000110000000001100000001010000110000100000000000000000000000000000000000000000000000
000000111110000001110000011000000000110000000000000000000000000000000000000000000000000010010001100001000000111000000000000000000000000000000000000000
000000000000000000000100000100000000000010000000000000000000000000000000000000000111000001010000011010000000000000000000000000000000000000000000000000
000000000000000000000001011000000000000010000000001100000000000000000000000011100100100000000000001100000000000000000000000111000000000000000000000000
000000000000000000000000000100000000000010000000001100000000000000000000000000000011000000000000000000000000000000000000001000111000000000000000000000
000000000000000000000000000000000000000000000000000000000000000000000000000000000010000000000000000000000000000000000000010001011000000000000000000000
000110000000000000000000000000000000110000000000000000000000000000000000000000000100000000000000000000000000000000000000000010000000000000000000000000
001001000000000000001110000000000000110000000000000000000000000000000000000000010100000000000000000000000000000000000000101000000000000000000000000000
000110000000000000000000000000000000000000000000000000000000000000000000000000010010000000000000000000000000000000000000100000000000000000000000000000
000000000000000000001010000000010000000000000000000000000000000000000000000000110010000000000000000000000000000110000000010010011000000001101100000000
000000000111000000000100000000101000000000000000000000000000000000000000000000010001000000000000000000000000000110000000010001011100000001101100000000
000000000000000000000100000000100100000000000000000000000000000000000000000000110001000000000000000000000000000000001000000010000100000000000000000000
000000000000000000000000110000011000000000000000000000000000000000000000000000110000000000000000000000000000000000001100000001110100000000000011100000
000000000000000000000001001000000000000000000000000001100000000000000000000000000110000000000000000000000000000000010100000000011000000000000000000000
000000000000000000000001001000000000000000000001100000110000000000000001000000001000000000000000000000000000000000000000000000000000000000001100000000
000000000000000000000000110000000000000000000000001000000100000000000010100000000000000000000000000000000000000000000000000000000000000000001000010000
000010000000000000000000000000000000000000000000010000010010000000000010100000000000011000000000000000000000000000000000000000000000000000001000000000
001010000000000000000000000000000000000000000000001000110100000000000001000000000000110000000000000000000000000000000000000000000000000000000100100000
110000000000000000000000000000000000000000000000000010110000000000000000000000000000000000000000000000000000000000000000000000000000000000000001000000
000000000000000000000000000000000000000000000000000011100000000000000000000000000000000000000000000000000000000000000000000000000000000000000000000000
000110000000000000000000000000000000000000000000000000000000000000000001100000000000000000000000000000000000000000000000000000000000000000000000000000
000010000000000000000000000000000000000000000000000000000000000000000001100000000000000000000000000000000000000000000000000000000000000000000000000000
000100000000000000000000000000000000000000000000000000000000000000000000000000000000000000000000000000000000000000000000000000000000000000000000000000
000000000000000000000000000000000000000000000000000000000000000000000000000000000000000000000000000000011000000000000000000000000000000000000000000000
000011000000000000000000000000000000110000000000000001100000000000000000000000000000000000000000000011010100000000000000000000000000000000000000000000
010010000000000000000000000000000000110000000000000001100000000000000000000000000000000000110000000101000100000000000000000000000000000000011000000000
001100000000000000000000000000000000000000000000000000000000000000000000000000000000000000110000000111000100000000000000000000000000001001101000000000
000000000000000000000000000000000000000000000000000000000000000000001000000000000000001101010000000001101000000000000000000000000000001111110000000000
000000000000000000000000000000000000000000000000000000000000000000001000000000000000111101100000000000010000000000000000000000011100001010000000000000
000000000000000000000000000000000000000000000000000000000000000000000000000000000001111011010000011000000000000000000000000000100010000000000000000000
000000000100000000000000000000000000000000000000000000000000000000000000000000000011000000111100010100000000000000000000000000110100000000000011100000
001100000100000000000000000000000000000000000000000000000000000000000000000000000001000000010100100100000000000000000000000001000110000000000101000000
001100000100000000000000000000000000000000000000000000000000000000000000000000000000111110001100010100000000000000000000000011011000000000000101000000
000000000000000000000000000000000000000000000000000000000000000000000000000000000000011100000000000000000000000000000000000101010000000000000010000000
000000000000000000000000000000000000000000000000000000000000000000000011100000000000000000000000000000000000000000000000000100000000000000000000000000
000000110000000000000000000000000000000000000000000000000000000000000000000000000000000000000000000000000000000000000110000011010000000000000000000000
000000110000000000000000000000000000000000000000000000000000000010000000001000000000000000000000000000000000000000000110001000100000000000000000000000
000000000011000000000000000000000000000000000000000000000000000010000100001000000000000000000000000000000000000000000000000111100000000000000000000000
000000000100100000000000000000000000000000000000000000000000000010000100001000000000000000000000000000000000000000000000000110000000000000000000000000
000000000010100000000000000000000000000000000000000000000000000000001110000000000000001110000000000000000000000000000000000000000000000000000000000000
000000000001000010000000000000000000000000000000000000000000111000000000000000000000011111000000000000000000000000000000000000000000000000000101110000
000000000000000101000000000000000000000011000000000000000000000000011011100000000000010100100000000000000000000000000000000000000000000000011001111000
000110000000000100000000000001100000000011000000000000000000000010000011000000000000011000110000000000000000000000000000000000000000000000001011011100
001001000000000010000000000001100000000000000000000000000000000010000011000000000010001011100010000000000000000000000000000000000000000000000101001100
000111110000000000000000000000000000000000000000000000000000000010000001000000000111000111000111000000000000000000000000000000000000000000000100111000
000011111000000000000000000000000000000000000000000000000000000000001000110000001101100000001111100000000000000000000000000000000000000000000001110000
000001000000000000000000000000000000000000000000000000000000000000001000111100000111000000000000110000000000000000000000000000000000000000000011000100
000011100010000000000000000000000000000000000000000000000000000000000100010000000010000000000001100000000000000000000000000000000000000000000001011000
000010010010000000000000000000000000000000000000000000000000000000000010010110000000000001110000001000000000000000000000000000000000000000000000000000
000011110010000000000000000011100000000000000000000000000000000000000001001000000000000001001100001001000000000000000000000000000000000000000011000000
000000101000000000000000000000000000000000000000000000000000000000000000110000000000000001100100010000000000000000000000000000000000000000000011100000
000000000000000000000000000000000000000000000011000000000000011100000000000000000000000000011100000011100000000000000000000000000000000001000011000000
000000000000000000000000000000000000000000000011000000000000000000000000001000000000000000000000000011001000000000001000000000000000000110010000000000
000000000000000000000000000000000000000000000000000000000001000001000000001100000000000000000000000001110000000000010100000000000000000000000000000000
000110000000000000000000000000000000110000000000000000000001000001000000000100000000000000000000000000000000000000100100000000000000000000011000000000
000000000000000000000000000000000000110000000000000000000001000001000000000000000000001000000001110000000000000000011000000000000000000010110000000000
000000000000000000000000000011000000000000000000000000000000000000000000110000000000001000000010010000000000000000000000000000000000000011100000000000
000000000000000000000000000100100000000000000000000000000000011100000010000100000000011100000011010000000000000000000000000000000000000001000000000000
000000000110000000000000000101000000000000000000000000000000000000000011101100000000011011000010000000000000000000000000000000000000000000000000000000
000000000000000000000000000010000000000000000000000000000000000001100000100100010000011011000000000000000000000000000000000000000000000000000000000000
000000000000000000000000000000000000000000000000000000000000000010010000001100110000000101000110000000000000000000000000000000000000000000000000000000
101110000000000100000000000000000000000000000000000000000000000001100000100100010000000111000110000000000000000000000000000000000000000000000000000000
100001000000001110000000000000000011100000000000010000000000000000000011101100000000000000001001000000000000000000000000000000000000000000000000000001
001110000000010011000000000000000010100011000000010000000000000000000010000100000000000000010001100000000000000000000000000000000000000000000000000011
001100000000010110000000000000000011100011000000010000000000000000000000111100000010000000010101000000000000000000000000000000000000000000000000000111
011000000000000110110001110000000000000000000000000000000000000000000011001100000101000000100001010000000000000000000000000000000000000000000000000011
011000000000100000100001001100000000000000000000000000000000000000000011000000000110000000000001100000000000000000000000000000000000000000000000000000
010010000100010000100001100100000000000000000000000000000000000000000000001100000000000000000010000000000000000000000000000000000000000000000000000011
010011110010001001000000011100000000000000000000000000000000000000000000101100000000000000000000000000000000000000000000000000000000000000000000000010
010001110100000010000000000000001110000000000000000000000000000000000000010000000000000000000000000000000000000000000000000000000000000000000000000101
010101001000000000000000000000001010000000000000000000000000000000000000000000011000000000000000000000000000000000000000000000000000000000000000000110
110110000000000000010000000000000010000000000000000000000000000000000000000000100100000011000000000000000000000000000000000000000000000000000000000000
000000000000000000010000000000011000000000000000000000000000000000000000000000011000000011000000000000000000000000000000000000000000000000000000000000
000000000000000000001000000000100000000000000000000000000000000000000000000000000000000000000010000000000000000000000000000000000000000000000000000000
000000000000000000110011000000101000000000000000000000000000000000000000000000000000000000000101000000000000000000000000000000000000000011000000000000
000000000000010001101101100000011000000000000000000000000000100000000000000000000000000000000101000000000000000000000000000000000000000011000000000000
000000000000110000000100100000000000000000000000000000000000100000000000000000000000000000000010000000000000000000000000000000000000000000000000000000
000000000000110100000010000000000000000000000000000000000000100000000000000000000100000000000000000000000000000000000000000000000000010000000000011000
000000000000011010000000111000000000000000000000000000000000000000000000000000000100000000000000000000000000011000000000000000000000101000000000100100
000000000000001011011000111000000000000000001000000000000000000000000000000000000100000000000000000000000000011000000000000000000000000000000000100100
000000000000000010000001010000011100001000011000000000000000000000000000000000000000000000000000000000000000000000000000000000000000010000000000011000
000000000000001000000001100000011100010100010110010000000000000000000000000000000000000000000000000000000000000000000000000000000011100000000000000000
000000000000000101010100110000001000100010000001101100001100000000000000000000000000000000000000000000000000000000000000000000000111101110000000000000
000000000000000011000111011100000000101010000001101100010010000000000000000000000000000000000000110000000000000000000000000000001101000110000000000000
000000000000000000110010010000000001110110000000000000001100000000000000000000000000000000000000110000000000000000000000000000111000110110000000000000
000100000000000000001100001100000000000000000000000000000000000000000000000000000000000000000000000000000000000000000000000000001000111000000000000000
010010000000000000000000000000000000000000000000000010000000000000000000000000000000000000000110000000000000000000000000000001001000000000000000000000
010010000000000000000000000000000000000000000000000101000000000000000000000000000000000000001001000000000000000000000000000001010000000000000000000000
100100000000000000000000001010000000000110001100000101000000000000000000000000000000000000000101000000000000000000000000000011100000110000000000000000
011000000000000000000000001010000000000110001100000010000000000000000000000000110000111000000010000000000000000000000000000001100000110000000000000000
000000001100000000000000000100000000000000000000000000000000000000000000000000110000000000000000000000000000000000000000000000100000000000000000000000
000000001100000000000111000000000000000000000000000000000000000000000000000000000000000000000000000000000000000000000000000000010100000000100000000000
000000000000000000110000100000000000000000000000001100000000000000000000000000000111000000000000000000000000000000000000000000000100000000100000000000
000000000000000001000011000000000000000000000000001100000000000000000000000110000000000000000000000000000000000000000000000000000000000001000000000000
000000000000000001001110000000000000000000000000000000000000000000000001000110000000000000000000000000000000000000000000000000000000000000100010000000
000010010100000000111000010000000000000000000000000000000000000000000010100000000000000000000000000000000000000000000000000000000000000001001100010000
001010000000011000000000111000000000000000000000100000000000000000000001000000000000000000000000000000000000000000000000000000000000000100010011011000
001001010000011000000000111000000000000000000001010000000000000000000000000000000000000000000000000000000000000000000000000000000000000000001011010000
000101100000011000000000000000000000000000000001010000000000000000000000000000000000000000000000000000000000000000000000000000000000000010000010000000
001101100000000100000000000110000110000000000000100000000000000000000000000000000000000000000000000000000000000000000000000000000000000000010110000000
