000000000000000000000000010000000000000000000000000000000000000000000000000000000000000000000000000000000110000000000000000000000000001000010000000000
000000000000000000000000000000000000000000000110000000000000000000000000000000000000000000000000001000000010000000000111000000000000001000000000000000
000000000000000000000000000000000000000000000110000000000000000000000000000000000000000000000000001000000000000000000000000000000000001000000000000000
000000000000000000000000000000000000000000000000000000000000000000000000000000000000000000000000001000000000000110000111000000010000000000000000000000
000000000000000000000000000000000000000000000000000000000000000000000000000000000000000000000000000000000000000110000011000000010000000000000000000000
000000000000000000000000000000000000000000000000000000000000000000000000000000000000000000000000000000000000000110000000000000010000000000000000000000
000000000110000000000000000000000000000000000000000000000000000001100000000000000000000000000000000000000000000001000000000000000000000000000000000000
000000001001000000000000000000110000000000000000000000000000000001100000000000000000000000000000000000000000000111000000000000000000000000000000000000
000000001001000000000000000000110000000000000000000000000000000000000000000000000000000000000000000000000000000111000000000000000000000000000000000000
000000000110000000000000000000000000110000000000000000000000000000000000000000000000000000000000000000000000000111000000000000000000000000000000000000
000000000000000000000000000000000000110000000000011000000000000000000000000000000000000000000000000000000000000010100000000000000000000000000000000000
000000000000000000000000000000000000000000000000011000000000000000000000000000000000000000000000000000000000000001000000000000100000000000000000000000
000000000000000000000000000000000000000000000000000000000000000000000000000000000000000000000000000000000000000000000000000000100000000000000000000000
000000000000000000000000000000000000000000000000000000000000000000000000000000000000000000000001000000000000000000000000000000100000000000000000000000
000000000000000000000000000000000000000100000000000000000000000000000000000000000000000000000010100000000000000001100000000000000000000000000000000000
000000000000000000000000000000000000001010000000000000000000000000000000000000000000000000000010100001010000000001100000000000000000000000000000000000
000000000000000000000000000000000000001010000000000000000000000000000000000000000000000000000001000001100000000000000000000000000000000000000000000000
000000000000000000000000000000000000000100000000000000000000000000000000000000000000000000000000000000100000000000000000000000000000000000000000000000
000000000000000000000000000000000000000000000000000000000000000000000000000000000000000000110000000000000000000000000000000000000000000000000000000000
000000000000000000000000000000000011000000011000000000000000000000001000000000000000000001001000000000000000000000000000000000000000000000000000000000
000000000000000000000000000000000100100000100100000000000000000000010100000000000000000000110000000000000000000000000000000000000000000000000000000000
000000000000000011000000000000000011000000011000000000000000000000001000000000000000000000000000000000000110000000000011100000000000000000000000000000
000000000000000011000000000000000000000000000000000000000000000000000000000000000000000000000000000000000110000000000000000000000000000000000000000000
000000000000000000000000000000000000000100000000000000000000000000000000000001000000000000000000000000000000000000000000000000000000000000000000000000
000000000000000000000000000000000000001010000000000000000000000000000000000010100000000000000000000000000000000000000000000000000000000000000000000000
000000000000000000000000000000000000001010000000000000000000000000000000000010010000000000000000000000000000100000000000000000000000000000000000000000
000000000000000000000000000000000000000100000000000000000000000000000000000001100000000000000000000000000001010000000000000000000000000000000000000000
000000000000000000000000000000000000000000000000000000000000000000000000000000000000000000000000000000000001001000000000000000000000000000000000000000
000000000000000000000000000000000000000000000000000000000000000011000000000000000000000000000000000011100000110100000000000000000010100000000000000000
000000000000000000000000000000000000000000000000000000000000000011000000000000000000000000000000000010010000011000000000000000000010100000000010000000
000000000000000000000000000000000000000000000000000000000000000000000000000000000000000000000000001100000000000000000000000000000001000000000101000000
000000000000000000000000000000000000000000000000000100000000000000000000000000000000000000000000001000000000000000000000000000000000000000000101000000
000000000000000000000000000000000111000000000000000100000000000000000000000000000000000000000000001000110000000000000000000000000000000000000010000000
000000000000000000000000000000000000000000000000000100000000000000000000000000000000000000000000000111000000000000000000000000000000000000111000000000
000000000000000000000000000000000000000000000000000000011000000000000000000000000000000000000000000000000000000000101111111000000000000100111000000000
000000000000000000000000000000000000000000000000000000100100000000000000000000000000000000000000000000000000000000100000000100000000001011110100000000
000000000000000000000000000000000000011000000000000000011000000000000000000000000000000000000000000000000000000000000000000000000000001000010100001100
000000000000000000000000000000000000011000000000000000000000000000000000000000000000000010000000000000000000000000000001001000000000000100001000001111
000000000000010000000000000000000000000000000000000000000000000000000000000000001000000101010000000000000000000000001000011000000000000010001000101011
010000000000111000000000000000000000000000000000000000000000000000000000000000010010000100010000000000010000000000000000101000001100000000100011100000
000000000001000000000000000000000000000000000000000000000000000000000000000000010010000011000000000000101000000000000011001000001100000000000001000000
001000100000111110000000000000000000000000000000000000000000000000000000000000000100000101000000000110100100000000001000010000000000000000000000110010
010001011000000011000000000000000000000000000000000110000000000000000000000000000000000110000000000100000100000000000000000000000000000000000000111110
100001011000000010000000000000000000000000000000001001000000000000000000000000000000000110000000001000001000000000000000000000000000000000000000000111
000000110001110100000000000000000000000000000000001010000000000000000000000000000000000000000000000100001000000000000000000000000000000000000000000000
000000000001110000000000000000000000000000000000000100000000000000000000000000000000000000000000000000000000000000000000000000000000000000000000000000
000011000000000000000000000000000000000000000000000000000000000000000000000000000000000000000000000000000000001110000000000000000000000000000000000000
000011000000000000000000000000000000000001100000000000000000000000000000000001000000000000000000000000000000000000000000000000000000000000000000000000
000000000100000000000000000000000000000001100000000000000000000000000000000001000000000000000000000000000000000000000000000000000011000000000000000000
000000001110000000000000000000000000000000000000000000000000000000000000000001000000000000000000000000000000000000000000000000000100100000000000000000
000101010001000000000000000000000001110000000000000000000000000000000000000000000000000000000000000000000000000000000000000000000100100000000000000000
000001001101000000000000000000000000000000000000000000000000000000000000000000000000000000000110000000000001100000000000000000000011000000000000000000
000001000110000000000000000000000000000000000000000000000000000001100000000000000000000000000110000000000001100000000000000000000000000000000000000000
000000000000000000000000000000000000000000000000000000000000000001100110000000000000011100000000000000000000000000000000000000000000000000000000000000
000000000000000000000000000000000000000000000000000000000000011000000110000000000000000000000000000000000000000000000000000000000000000001101100001100
000000000000000000000000000000000000000000000000000000000000011000000000000000000001000001000000000000000000000000000000000000000000000000000000011100
000000000000000000000000000011000000000000000000000000000000000000000000000000000001000001000000000000000000000000000000000000000000000000111000010010
000000000000000000000000000100100000000000000000000000000000000000000000000001100001000001000000000000000000000000000000000000000000000011000001010100
100000001000000110000000000011000000000000000000000000000000000000000000000010010000000000000000000000011000000000000100000000000000000011000000000000
010000011100000110000000000000000000000000000000000000000000000000000000000001010000011100000000000000011000000000001011000000011000000001000011001000
001000100110000100000000000000000000000000000000000000000000000000000000000000100000000000000000000000000000000000010000110000100100000001100000111001
110000100010001000000000000000000000000000000000000000000000000000000000000000000000000000000000000000000000000000000001110000100100000000111000000010
000000011010001000000000000000000000000000000000000000000000000000000000000000000000000000000000000000000000000000001110100000011000000000011000000010
000000000110010100000000000000000000000000000000000000000000000000000000000000000000000000000000000000000000000000000110000000000000000000001000000011
100000000000001000000000000000000000000000000000000000000000000000000000000000000000000000000000000000000000000000001010000000000000000000000000000010
000001100000111000000000000000000000000000000000000000000000000000000000000000001000000010000000000000000000000000001100000000000000000000000000000000
000001100001100000000000000000000000000000000000000000000000000000000000000000001000000101000000000000000000000000000000000000000000000000000000000000
000000000000000000000000000000000000100000000000000000000000000000000000000001110100000101000000000000000010000000000000000000000000000000000000000000
000000000000000000000000000000000001100000000000000000000000100000000000000110100000000000000000000000000010000000000000000000000000000000000000000000
000000000000000000000000000000000011000000000000000000000001010000000000011110000000000000000000000000000000000000000000000001100000000000000000000000
000000000000000100000000000000001100100000000000000000000001100000000000010100001000010000000001000000000000000000000000000001100000000000000000000000
100000110000011011000000000000001011101100000000000000000000000000000000110110000000010001000010001111000111000000000000000000000000000000000000000000
010000110000001010000000000000010000000000000000000000000000000000011000110100111101111111100010000000100110100000000000000000000000000000000000000001
010000000000000100000000000000001011100100000000000000000000000000011000001000000001000101010001000000000000110000000011000000000000000000000000000001
100000000000000000000000000000001000001000000000000000000000000000000000000000000101001110111000010000010001110000000001110000000000000000000000000000
000000000000000000000000000000000011100000000000000000000000000000000000000000000000000101010000010000110001000000000001111000000000000000000000000000
000000000000000000000000000000000011100000000000000000000000000000000000000000000000000011100000000111000000000000000000100100000000110000000000000000
000000000000000000000010000000000000000000000000000000000000000000000000000000000000000001000000000110000000000000000000100100000001001000000000000000
000000000000000100010110000000000000000000000000000000000000000000000000000000000000000000000000000000000000000000000000001000000000110000000000000000
000000000000001011001100000000000000000000000000000000000000000000000000000000000000000000000000000000000000000000000010000000000000000000000000000000
000000000000011011000000000001110000000000000000000000000000000000000000000000000000000000000000000000000000000000000010100000000000000000000000000000
000000000000000011000000000001001000000000000000000000000000000000000000000000000000000000000000000000000000000000000000000011000000000000000000000000
000000000000000000000000000001101100000000000001000000000000011100000000000000000000000000000000000000000000000000000000000000000000001100000000000000
000000000001100000000110000000000000000000000001000000110000000000000000000000000000000000000000000000011000000000000010001101000000001100000000000000
000000000001110000000110000000001100000000000001000001001000000001000000000000000000000000000000000000010100000000011110100100000000000000000000000000
000000000000110000000001000000000000000000000000000000110000000001000000000000000000000000000000000000000110000000101001010100011000000000000000000000
000000000000111000000000000000000000000000000000000000000000000001000000000000000000000000000000000000010100000001000010101000011000000011000000000000
001100000000010100000000000000000000000000000000000000000000000000000000000000000000000000000000000000011000000001000101000000000000000011000000000000
001010000000001000000000000000000000000000000000000000000000011100000000000000000000000000000000000000000000000000000010000000000000000000000000000000
000101000000000000000000011000000000000000000000000000000000000000000000000000000000000000000000000000000000000000101100000000000000000000000000000000
000010000000000000001100011000000110000000000000000000000000000000000000000000000000000000000000000000000000000000011000000000000000000000000001100000
000000000000000000000100000000000110000000000000000000000000000000000000000000000000000000000000000000000000000000000000000000000000000000000010010000
000000000000000000000000000000000000000000011000000000000000000000000000000000000000000000000110000000000011000000000000000000000000000000000010100000
000000000010000000000000000000000000000000011000000000000000000000000000000000010000000000000110000000000100100000000000000000000000000000000001000000
000000000010000000000000000000000000000000000000000000000000000000000000000000010100000000000000001100000101100000000000000000000000000000000000000000
000000000010000000000000000000000000000000000000000000000000000000000000000000011000000000000000010011010100000000000000000000000000000000000000000010
000000000000000000000000000000000000000000000000000000000000100000000000000000000000000000000000010011110100000000110000000000000000000000000000000101
000000000000000000000000000000000000000000000000000000000001010000000000000000000000000000000000001010110100000000110000000000000000000000000000000101
000000000000000000000000000000001110000000000000000000000001010000000000000000000000000000000110000000001000000000000000000000000000000000000000000010
000000000000000000000000000000000000000000000000000000000000100000000000000000000000000000000110000000000000000000000000000000000000000000000000000000
001100000010000000000000000000000000100000000000000000000000000000000000000000000000000000000000000000000000000000000000000000000000000000000001100000
010010000101000000000000000000000000100000000000000000000000000000000000000000000000000000000000000000000000000000000000000000000000000001000010010000
001100000100100000000110000000000000100000000000000000000000000000000000000000000000000000000000000000000000000000000000000000000000000010100001100000
000000000011000000000110000110000000000000000000000000000000000000000000000000000000000010000001100000000000000000000000000000000000000001100000000000
000000000000000000000000000110000000000000000000000000000000000000000000110000000000000010000001100000000000000000000000000000000000000000000000000010
000000000000000000000000000000000000000000000000000000000000000000000001010000000000000010000000000000000000000000000000000000000000001100000000000101
000000000000000000000000000000000000000000000000000000000000000000000001100000000000000000000000000000000000000000000000000000000000010100000000000101
000000000000000000000000000000000000000000000000000001100000000000000000000000000000000000000000000000011000000000000000000000000000001000000000000010
000000000000000000000000000000000000000000000000000010000000000000000000000000000000000000000000000000011000000000000000000000000000000000000000000000
000000000100000000000000000000000000000000000000000001100000000000000000000000000000000000000001100000000000000000000000000000000000000000000000000000
000000001010000000000000000000000000000000000000000000000000000000000000000000000000000000000001100011000000000000000000000000000000000000000000000000
000000001010000000000000000000000000000000000000000000000000001110000000000000000000000000000000000011000000000000000000000000000000000000000000000000
000000000100000000000000001100000000000000000000000000000000000000000000000000000000000000000000000000000000000000000000000000000000000111000000000000
000000000000000000000000001100000000000000000000000000000000100000100000000000000000000000000000000000000000000000000000000000000000000000000000000000
000000000000000000000000000000000000000000000000000000000000111111100000000000000000000000000000000000000000000000000000000000000000000000000000000000
000000000000000000000000000000000000000000000000000000000000010001000000000000000000000000000000011000000000000000000000000000000000000000000000000000
000000000001000000000000000000000011100000000000000000000000000000000000000000000000000000000000011000000000000000000000000000000000000000000000001100
000000000001000000000000000000000000000000000000000000000000000000000000000000000000000000000000000000000000000000000000000000000000000000000000001100
000000000001000000000000000000000000001000000000000000000001010001010000000000000000000000000000000000000000000000000000000000000000000000000000000000
000000000000000000000000000000011000001000000000000000000001010001010000000000000000000000000000000000000000000000000000000000000000000000000000000000
000000000000000110000000000000011000001000000000000000000001110001110000000000000000000000000000000000000100000000000000000000000000000000000000000000
000000000000001001000000000000000000000000000000000000000000010001000000000000000000000000000000000000000100000000000000000000000000000110000000000000
000000000000000110000000000000000011100000110000000000000110010001001100000000000000000000010000000000000100000000000000000000000000000110000000000000
000000000000000000000001100110000000000000110000000000001100000000000110000000000000000000101000000000000000000000000000000000000000000000000000000000
000000000000000000000001100110011000000000000000000000001010000000001010000000000000000001010000000000000000000000000000000000000000000000000000000000
000000000011000000000000000000011000001100000000000000001000110001100000000000000000000001100000000000000000010000000000000000000000000000000000000000
000000000101000000000000000000000000010010000000000000001001110001110000100000000000000000000000000000000000101000000000000000000000000000000000000000
000110000010000000000000000000000000001100000000000000000011111111111000100000000000000000000000000000000001001000000000000000000000000000001100000000
000110000000000000000000000000000000000000000000000000000000000000000010010000000000000000000000011000000000110000000000011000000000000000010010000000
000000000000000000000000000000000000000000000000000000000101000000000001100000000000000000000000100100000000000000000000011000000000000000010100000000
000000000000000000000000000000000000000000000000000000001000101110000000000000000000000000000000011000000000000000000000000000000000000000001000000000
000000000000000000000000000000000000000000000000000000001000111110000000000000000000000000000000000000000000000000000000000000000000000000000000000000
000000000000000000000000001100000000000000000000000000001000000101000000000000000000000000000000000000000000000000000000000000000000000000000000000000
000000000000000000000000001100000000000000000000000000000110001101000000000000000000000000000000000000000000000000000000000000000000000000000000000000
000000000000000000000111000000000000000000000000000000000010000000000000000000000000000000000000000000000000000000000000000000000000000000000000000000
000000000000000000000000000000000000000000000000000011000000111010000000000000000000000000000000000000000000000000000000000000000000000000000000000000
000000000000000000010000010000000000000000000000000100100000100010000000000000000000000000000000000000000000000000000000000000011000000011000000000000
000000000000000000010000010000000000000000000000000011000000011000000000000000000000000000000000000000000000000000000000000000100100000100100000000000
000000000000000000010000010000000000000000000000000000000000000000000000000000000000000000000000000000000000000000000000000000011000000011000000000000
000000000000000000000000000000000000000000000000000000000100000000000000000000000000000000000000000000000000000000000000000000000000000000000000000000
000000000000000000000000000000000000000000000000000000001010000000000000000000000000000000000000000000000000000000000000000000000000100000000000000000
000000000000000000000000000000000000000000000000000000001010000000000000000000000000000000000000110000000000000000000000000000000001010000000000000000
000000000000011100000000000000000000000000000000000000000100000000000000000000000000000000000000110000000000000000000000000000000001010000000000000000
000000000000000000000000000000000000000000000000000000000000000000000000000000000000000000000000000000000000000000000000000000000000100000000000000000
000000000001000001000000000000000000000001000000000000000000000000000000000000000000000000000000000000000000000000000000000000000000000000000000000000
000000000010100010100000000000000000000010100000000000000000000000000000000000000000000000000000000000000000010110000000000000000000000000000000000000
000000000010100010100000000000000000000010100000000000000000000000000000000000001100000000000000000000000000010001000000000000000000000000000000000000
000000000001000001000000000000000000000001000000000000000000000000000000000000001100000000000000000000000000000000100000000000000000000000010000000000
000000000000000000000000010000000000000000000000000000000000000000000000000000000000000000000000000000000110011000100000000000000000000000101000000000
000000000000000000000000010000000000000000000000000000000000000000000000000000000000000000000000000000001100000011100000000000000000000000101000000000
