00011100000111100000000100000000000000111000010010
00000000000111110000000110000000000000100100011100
00000000000000110000000000000000000000011100000000
00000000000000001000000000000000000010000000000011
00000000000000100000000111000000111101000000000100
00000000000000010000000101000000011000000000000011
00000000000100000000000101000000011000010001010000
00000000000100000000000000110000000100001101101000
00000000000000000000000000000000000100001100001000
00000000000000000000000000000000000010100101000000
00000000011100000100000000000000000010000110011000
00000000000100001000000000000000000010010100000000
00000000000011001000000000000000000010000010000000
00000000000110000000000000000000000000000011000000
01100000000100000010100000000000000010001110000000
01100000000000000011000000000000011000000100000000
00000010000000000010000000000000001111101000000000
00000101000000000000000000000000000111110000000000
00001000100000000000000000000000000000000000000000
00000101000000000000000000000000000000000010100000
00000000000000110000000110000000000000000100100000
00000000000000110000000110000001100000000010100011
00011000000000000000000000000000000000000000000100
00100100000000000000000010000000000000000011010100
10011000000000000000000111000000000000000010001000
10000000000000000000000111000000000000000001000000
00000000000000000000000000000000000100000000011011
00000000000000000011100010000001101001000000000000
00000000000000000011100010000001101001000000000000
00000000000000000100000000011001100000110000000000
00000000000000000100100000011000101100110000000000
00000000000000000010100000000000100000010000000000
00000000000000000000000000000000000001100000000000
00000000000000000000000000100000000000000000000000
00000011000000000000000000111000110000000000000000
10011011000001000000000000111000010000100000000010
10110000000101011000000000000000001000100000000100
00000000000100001000100000000000000100000011000000
00000000000101011011010000000000000000000000101010
00100000000011100010001100000000000011010000110110
00100000000010000100001100000000000011011010010000
00100000001000000100001100000000000011000011101000
00000000001000000100010000000000000000011100110010
00000000000000000000100000000000000001000000100010
00000000001100000000000000000000000000110000010010
00000000001000000000000000000000000000000000101100
00000000000001100001100000000001100000000000011100
00000000000001100001100000100010000000000011100001
10011010000000000000000000100001100000000000000101
00011110001110000000000000000000000000000000101100
