000000000000000000000000010000000000000000000000000000000000000000000000000000000000000000000011000000000000000000000000000000000000100000000000000000
000000000000000000000000000000000000000000000110000000000000000000000000000000000000000000000011000000000000000000000000000000000000000000000000000000
000000000000000000000000000000000000000000000110000000000000000000000000000000000000000000000000000000000000000000000000000000000000000000000000000000
000000000000000000000000000000000000000000000000000000000000000000000000000000000000000000000000000000000000000000000000000000000000000000000000000000
000000000000000000000000000000000000000000000000000000000000000000000000000000000000000000000000000000000000000000000000000000000000000000000000000000
000000000000000000000000000000000000000000000000000000000000000000000000000000000000000000000000000000000000000000000000000000000000000000000000000000
000000000110000000000000000000000000000000000000000000000000000001100000000000000000000000000000000000000000000000000000000000000000000000000000000000
000000001001000000000000000000110000000000000000000000000000000001100000000000000000000000000000000000000000000000000000000000000000000000000000000000
000000001001000000000000000000110000000000000000000000000000000000000000000000000000000000000000000000000000000000000000000000000000000000000000000000
000000000110000000000000000000000000110000000000000000000000000000000000000000000001000000000000000000000000000000000000000000000000000000000000000000
000000000000000000000000000000000000110000000000011000000000000000000000000000000001100000000000000000000000000000000000000000000000000000000000000000
000000000000000000000000000000000000000000000000011000000000000000000000000000000010010000000000000000000000000000000000000000100000000000000000000000
000000000000000000000000000000000000000000000000000000000000000000000000000000000000100000000000000000000000000000000000000000100000000000000000000000
010000000000000000000000000000000000000000000000000000000000000000000000000000000100000001100000000000000000000000000000000000100000000000000000000000
101000000000000000000000000000000000000100000000000000000000000000000000000000010000100010010000000000000000000000000000000000000000000000000000000001
101000000000000000000000000000000000001010000000000000000000000000000000000000000000100001100000000000000000000000000000000000000000000000000000000001
000000000000000000000000000000000000001010000000000000000000000000000000000000011110000000000000000000001100000000000000000000000000000000000000000010
110000000000000000000000000000000000000100000000000000000000000000000000000000110000000000000000000000001100000000000000000000000000000000000000000011
001000000000000000000000000000000000000000000000000000000000000000000000000001010000000000000000000000000000000000000000000000000000000000000000000001
110000011000000000000000000000000011000000011000000000000000000000001000000001000011000000000000000000000000000000000000000000000000000000000000000001
100000000100000000000000000000000100100000100100000000000000000000010100000001001111000000000000000000000000000000000000000000000000000000000000000000
100100101000000000000000000000000011000000011000000000000000000000001000000000100001000000000000000000000000000000000011100000000000000000000000000000
010100010000000000000000000000000000000000000000000000000000000000000000000000111100110000000000000000000000000000000000000000000000000000000000000000
001000000000000000000000000000000000000100000000000000000000000000000000000001001100110000000000000000000000000000000000000000000000000000000000000000
000000000000000000000000000000000000001010000000000000000000000000000000000010100000110000000000000000000000000000000000000000000000000000000000000000
000000000000000000000000000000000000001010000000000000000000000000000000000010010000000000000000000000000000000000000000000000000000000000000000000000
000000000000000000000000000000000000000100000000000000000000000000000000000001100000000000000000000000000000000000000000000000000000000000000000000000
100000000000000000000000000000000000000000000000000000000000000000000000000000000000000000000000000000000000000000000000000000000000000000000000000001
100000000000000000000000000000000000000000000000000000000000000011000000000000000000000000000000000000000000000000000000000000000000000000000000110001
000000000000000000000000000000000000000000000000000000000000000011000000000000000000000000000000000000000001000000000010000000000000000000000001010000
000000000000000000000000011000000000000000000000000000000000000000000000000000000000000000000001100000000010100000000010000000000000000000000001000000
000000000001100000000000011000000000000000000000000100000000000000000000000000000000000000000001100000000010100000000010000000000000000000000001010000
000000000001100000000000000000000111000000000000000100000000000000000000000000000000000000000000000000000001000000000000000000000000000000000000111000
000000000000000000000000000000000000000000000000000100000000000000000000000000000000000000000000000000000000000000111000111000000000000000000000001110
000000000000000000000000000000000000000000000000000000011000000000000000000000000000000000000000000000000000000000000000000000000000000000000000000110
000000000000000000000000000000000000000000000000000000100100000000000000000000000000000000000000000000000000000000000010000000000000001110000000000000
000000000000000000000000000000000000011000000000000000011000000000000000000000000000000000000000000000000000000000000010000000000000001001000000000000
000000000000000000000000000000000000011000000000000000000000000000000000000000000000000000000000000000000000000000000010000000000000001110000000000000
000000000000000000000000000000000000000000000000000000000000000000000000000000000000000000000000000000000000110000000000000000000000001100000000000000
000000000000000000000000000000000000000000000000000000000000000000000000000000000000000000000000000000000000110000000000000000001100011011000000000000
000000000000000000000000000000000000000000000000000000000000000000000000000000000000000000000000000000000000000000000000000000001100100011000000000000
000000000000000000000000000000000000000000000000000000000000000000000000000000000000000000000000000000000000000000000000000000000000010011000000000000
000000000000000000000000000000000000000000000000000110000000000000000000000000000000000000000000000000000000000000000000000000000000001100000010000000
000000000000000000000000000000000000000000000000001001000000000000000000000000000000000000000000000000000000000000000000000000000000000000001001000000
000000000000000000000000000000000000000000000000001010000000000000000000000000000000000000000000000000000000000000000000000000000000000000001010000000
000000000000000000000000000000000000000000000000000100000000000000000000000000000000000000000000000000000000000000000000000000000000000000000100000000
000000000000000000000000000000000000000000000000000000000000000000000000000000000000000000000000000000000000001110000000000000000000000000000000000000
000000000000000000000000000000000000000001100000000000000000000000000000000000000000000000000000000000000000000000000000000000000000000000011000000000
000000000000000000000000000000000000000001100000000000000000000000000000000000000000000001000000000000000000000000000000000000000000000001111110000000
000000000000000000000000000000000000000000000000000000000000000000000000000010000000000011100000000000000000000000000000000000000000000001000101100000
000000000000000000000000000000000001110000000000000000000000000000000001100010000000000000000000000000000000000000000000000000000000000000010100010000
000000000000000000000000000000000000000000000000000000000000000000000010010011000000000001000000000000000001100000000000000000000000000011000000000000
000000000000000000000000000000000000000000000000000000000000000001100100010000000000000000000000000000000001100000000000000000000000001100000000000000
000000000000000000000000000000000000000000000000000000000000000001100100000000000001001000000000000000000000000000000000000000000000000100001111000000
000000000000000000000000000000000000000000000000000000000000011000000110110000000010001011000000000000000000000000000000011100000000010001101000000000
000000000000000000000000000000000000000000000000000000000000011000000101000000000010000110000000000000000000000000000000000000000000001101100010100000
000000000000000000000000000011000000000000000000000000000000000000001100110000000000011000000000000000000000000000000000000000000000000000001111100000
000000000000000000000000000100100000000000000000000000000000000000001100001000000000000000000000000000000000000000000000000000000000000000001100100000
000000000001100000000000000011000000000000000000000000000000000000001010001000000110000000000000000000000000000000110000000000000000000000001101000000
000000001101000000000000110000000000000000000000000000000000000000010000001000000010000100000000000000000000000000110000000000000000000000000101000000
000000001010010000000001010000000000000000000000000000000000000000110000010000000000000100000000000000000000000000000000000000000000000100000010000000
000000001100110000000000100000000000000000000000000000000000000000010100010000011001000100000000000000000000000000000000000000000000000010000000000000
000000001100000000000000000000000000000000000000000000000000000000010000001001011000111000000000000000000000000000000000000000000011000101110000000000
010000000000000000000000000000000000000000000000000000000000000000001100011100000100000000000000000000000000000000000000000000000011000000001100000000
001000000000000101000000000000000000000000000000000000000000000000001101101000111000000000000000000000000000000000000000000000000000000000001100000000
011000000010000000100000000000000000000000000000000000000000000000000100100010100000000000000000000000000000000000000000000000000000000110001100000000
101000000100000000100000000000000000000000000000000000000000000000000110010010110000000000000000000000110000000000000000000000000000001000010000000000
110000000010111000000000000000000000000000000000000000000000000001110100111010110000000000000000000000110000011000000000000000000000000111100000011000
111000011000000000000000000000000000000000000000000000000000000101000000101111110000000000000000000000000000011000000000000000000000000110000000000001
001110110010000000000000000000000000000000000000000000000000001000001100000001010000000000000000000000000000010100000000000000000000000000000000000101
000000110100000000110000000000000000000000000000000000001110001001001100000000101000000000000000000000000000000000000000000000000000000000000000011001
100000001000000000000100000000000000000000000000000000001000000110001110000001101100000000000000000000000000000000000000000000000000000000000110100101
000000000000000001000001000000000000000000000000000000001110000001000101100000100100000000000000000000000000000000000000000001100000000000000010010101
000000000100000001000001000000000000000000000000000000000000000000101111110000011000000000000000000000000000000000000000000010010000000000000001000000
000000001010000001000000000000000000000000000000000000000000000000010010011000000000000000000010000000110110000000000000000001100000000001100000000000
000000001010000000100000010000000000000000000000000000000000000000000100000000000000000000000010000000110110000000000000000000000000000010010000000010
000000000100000000000000010000000000000000000000000000000000001100001100000000000000000000000010000000000000000000110000000000000000000001100000011000
110000000000000000001000000000000000000000000000000000000000110110000010000000000000000000000000000000000000000000110000000000000000000000000000001000
100000000000000000000111000000000000000000000000000000000001111100000011101100000000000000110000000000000000000000000000000000110000000000000000010000
100000000000000000000000000000000000000000000000000000000000101100011100011100000000000000110000000000000000000000000000000001001000000000000000111011
000000000000000000000000000000000000000000000000000000000000011000111000101100000000000000000000000000000000000000000000000000101000000000000000100001
000000000000000000000000000000000000000000000000000000000000100001001000011000000000000000000000000000000000000000000000000000010000000000000000110110
000000000000000000001100000000000000000000000001000000000000000111000000001000001100000000000000000000000000000000000000000000000000000000000000001100
000000000000000000001100000000000000000000000001000000000010000100010000000000001100000000000000000000000000000000000000000000000000000100000000000000
000000000000000000000000000000000000000000000001000000000010000101110000011000000000000001100001110000000000011100000000000000000000001010000000000000
000000000000000000000000000000000000000000000000000000000110100011100001110000000000000001100010001000000000100100000000000000000000001001000000000000
000000000000000000000000000000000000000000000000000000000001000000000001110000000000000000000010000100000000100100000000000000000000000110000000000000
001100000000000000000000000000000000000000000000000000000000000000000000000000000000000000000001000100000000000000000000000000000000000000000000000000
001010000000000000000000000000000000000000000000000000000000000000000000000000011000011000000000010010001110000100000000000000000000000000000000000000
000101000000000000000000011000000000000000000000000000000000000000000000000011000100011000001000011010010010000100000000000000000001110000000000000000
000010000000000000001100011000000110000000000000000000000000000000000000000100000000000000100100000010111010110000100000000000000011001000000001100000
000000000000000000001100000000000110000000000000000000000000000000001000000100000010000000100001111100011100000100000000000000000110000000000010010000
000000000000000000000000000000000000000000011000000000000000000011000110000000000000000000101000000001001011000010100000000000010100011010000010100000
000000000010000000000000000000000000000000011000000000000000000010010101000110000100000000000100110111110001000000000000000000100100010011000001000000
000000000010000000000000000000000000000000000000000000000000000001100111101001110000000000000110000110110101000000000000000000010010110010000000000000
000000000010000000000000000000000000000000000000000000000000000000100001110000000000000000000100000000001100000000000000000000001111110100000000000010
000000000000000000000000000000000000000000000000000000000000000000000000000000001000000000000010000000011010000000000000000000000111001000000000000101
000000000000000000000000000000000000000000000000000000000000000010000000000000010100000000000100000000000000000000000000000000000000000000000000000101
000000000000000000000000000000001110000000000000000000000000000101000000000000110110000000000100000000100100000000000000000000000000000000000000000010
000000000000000000000000000000000000000000000000000000000000001001010100001000001000000000011000000000111000000000000000000000000000000000000000000000
001100000010000000000000000000000000100000000000000000000000000110011100010100000000000000100100000000000000000000000000000000000000000000000001100000
010010000101000000000000000000000000100000000000000000000000000000011100010100000000110000101000000000000000000000000000000000000000000001000010010000
001100000100100000000110000000000000100000000000000000000000000000000000001000000000110000101101000000000000000000000000000000000000000010100001100000
000000000011000000000110000110000000000000000000000000000000000000111000000000000000000000100001100000000000000000000000000000000000000001100000000000
000000000000000000000000000110000000000000000000000000000000000000000000000000000000000001000110100000000000000000000000000000000000000000000000000010
000000000000000000000000000000000000000000000000000000000000000000001000000000000000000000101011100000000000000000000000000000000000001100000000000101
000000000000000000000000000000000000000000000000000000000000000000000000000000000000000000010011000000000000000000000000000000000000010100000000000101
000000000000000000000000000000000000000000000000000000000000001100000000000000000000000000000000000000000000000000000000000000000000001000000000000010
000000000000000000000000000000000000000000000000000000000000001100000000000000000000000000000000000000000000000000000000000000000000000000000000000000
000000000100000000000000000000000000000000000000000000000000001100100000000000001100000000000000000000000000000000000000000000000000000000000000000000
000000001010000000000000000000000000000000000000000000000000000101000000000000000010000000000000000011000000000000000000000000000000000000000000000000
000000001010000000000000000000000000000000000000000000000000000000000000000000010000011000000000000011000000000000000000000000000000000000000000000000
000000000100000000000000001100000000000000000000000000000000000011000000000000001000001000000000000000000000000000000000000000000000000111000000000000
000000000000000000000000001100000000000000000000000000000000000000100000000000000100010000000000000000000000000000000000000000000000000000000000000000
000000000000000000000000000000000000000000000000000000000000011001000000000000000011100000000000000000000000000000000000000000000000000000000000000000
000000000000000000000000000000000000000000000000000000000000001110000000000000000000000000000000011000000000000000000000000000000000000000000000000000
000000000001000000000000000000000011100000000000000000000000000100000000000000000000000000000000011000000000000000000000000000000000000000000000001100
000000000001000000000000000000000000000000000000000000000000000000000000000000000000000000000000000000000000000000000000000000000000000000000000001100
000000000001000000000000000000000000001000000000000000000000000000000000000000000000000000000000000000000000000000000000000000000000000000000000000000
000000000000000000000000000000011000001000000000000000000000000000000000000000000000000000000000000000000000000000000000000000000000000000000000000000
000000000000000110000000000000011000001000000000000000000000000000000000000000000000000000000000000000000100000000000000000000000000000000000000000000
000000000000001001000000000000000000000000000000000000000000000000000000000000000000000000000000000000000100000000000000000000000000000110000000000000
000000000000000110000000000000000011100000110000000000000000000000000011000000000000000000010000000000000100000000000000000000000000000110000000000000
000000000000000000000001100110000000000000110000000000000000000000000011000000000000000000101000000000000000000000000000000000000000000000000000000000
000000000000000000000001100110011000000000000000000000000000000000000000000000000000000001010000000000000000000000000000000000000000000000000000000000
000000000011000000000000000000011000001100000000000000000000000000100000000000000000000001100000000000000000010000000000000000000000000000000000000000
000000000101000000000000000000000000010010000000000000000000000001010000000000000000000000000000000000000000101000000000000000000000000000000000000000
000110000010000000000000000000000000001100000000000000000000000001010000000000000000000000000000000000000001001000000000000000000000000000001100000000
000110000000000000000000000000000000000000000000000000000000000000100000000000000000000000000000011000000000110000000000011000000000000000010010000000
000000000000000000000000000000000000000000000000000000000000000000000000000000000000000000000000100100000000000000000000011000000000000000010100000000
000000000000000000000000000000000000000000000000000000000000000000000000000000000000000000000000011000000000000000000000000000000000000000001000000000
000000000000000000000000000000000000000000000000000000000000000000000000000000000000000000000000000000000000000000000000000000000000000000000000000000
000000000000000000000000001100000000000000000000000001000000000001100000000000000000000000000000000000000000000000000000000000000000000000000000000000
000000000000000000000000001100000000000000000000000010100000000001100000000000000000000000000000000000000000000000000000000000000000000000000000000000
000000000000000000000111000000000000000000000000000010100000000000000000000000000000000000000000000000000000000000001100000000000000000000000000000000
000000000000000000000000000000000000000000000000000001000000000000000000000000000000000000000000000000000000000000011110000000000000000000000000000000
000000000000000000010000010000000000000000000000000000000000000000000000000000000000000000000000000000000000000000000001000000011000000011000000000000
000000000000000000010000010000000000000000000000110000000110000000000000000000000000000000000000000000000000000000001000100000100100000100100000000000
000000000000000000010000010000000000000000000001001000001001000000000000000000000000000000000000000000000000000000111101000000011000000011000000000000
000000000000000000000000000000000000000000000000110000000110000000000000000000000000000000000000000000000000101100111100000000000000000000000000000000
000000000000000000000000000000000000000000000000000000000000000000000000000000000000000000000000000000000100100101111110000000000000100000000000000000
000000000000000000000000000000000000000000000000000001000000000000000000000000000000000000000000001100001001111000010000000000000001010000000000000000
000000000000011100000000000000000000000000000000000010100000000000000000000000000000000000000000000010001110000000010001000000000001010000000000000000
000000000000000000000000000000000000000000000000000010100000000000000000000000000000000000000000010100000000000000000001011000000000100000000000000000
000000000001000001000000000000000000000001000000000001000000000000000000000000000000000000000000001000000000010000100000111100000000000000000000000000
000000000010100010100000000000000000000010100000000000000000000000000000000000000000000000000000000000000000010000000000000110000000000000000000000000
000000000010100010100000000000000000000010100000000000000000000000000000000000001100000000000000000000000001001000011010111100000000000000000000000000
000000000001000001000000000000000000000001000000000000000000000000000000000000001100000000000000000000000000110000000001111000000000100000000000000000
000000000000000000000000010000000000000000000000000000000000000000000000000000000000000000000000000000000000100000000000000000000001010000000000000000
000000000000000000000000010000000000000000000000000000000000000000000000000000000000000000000000000000000000000000000000000000000001010000000000000000
