000000000000000000000000010000000000000000000000000000000000000000000000000000000000000000000000000000000000000000000000000000000000001000010000000000
000000000000000000000000000000000000000000000110000000000000000000000000000000000000000000000000001000000000000000000000000000000000001000000000000000
000000000000000000000000000000000000000000000110000000000000000000000000000000000000000000000000001000000000000000000000000000000000001000000000000000
000000000000000000000000000000000000000000000000000000000000000000000000000000000000000000000000001000000000000000000011000000010000000000000000000000
000000000000000000000000000000000000000000000000000000000000000000000000000000000000000000000000000000000000000000000100100000010000000000000000000000
000000000000000000000000000000000000000000000000000000000000000000000000000000000000000000000000000000000000000000000010100000010000000000000000000000
000000000110000000000000000000000000000000000000000000000000000001100000000000000000000000000000000000000000000000000001000000000000000000000000000000
000000001001000000000000000000110000000000000000000000000000000001100000000000000000000000000000000000000000000000000000000000000000000000000000000000
000000001001000000000000000000110000000000000000000000000000000000000000000000000000000000000000000000000000000000000000000000000000000000000000000000
000000000110000000000000000000000000110000000000000000000000000000000000000000000000000000000000000000000000000000000000000000000000000000000000000000
000000000000000000000000000000000000110000000000011000000000000000000000000000000000000000000000000000000000000000000000000000000000000000000000000000
000000000000000000000000000000000000000000000000011000000000000000000000000000000000000000000000000000000000000000000000000000100000000000000000000000
000000000000000000000000000000000000000000000000000000000000000000000000000000000000000000000000000000000000000000000000000000100000000000000000000000
000000000000000000000000000000000000000000000000000000000000000000000000000000000000000000000001000000000000000000000000000000100000000000000000000000
000000000000000000000000000000000000000100000000000000000000000000000000000000000000000000000010100000000000000001100000000000000000000000000000000000
000000000000000000000000000000000000001010000000000000000000000000000000000000000000000000000010100000000000000001100000000000000000000000000000000000
000000000000000000000000000000000000001010000000000000000000000000000000000000000000000000000001000000000000000000000000000000000000000000000000000000
000000000000000000000000000000000000000100000000000000000000000000000000000000000000000000000000000000000000000000000000000000000000000000000000000000
000000000000000000000000000000000000000000000000000000000000000000000000000000000000000000110000000000000000000000000000000000000000000000000000000000
000000000000000000000000000000000011000000011000000000000000000000001000000000000000000001001000000000000000000000000000000000000000000000000000000000
000000000000000000000000000000000100100000100100000000000000000000010100000000000000000000110000000000000000000000000000000000000000000000000000000000
000000000000000011000000000000000011000000011000000000000000000000001000000000000000000000000000000000000000000000000000000000000000000000000000000000
000000000000000011000000000000000000000000000000000000000000000000000000000000000000000000000001000000000000000000000000001100000011000000000000000000
000000000000000000000000000000000000000100000000000000000000000000000000000001000000000000000010100000000000000000000000001100000011000000000000000000
000000000000000000000000000000000000001010000000000000000000000000000000000010100000000000000010100000000000000000010100000000000000000000000000000000
000000000000000000000000000000000000001010000000000000000000000000000000000010010000000000000001000000000000100110001000000000000000000001000000000000
000000000000000000000000000000000000000100000000000000000000000000000000000001100000000000000000000000000001011110000000001100000000000001000000000000
000000000000000000000000000000000000000000000000000000000000000000000000000000000000000000000000000000000000000001000000000010000000000001000000000000
000000000000000000000000000000000000000000000000000000000000000011000000000000000000000000000000000000000000001010000000000010000000000000000000000000
000000000000000000000000000000000000000000000000000000000000000011000000000000000000000000000000000000000000000100000000011000000000011100011100000000
000000000000000000000000000000000000000000000000000000000000000000000000000000000000000000000000000000000000000000000000000100000000000000000000000000
000000000000000000000000000000000000000000000000000100000000000000000000000000000000000000000000000000000000000000000000100100000000000001000000000000
000000110010000000000000000000000111000000000000000100000000000000000000000000000000000000000000000000000000000000000000011000000000000001000000000000
000000101110000000000000000000000000000000000000000100000000000000000000000000000000000011000000000000000000000000000000000000000000000001000000000000
000000111011000000000000000000000000000000000000000000011000000000000000000000000000000011000000000000000000000000000000000000000000000000000000000000
000000000000000000000000000000000000000000000000000000100100000000000000000000000000000000000000000000000000000000000000000000000000000000000000000000
000000000000000000000000000000000000011000000000000000011000000000000000000000000000000000000000000000000000000000000000000000100000000000000000000000
000000000000000000000000000000000000011000000000000000000000000000000000000000000000000000000000000000000000000000000000000000100000000000000000000000
000000000000000000000000000000000000000000000000000000000000000000000000000000001000000000000000000000000000000000000000000000100000000000000001100000
000000000001010000000000000000000000000000000000000000000000000000000000000000010010000000000000000000100000000000000000000000000000000000000001100000
000000000001001000000000000000000000000000000000000000000000000000000000000000010010000000000000000001010000000000000000000000000000000000000000000000
000000000001010000000000000000000000000000000000000000000000000000000000000000000100000000000000000001011000000000000000000000000000000000000000000011
000000000000000000000000000000000000000000000000000110000000000000000000000000000000000000000000000101100000000000010010000000100000000000000000001110
000000000000000000000000000000000000000000000000001001000000000000000000000000000000000010000000000110000000000001100011100000100000000000000000010110
000000000000000000000000000000000000000000000000001010000000000000000000000000000000000101000000000000000000000001100000000000000000000000000000100010
000000000000000000000000000000000000000000000000000100000000000000000000000000000000000011000000000000000000000000100000000010000000000000000000110100
000000000000000000000000000000000100000000000000000000000000000000000000000000000000000000000000000000000000000000000000001101100000000000000001010000
000000000000000000000000000000000100000001100000000000000000000000000000000001000000000000000000001100000000000000000000000111110000000000000000100000
000000000000000000000000000000000100000001100000000000000000000000000000000001000000000000000000001100000000000000000000000001100000000000000000000000
000000000000100000000000000000100000000000000000000000000000000000000000000001000000000000000000000000000000000000000000000000000000000000000000000000
000000000011010000000000000001011001110000000000000000000000000000000000000000000000000000000000000000000000000001100000000000000000000000000000000000
000000001110010000000000000000000000000000000000000000000000000000000000000000000000000000000110000000000001100001100000000000000000000000000000000000
000000010010000000000000000000111000000000000000000000000000000001100000000000000000000000000110000000000001100000000000000000000000000000000000000000
000000100010000000000000000000000000000000000000000000000000000001100110000000000000000000000000000000000000000000000000000000000000000000000000000000
000000011010100000000000000000000000000000000000000000000000011000000110000000000000000000000000000000000000000000000000000000000000000000000000000000
000000000011000000000000000111000000000000000000000000000000011000000000000000000000000000000000000000000000000000000000000000000000000000000000000000
000000000000000000000000000000000000000000000000000000000000000000000000000000000000000000000000000100000000000000000000000000000000000000000000000000
000000000000000000000000000110100000000000000000000000000000000000000000000001100000000000000000001000000000000000000011000000000000000000000000000000
000000000000000110000000000001000000000000000000000000000000000000000000000010010000000000000000001110000000000000000100100000000000000000000000000000
000000000000000110000000000000000000000000000000000000000000000000000000000001010000000000000000001110000000000000000011000000000000000000000000000000
000000000000000000000000000000000000000000000000000000000000000000000000000000100000000000000000001100000000000000000000000000000000000000000000000000
000000000000000000000000000000000000000000000000000000000000000000000000000000000000000000000000000000000000000110000000000000000000000000000000000000
000000000000000000000000000000000000000000000000000000000000000000000000000000000000000000000001000000000001010110011000000000000000000000000000010000
000000000111000000000000000000000000000000000000000000000000000000000000000000000000000000000001000000000011100001011000000000000000000000000000101000
000000010100100000000000000000000000000000000000000000000000000000000000000000000000000000000001000000000100000110000000000000000000000000000000010000
000000101101000000000000000000000000000000000000000000000000000000000000000000000000000000000000000000010111101000000000000000000000000000000000000000
000000110000000000000000000000000000000000000000000000110000000000000000110000000000000010000000000001001001011000000001100000000000000000000000000000
000000000000000000000100000000000000000000000000000000110000000000000000110000000010000101000000000011110000000000000010010000000000000000000000000010
100000000000000000001010000110000000000000000000100000000000100000000000000000000101000101000000000011100000000000000001100000000000000000000000000100
100000000000000000001010011001000000000000000001010000000001010000000000000000000011000010001100000000000000000000000000000000000000000000000000000100
000000000000000000000100011000100000000000000010000000000001100000000000000000000000000000010010000000000000000000010000000000000000000000000000000001
000000000000000011000000110001101100000000000010000100000000000000000000001100000000000000001100000000000000000000101000000001101100000000000000000000
000000000000000011000000010110010100000000000010100000000000000000011000000110000000000000000000000000000000000000101000000001001100001000000000000000
000000000000000000000000001000001000000000110000001100000000000000011000001000000000000000000000000000000000000000010000000001001000000100000000000000
000000000000001000000000000000000000000000110100000000000000000000000000000000000000000000000000000000000000000000000000110000100011000100000000000001
100000000000001000000100000000000000000000000000010000000000000000000000000000000000000000000000000000000000000000000000110000011111111000000000000010
100000000000010100000110000000000000000000011000100000000000000000000000000000000000000000000000000000000000000000000000000000011011110000000000000100
000000000000001110001110000000000000000000010000000000000001100000000000000000000000000000001110000000000000000111000000000000000000000000000000000011
000000000000001101100000000000000000000000000000000000000001100000000000000000000000000000011110000000000000000000000000000000000000000000000000000000
000000000000000111101100000000000000000000000000000000000000000000000000000000000000000000011110100000000000000000000000000000000000000000000000000000
000000000000000000000100000000000000000000000000000000000000000000000000000000000000000000000000111000000000000000000000000000000000000000000000000000
000000000000000000000100000000000000000000000000000000000000000000000000000000000100000000000011001100000000000000000000000000000000000000000000000000
000000000000000000000000000000010000000000000000000000000000000000000000000000000100000000000001101100100000000000000000000000000000000000000000000000
000000000000001000000000000000101000000000010000000110001000000000000000000000000100000000000001001001010000000000000000000000000000000000000000000000
000000000000010100000000000000101000010000011000010010001000000000000000000000000000000000000000110000101000000000000000000110000000000000000000000000
000000000000100100000000000000010000110000111000000010001000000000000000000000000000000000000000100000011000000000000000000101000000000000000000000000
000000000000011000000000000000000000101001100000000000000000000000000000110001100000000000000000000000000000000000000000000010000000000011000000000000
000000000000000000000000000000000000000000101110010010000011100000000000101000010000000000000000000000000000000000010000000000000000000011000000000000
000000000000000000000000000000000000000101100110010010000000000000000001010010100000000100100000000000000000000000101000000000000000000000000000000000
000000000000000011000000000000000001001110100011101110001000000000000010000001100000011100111000000000000000000000101000000000000000000000000000000000
000000000000000100100000000000000001110011100000100100001000000000000001110010000000000100100000000011000110000000010000000000000000000000000000000000
110000000000000011000000000000000000110011100000000000001000000000111000000000000000000000000000001010000000000000000000000000000000000000000000000001
010000000000000000000000000000000000110011000000000000000000000001000010000000000000000000000110010000001100000000000000000000000000000000000000000010
000100000010000000000000000000000001110011000000000000000000000000000010000000000000000000000110001110011100000000000000000000000000000000000000000010
100100000010000000000000000001100001100100100000000000000000000001000010000000000000000000000000000101100000001000000000000000000000000000000000000011
010100000010000000000000000001100000011111000000000000000000000000011000000000000000000000000000000000000000110110000000000000000000000000000000001010
000000000000000000000000000000000000001110000000000000000000100000000000001000000000000000000000000000000000110110000000000000000000000000000010011010
000000000000000000000000000000000000000000000000000000000001010000000000001000000000000000000000000000000000111110000000000000000000000000000100101011
000000000000000000000000000000000000000000000000000000000001010000000110000010000000000000000000000000000000011100000000000000000000000000001000001010
000000000000000000000000000000000000000000000000000000000000100000001001000110000000000000000000000000000000001000000000000000000000000000000100011100
000000000010000000000000000000000000000000000000000000000000000000000111000001000000000000000000000000000000000000000000000000000000000000000111100000
000000000101000000000000000000000000000000000000000000000000000000000000010001100000000000000000000000000000000000000000000000000000000001000011000000
000000000100100000000110000000000000000000000000000000000000000000000100100000110000000000000000000000000000000000001000000000000000000010100000000000
000000000011000000000110000110000000000000000000000000000000000000000100101010100000000000000000000000000000000000010100000000000000000001100000000000
000000000000000000000000000110000000000000000000000000000000000000000100000010000000000000000000000000000000000000100100000000000000000000000000000000
000000000000000000000000000000000000000000000000000000000000000000000010110000000000000000000000000000000000000000011000000000000000001100000000000000
000000000000000000000000000000000000000000000000000000000000000000000010100000000000000000000000000000000000000000000000000000000000010100000000000000
000000000000000000000000000000000000000000000000000000000000000000000000000000000000000000001010000000000000000000000000000000000000001000000000000000
000000000000000000000000000000000000000000000000000000000000000000000000000000000000000000000000100000000000000000000000000000000000000000000000000000
000000000100000000000000000000000000000000000000000000000000000100000000000000000000000000110000001000000000000000000000000000000000000000000000000000
000000001010000000000000000000000000000000000000000000000000010010000000000000000000000000110000001000000000000000000000000000000000000000000000000000
000000001010000000000000000000000000001100000000000000000000001100000000000000000000000010000100001000000000000000000000000000000000000000000000000000
000000000100000000000000001100000000001100000000000000000000000000000000000000000000000010000100010000000000000000000000000000000000000111000000000000
000000000000000000000000001100000000000000000000000000000000000000001111110000000000000000000011100011100000000000000000000000000000000000000000000000
000000000000000000000000000000000000000000000000000000000000000000010111110000000000000000000000000110010000000000000000000000000000000000000000000000
000000000000000000000000000000000000000000000000000000110000000000010100001000000000000000000000000010110000000000000000000000000000000000000000000000
000000000001000000000000000000000011100000000000000000110000000000010110101000000000000000000000000010110000000000000000000000000000000000000000001100
000000000001000000000000000000000000000000000000000000000000000000001110110000000000000000000000000001100000000000000000000000000000000000000000001100
000000000001000000000000000000000000001000000000000000000000000000000000100000000000000000000000001001100000000000000000000000000000000000000000000000
000000000000000000000000000000011000001000000000000000000000000000000000000000000000000000000000010101100000000000000000000000000000000000000000000000
000000000000000110000000000000011000001000000000000000000000000000000000000000110000001100000000011000000000000000000000000000000000000000000000000000
000000000000001001000000000000000000000000000000000000000000000000000001100000110000010010000000000000000000000000000000000000000000000110000000000000
000000000000000110000000000000000011100000110000000000000000000000000001100000000000010000100011000000000000000000000000000000000000000110000000000000
000000000000000000000001100110000000000000110000000000000000000000000000000000000000001111110011000000000000000000000000000000000000000000000000000000
000000000000000000000001100110011000000000000000000000000000000000000000000000000000000001011000000000000000000000000000000000000000000000000000000000
000000000011000000000000000000011000001100000000000000000000000001100000000011000000000001010000000000000000010000000000000000000000000000000000000000
000000000101000000000000000000000000010010000000000000000000010001100000000011000000000001100000000000000000101000000000000000000000000000000000000000
000110000010000000000000000000000000001100000000000000000001111100000000000000000000000000000000000000000001001000000000000000000000000000001100000000
000110000000000000000000000000000000000000000000000000000001110010001000000000000000000000000000000000000000110000000000011000000000000000010010000000
000000000000000000000000000000000000000000000000000000000000110000001100000000000000000000000000000000000000000000000000011000000000000000010100000000
000000000000000000000000000000000000000000000000000000100000010001100100000000000000000000000000000000000000000000000000000000000000000000001000000000
000000000000000000000000000000000000000000000000000000100000010001000000000000000000000000000000000000000000000000000000000000000000000000000000000000
000000000000000000000000001100000000000000000000000000100000010001000000000000000000000000000000000000000000000000000000000000000000000000000000000000
000000000000000000000000001100000000000000000000000000000000100001100000000000000000000000000000000000000000000000000000000000000000000000000000000000
000000000000000000000111000000000000000000000000001110001110010100000000000000000000000000000000000000000000000000000000000000000000000000000000000000
000000000000000000000000000000000000000000000000000000000000001000000000000000000000000000000000000000000000000000000000000000000000000000000000000000
000000000000000000010000010000000000000000000000000000100000000000000000000000000000000000000000000000000000000000000000000000011000000011000000000000
000000000000000000010000010000000000000000000000000000100000000000000000000000000000000000000000000000000000000000000000000000100100000100100000000000
000000000000000000010000010000000000000000000000000000100000000000000000000000000000000000000000000000000000000000000000000000011000000011000000000000
000000000000000000000000000000000000000000000000000000000000000000000000000000000000000000000000000000000000000000000000000000000000000000000000000000
000000000000000000000000000000000000000000000000000000000000000000000000000000000000000000000000000000000000000000000000000000000000100000000000000000
000000000000000000000000000000000000000000000000000000000000000000000000000000000000000000000000110000000000000000000000000000000001010000000000000000
000000000000011100000000000000000000000000000000000000000000000000000000000000000000000000000000110000000000000000000000000000000001010000000000000000
000000000000000000000000000000000000000000000000000000000000000000000000000000000000000000000000000000000000000000000000000000000000100000000000000000
000000000001000001000000000000000000000001000000000000000000000000000000000000000000000000000000000000000000000000000000000000000000000000000000000000
000000000010100010100000000000000000000010100000000000000000000000000000000000000000000000000000000000000000000000000000000000000000000000000000000000
000000000010100010100000000000000000000010100000000000000000000000000000000000001100000000000000000000000000000000000000000000000000000000000000000000
000000000001000001000000000000000000000001000000000000000000000000000000000000001100000000000000000000000000000000000000000000000000000000010000000000
000000000000000000000000010000000000000000000000000000000000000000000000000000000000000000000000000000000000000000000000000000000000000000101000000000
000000000000000000000000010000000000000000000000000000000000000000000000000000000000000000000000000000000000000000000000000000000000000000101000000000
