000000000000000000000000000000000000000000000000000000000000000000000000000000000000000000000000000100000000010000000000000000000000100000000000000000
000000000000000000000000000000000000000000000110000000000000000000000000000000000000000000000000000000000000000100000000000000000000000000000000000000
000000000000000000000000000000000000000000000110000000000000000000000000000000000000000000000000000000000000000100000000000000000000000000000000000000
000000000000000000000000000000000000000000000000000000000000000000000000000000000000000000000000000000000000000000000000000000000000000000000000000000
000000000000000000000000000000000000000000000000000000000000000000000000000000000000000000000000000000000001110000000000000000000000000000000000000000
000000000111000000000000000000000000000000000000000000000000000000000000000000000000000000000000000000000000000000000000000000000000000000000000000000
000000000011000000000000000000000000000000000000000000000000000001100000000000000000000000000000000000000000000000000000000000000000000000000000000000
000000010000000000000000000000110000000000000000000000000000000001100000000000000000000000000000000000000000000000000000000000000000000000000000000000
000000001110000000000000000000110000000000000000000000000000000000000000000000000000000000000000000000000000000000000000000000000000000000000000000000
000000000000000000000000000000000000110000000000000000000000000000000000000000000000000000000000000000000000000000000000000000000000000000000000000000
000000000100000000000000000000000000110000000000011000000000000000000000000000000000000000000000000000000000000000000000000000000000000000000000000000
000000000100000001000000000000000000000000000000011000000000000000000000000000000000000000000000000000000000000000000000000000000000000000000000000000
000000000000000001000000000000000000000000000000000000000000000000000000000000000000000000000000000000000010000000000000000001110000000000000000000000
000000000000000110110000000000000000000000000000000000000000000000000000000000000000000001100000000000000101000000000000000000000000000000000000000000
000000000000000001110000000000000000000100000000000000000000000000000000000000000000000010010000000000000101000000000000000000000000000000000000000000
000000000000000101000000000000000000001010000000000000000000000000000000000000110000000001100000000000000010000000000000000000000000000000000000000000
000000000000000000000000000000000000001010000000000000000000000000000000000000110000000000000000000000000000000000000000000000000000000000000000000000
000000000000000000000000000000000000000100000000000000000000000000000000000000000001100000000000000000000000000000000000000000000000000000000000000000
000100000000001001110000000000000000000000000000000000000000000000000000000000000001100000000000000000000000000000000000000000000000000000000000000000
001010000000011001100000000000000011000000011000000000000000000000001000000000000000000000000000000000000000000000000000000000000000000000000000000000
001001000000011000000000000000000100100000100100000000000000000000010100000110000000000000000000000000000000000000000001000000000000000000000000000000
000110000000000000000000000000000011000000011000000000000000000000001000000110000000011000000000000000000000000000000001000000000000000000000000000000
000000000000000000000000000000000000000000000000000000000000000000000000000000000000100100000000000000000000000000000001000000000000000000000000000000
000000000000000000000000000000000000000100000000000000000000000000000000000000011000011000000000000000000000000000000000000000000000000000000000000000
000000000000000000000000000000000000001010000000000000000000000000000000000000011000000000000000000000000000000000000000000000000000000000000000100000
000000000000000000000000000000000000001010000000000000000000000000000000000000000000000000000000000000000000000000000000000000000000000000000001010000
110000000000000000000000000000000000000100000000000000000000000000000000000000000000000000000000000000000000000000000000000000000000000000000000100000
110000000000000000000000000000000000000000000000000000000000000000000000000000000110000000000000000000000000000000000000000000000000000000000000000000
000000000000000000000000000000000000000000000000000000000000000011000000000000000110000000000000000000000000000000000000000000000000000000000000000000
000000000000000000000000000000000000000000000000000000000000000011000000000000000000000000000000000000000001000000000000000000000000000000000000000000
000000000000000000000000011000000000000000000000000000000000000000000000000000000000000000000001100000000010100000000111000000000000000000000000000000
000000000001100000000000011000000010000000000000000000000000000000000000000000000000000000000001100000000010100000000000000000000000000000000000000000
000000000001100000000000000000000010000000000000001110000000000000000000000000000000000000000000000000000001000000010000010000000000000000000000000000
000000000000000000000000000000000010000000000000000000000000000000000000000000000000000000000000000000000000000000010000010000000000000000000011100000
000000000000000000000000000000000000000000000000000000011000000000000000000000000000000000000000000000000000000000010000010000000000000000000100100000
000000000000000000000000000000000000000000000000000000100100000000000000000000000000000000000000000000000000000000000000000000000000000000000100001000
000000000000000000000000000000000000011000000000000000011000000000000000000000000000000000000000000000000000000000000111000000000000000000000100000000
000000000000000000000000000000000000011000000000000000000000000000000000000000000000000000000000000000011000000000000000000000000000001110000000000100
000000000000000000000000000000000000000000000000000000000000000000000000000000000000000000000000000000010100000000000000000000000000010001000010000000
000000000000000000000000000000000000000000000000000000000000000000000000000000000000000000000000000000000001110000000000000000000000010000011000001000
000000000000000000000000000000000000000000000000000000000000000000000000000000000000000000000001100011000100000000000000000000000000010000000110110000
000000000000000000000000000000000000000000000000000000000000000000000000000000000000000000000001100011010000000000000000000000000000001110110000100000
000000000000000000000000000000000000000000000000000110000000000000000000000000000000000000000000000001110000000000000000000000000000000000001101000000
000000000000000000000000000000000000000000000000001001000000000000000000000000000000000000000000000000000000000000000000000000011010000000000000000000
000000000000000000000000000000000000000000000000001010000000000000000000000000000000000000000000000000000100000000000000000000011000011000000000000000
000000000000000000000000000000000000000000000000000100000000000000000000000000000000000000000000000000000100000100000000000000100000011000000010100000
000000000000000000000000000000000000000000000000000000000000000001000000000000011100000000000000000000000100000100000000000000000110100000000001000000
000000000000000000000000000000000000000001100000000000000000000001100000000000011100000000000000000000000000000100000000000000000000000000000001000000
000000000000000000000000000000000000000001100000000000000000000000001000000000100010000000000000000001110000000000000000000000000000000111110000000000
000000000000000000000000000000000000100000000000000000000000000000000000000001010010000000000000000011011000000000000000000000000000000110001011000000
000000000000000000000000000000000000100000000000000000000000000001001000000011010010000000000000000011011000000000000000000000000000001010110011000000
000000000000000000000000000000000000100000000000000000110000000001000000001001111100000000000000000000100000000000000000000000000000000100000000000000
000000000000000000000000000000000000000000000000000000101000000000000000001111011100000000000000000000000000000000000000000000000000010100000000000000
000000000000000000000000000000000000000000000000000000001000000000000000010010001110000000000000000000000000000000000000001000000000000000000000000000
000000000000000000000000000000000000000000000000000000001010000000000000001101001110000000000000000000000000000000000000001000000000000000000000000000
000000000000000000000000000000000000000000000000000000010010000000000000000101011110000000000000000000000000000000000000001000000000000000000000000000
000000000000000000000000000011000000000000000000000010110100000000000000000001010000000000000000000000000000000000000000000000000000000000110000000000
000000000000000000000000000100100000000000000001000000010100000000000000000000100000000000000000000000000000000000000000000000000000000001110000000000
000000000000000000000000000011000000000000000010100000000000000000000010100000000000000000000000000000000000000000110000000000000000000000011000000000
000000000000000000000000110000000000000000000111000000000000000000000010110000000000000000000000000000000000000000110000000000000000000000011000000000
000000000000000000000001010000000000000000000010010000000000000000000010100000000000000000000000000000000000000000000000000000000000000000011000001100
000000000000000000000000100000000000000000000001110000000000000000000001000000000000000000000000000000000000000000000000000000000000000000000011001100
000010000000000000000000000000000000000000000000111000000000000000000000000000000000000000000000000000000000000000000000000000000011100000000011000000
000101000000000000000000000000000000000000000000001100000000000000000000000000000000000111000000000000000000000000000000000000000011000111000000000000
000101000000000000000000000000000000000000000000001100000000100000000000000000000000000000000000000000000000000000000000000000000000000110000000000000
000010000000000000000000000000000000000000000000000000000001110000010000000011000110000000000000000000000000000000000000000000000000000000000000000000
000000000000000000000000000000000000000000000000000000000001100000001000000011000110000000000000000000110000000000000000000000000000000000000000000000
000000000000000000000000000000000000000000000000000000000000001010000000000011000110000000000000000000110000000000000000000000000000000000000000000000
000000000000000000000000000000001000000000000000000000000000000000000100000000000000000000000000000000000000000000000000000000000000000000000000000000
000000000000000000000000000000010010000000000000000000000000010001000000000000000000000000000000000000000000000000000000000000000000000000000000000000
000000000000000000000000000000000001000000000000000000000000001111000000000001110000000000000000000000000000000000000000000000000000000000000111000000
000000000000000000000000000000100001000000000000000000000000000000111000000010000000000000000000000000000000000000000000000000000000000000000000000000
000000001100000000000000000000000011000000000000000000000000000000000000000001001000000000000000000000000000000000000000000000000000000000000000000000
001010010100000000000000000000000000000000000000000000000000001100000000010000111000000000000000000000000000000000000000000000000000000000000000000000
000100001010000000000000000000011100000000000000000000000000001100001100010000001000000000000000000000110110000000000000000000000000000000000000000000
000000010111000000000000000000000000000000000000000000000000000000010010010000000000100000000111000000110110000100000000000000000000000000001000000000
000001100011000000000000000000000000000000000000000000000000000000001100000000000001001000000000000000000000001010000000000000000000000000010100000000
000010111110000000000000000000000000000000000000000000000000000000000000000000000010001000000000000000000000010010000000000000000000000000100100000000
000001011000000000000000000000000000000000000000000000000000000000000000000000000010000100110000000000000000001100000000000000000000000000011000000110
000001000000000000000000000000000000000000000000000000000000000000000000000000000001000100110000000000000000000000000000000000000000000000000000000110
000000000000000000000000000000001010000000000000000000000000000000000000000000000001001000000000000000000000000000000000000000000000000000000000000000
000110000000000000000000000010100000000011000000000000000000000000000000000000000000010000000000000000000000000000000000000000000000000000000000000000
001100000000000000001100000010000000000011000000011100000000000000000000110000000000000000000000000000000000000000000000000000000000000000000000001100
101000000000000000001100000010100010000000000000010010000000000000000001001000000000000011000000000000000000000000000000000000000000000000000000000010
000010011100000000000000000000011010000000000000000001000000011000000000110000000000000001001110000000000000000000000000000000000000000001000000001101
000011011000000000000000000000000000000000000000010010000000100100000000000000000000001001111001100000001000000000000010000000000000000001000110001001
111011010000000000000000000000000000000000000000011100000000101000000000000000000000001001000000000000010100000000001100000000000000000000000000000000
000000000000000000000000000000000000000000000000000000000000010000000000000000000110001001111100100000110110000000000100100000000000000000000110000000
000000000000000000000000000000000000000000000000000000000000000000000000000010001100000001000000000000010100000000100010000000000000011100000110000000
000000000000000000000000011000000000000000000000000000000000000000000000001101110010000011000110000001010100000001011101001000000000000000000110000100
000000000000000000001100011000000110000000000000000000000000000000000000000010011100000000000000000010010100000010001110000100000000000000000000000110
000000000000000000001100000000000110000000000000000000000000000001100000000000000000000000000000000010011110000001111100011001100000000000000111110111
100000000000000000000000000000000000000000011000000000000010000001100000000000000000000000000000000001100000001100000000000001100011000000000111110100
100000000000000000000000000000000000000000011000000000000101000000000000000000000000000000000000000000000001111000010000000000010011000000000011110010
100000000011000000000000000000000000000000000000000000000101000000000000000000000000000000000000000000000000111000010111101100100000000000000000000000
010000000000100000000000000000000000000000000000000000000010000000000000000000000000000000000000000000000000110000000100010000100000000000000000000010
000000011000000000000000000000000000000000000000000000000000000000000000000000000000000000000000000000000000000000000110000101000000000000000000000000
001110010000000000000000000000000100000000000000000000000000000000000000000000000000000000000000000000000000000000000010110000000000000000000000000001
000100000100000000000000000000000100000000000000000000000000000000001100000000000000000000000000000000000000000000000001000000000000000000000000000000
000000110110000000000000000000000100000000000000000000000000000100010100000000000000000000000000000000000000000000000000000000000000000000000000000000
000100111100000000000000000000000000000000000000000000000000011100000100000000110000000100000000000000000000000000000000000000011100000000000000000110
110110011000001000000000000000000001110000000000000000000000000000000000000000110000001010000000000000000000000000000000000000111110000000000000000011
111000000000010100000110000000000000000000000000000000000000000000000000000000000000001010000000000000000000000000000000000001100101000000000000000001
110000000000010100000110000110000000000000000000000000000000000100000000000000000000000100000000000000000000000000000000000011100011100001110000000000
000000000000001000000000000110000000000000000000000000000000000011001000000000000000000000000000001100000000000000000000000001100000000100010000000000
000010000000000000000000000000000000000000000000000000000000000011011110000000000000000000000000001100000000000000000000000000100000001000010000000000
000101100000000000000000000000000000000000000000000000000000000011100000000000000000000000000000000000000000000000000000000000000000001000100000000000
000101100000000000000000000000000000000000000000000000000000000000000101000000000000000000000000000000000000000000000000000000000000000111000000000000
000011000000000000000000000000000000000000000000000000000000000000000011000000000000000000000000000000000000000000000000000000000000000000000000000000
000000000100000000000000000000000000000000000000000000000000000100000000000000000000000000000000000000000000000000000000000000000000000000000000000000
000000001010000000000000000000000000000000000000000000000000001110000000000001100000000000000000000011000000000000000000000000000000000000000000000000
000000001010000000000000000000000000000000000000000000000000010101000000000010000000000000000000000011000000000000000000000000000000000000000000000000
000000000100000000000000001100000000000000000000000000000000111011100011100001001000100000000000000000000000000000000000000000000000000000000000000000
000000000000000000000000001100000000000000000000000000000000010101000111100000111001000011100000000000000000000000000000000000000000000000000000000000
000000000000000000000000000000000000000000000000000000000000001110001100010000000000100000000000000000000000000000000000000000000000000000000000000000
000000000000000000000000000000000001000000000000000000000000000100001100000000000000000000000000011000000000000000000000000000000000000000000000000000
000000000000000000000000000000000001000000000000000000000000000000000111011000000000000000000000011000000000000000000000000000000000000000000000001100
000000000011100000000000000000000001000000000000000000000000000000000010000000010000000000000000000000000000000000000000000000000000000000000000001100
000000000000000000000000000000000000000000000000000000000000000000000000001111111000000000000000000000000000000000000000000000000000000000000000000000
000000000000000000000000000000011000011100000000000000000000000000000001000011101100000000000000000000000000000000000000000000000000000000000000000000
000000000000000110000000000000011000000000000000000000000000000000000001001011000000000000000000000000000000000000000000000000000000000000000000000000
000000000000001001000000000000000001000000000000000000000000000000000001000000000000000000000000000000001110000000000000000000000000000110000000000000
000000000000000110000000000000000001000000110000000000000000000000000001000110000000000000010000000000000000000000000000000000000000000110000000000000
000000000000000000000001100110000001000000110000000000000000000000100000010110011000000000101000000000000000000000000000000000000000000000000000000000
000000000000000000000001100110011000000000000000000000000000000011000000010000000100000001010000000000000000000000000000000000000000000000000000000000
000000000011000000000000000000011000001100000000000000000000000001100000010000001000000001100000000000000000010000000000000000000000000000000000000000
000000000101000000000000000000000000010010000000000000000000000000000010001000000000000000000000000000000000101000000000000000000000000000000000000000
000110000010000000000000000000000000001100000000000000000000000000000110000111000000000000000000000000000001001000000000000000000000000000001100000000
000110000000000000000000000000000000000000000000000000000000000000000100000000000000000000000000011000000000110000000000011000000000000000010010000000
000000000000000000000000000000000000000000000000000000000000000000000000000000000000000000000000100100000000000000000000011000000000000000010100000000
000000000000000000000000000000000000000000000000000000000000000000000000000000000000000000000000011000000000000000000000000000000000000000001000000000
000000000000000000000000000000000000000000000000000000000000000001100000000000000000000000000000000000000000000000000000000000000000000000000000000000
000000000000000000000000001100000000000000000000000001000000000010010000000000000000000000000000000000000000000000000000000000000000000000000000000000
000000000000000000000010001100000000000000000000000010100000000001100000000000000000000000000000000000000000000000000011000000000000000000000000000000
000000000000000000000010000000000000000000000000000010100000000000000000000000000000000000000000000000000000000000000011000000000000000000000000000000
000000000000000000000010000000000000000000000000000001000000000000000000000000000000000000000000000000000000000000000000000000000000000000000000000000
000000000000000000000000000000000000000000000000000000000000000000000000000000000000000000000000000000000000000000000000000000011000000011000000000000
000000000000000000111000111000000000000000000000110000000110000000000000000000000000000000000000000000000000000000000000000000100100000100100000000000
000000000000000000000000000000000000000000000001001000001001000000000000000000000000000000000000000000000000000000000110000000011000000011000000000000
000000000000000000000000000000000000000000000000110000000110000000000000000000000000000000000000000000000000000000001001000000000000000000000000000000
000000000000000000000000000000000000000000000000000000000000000000000000000000000000000000000000000000000000000000001010000000000000100000000000000000
000000000000001000000000000000000000000000000000000001000000000000000000000000000000000000000000000000000000000000000100000010000001010000000000000000
000000000000001000000000000000000000000000000000000010100000000000000000000000000000000000000000000000000000000000000000000010000001010000000000000000
000000000000001000000000000000000000000000000000000010100000000000000000000000000000000000000000000000000000000111000000000010000000100000000000000000
000000000001000001000000000000000000000001000000000001000000000000000000000000000000000000000000000000000000000000000000000000000000000000000000000000
000000000010100010100000000000000000000010100000000000000000000000000000000000000000000000000000000000001100000111000000111000111000000000000000000000
000000000010100010100000000000000000000010100000000000000000000000000000000000001100000000000000000000101000000110000000000000000000000000000000000000
000000000001000001000000000000000000000001000000000000000000000000000000000000001100000000000000000000010000010100000000000010000000100000000000000000
000000000000000000000000000000000000000000000000000000000000000000000000000000000000000000000000000110000000101100000000000010000001010000000000000000
000000000000000000000000111000000000000000000000000000000000000000000000000000000000000000000000001001000000011000000000000010000001010000000000000000
