000000000000000000000000010000000110010000000000000000000000000000000000000000000000000000000000000000000000000000000000000000000000001000010000000000
000000000000000000000000000000000110010000000000000000000000000000000000000000000000000000000000001000000000000000000000000000000000001000000000000000
000000000000000000000000000000000001100000011000000000000000000000000000000000000000000000000000001000000000000000000000000000000000001000000000000000
000000000000000000000000000000000000000000011000000000000000000000000000000000000000000000000000001000000000000000000011000000010000000000000000000000
000000000000000000000000000000000000000000000000011100000000000000000000000000000000000000000000000000000000000000000100100000010000000000000000000000
000000000000000000000000000000000000000000000000000000000000000000000000000000000000000000000000000000000000000000000010100000010000000000000000000000
000000000110000000000000000000000000000000000001000001000000000001100000000000000000000000000000000000000000000000000001000000000000000000000000000000
000000001001000000000000000000000000000000000001000001000000000001100000000000000000000000000000000000000000000000000000000000000000000000000000000000
000000001001000000000000000000000000100101000001000001000000000000000000000000000000000000000000000000000000000000000000000000000000000000000000000000
000000000110000000000000000000000001110000100000000000000000000000000000000000000000000000000000000000000000000000000000000000000000000000000000000000
000000000000000000000000000000000011111001000000011100000000000000000000000000000000000000000000000000000000000000000000000000000000000000000000000000
000000000000000000000000000000000110001000000000000000000000000000000000000000000000000000000000000000000000000000000000000000100000000000000000000000
000000000000000000000000000000001110000000000000000000000000000000000000000000000000000000000000000000000000000000000000000000100000000000000000000000
000000000000000000000000000000000110000000000000000000000000000000000000000000000000000000000001000000000000000000000000000000100000000000000000000000
000000000000000000000000000000000000000000000000000000000000000000000000000000000000000000000010100000000000000001100000000000000000000000000000000000
000000000110000000000000000000000000000000000000000000000000000000000000000000000000000000000010100000000000000001100000000000000000000000000000000000
000000000110000000000000000000000000000000000000000000000000000000000000000000000000000000000001000000000000000000000000000000000000000000000000000000
000000000000000000000000000000000000000000000000000000000000000000000000000000000000000000000000000000000000000000000000000000000000000000000000000000
000000000000000000000000000000000000000000000000000000000000000000000000000000000000000000110000000000000000000000000000000000000000000000000000000000
000000000000000000000000000000000000000000000000000000000000000000001000000000000000000001001000000000000000000000000000000111000000000000000000000000
000000000010000000000000000000000000000000000000000000000000000000010100000000000000000000110000000000000000000110000000000000000000000000000000000000
000000000101000011000000000000000000000000000000000000000000000000001000000000000000000000000000000000000000000110000000000000000000000000000000000000
000000000101000011000000000000001000000000000000000000000000000000000000000000000000000000000001000000000000000000000000000000000000000000000000000000
000000000010000000000000000000001000000000000000000000000000000000000000000001000000000000000010100000000000000000000000000000000001100000000000000000
000000000000000000000000000000001000000000000000000000000000000000000000000010100000000000000010100000000000000000000000000000000001100000000000000000
000000000000000000000000000000000000000000000000000000000000000000000000000010010000000000000001000000000000000011100000000000000000000100000000000000
000000000000000000000000000000000000000000000000000000000000000000000000000001100000000000000000000000000000000000000000000000000000000100000000000000
000000000000000000000000000000000000000000000000000000000000000000000000000000000000000000000000000000000000000000000000000000000000000100000000000000
000000000000000000000000000000000000000000000000000000000000000011000000000000000000000000000000000000000000000000000000000000000001100000000000000000
000000000000000000000000000000000000000000000000000000000000000011000000000000000000000000000000000000000000000000000000000000000010010000000000000000
000000000000000000000000000000000000000000000000000000000000000000000000000000000000000000000000000000000000000000000000000000000001010000000000000000
000000110000000000000000000000000000000000000000000100000000000000000000000000000000000000000000000000000000000000000000000000000000100000000000000000
000000110000000000000000000000000111000000000000000100000000000000000000000000000000000000000000000000000000000000000000000000000000000000000000000000
000000000000000000000000000000000000000000000000000100000000000000000000000000000000000011000000000000000000000000000110000000000000000000000000000000
000000000000000000000000000000000000000000000000000000011000000000000000000000000000000011000000000000000000000000011001011000000001100000000000000011
000000000000000000000000000000000000000000000000000000100100000000000000000000000000000000000000000000000000000011100101000100000000100000000000000011
000000000001000000000000000000000000011000000000000000011000000000000000000000000000000000000000000000000000000110100000100100000100000000000000000000
000000000010100000000000000000000000011000000000000000000000000000000000000000000000000000000000000000000000000011000000000100000110000000000000000000
000000000001100000000000000000000000000000000000000000000000000000000000000000001000000000000000000000000000010000000001001000000000000000000000000000
000000000000000000000000000000000000000000000000000000000000000000000000000000010010000000000000000000000000000000000001110000000000000000000000000000
000000000000011000000000000000000000000000000000000000000000000000000000000000010010000000000000000000000000010000011100010000000000000000000000000000
000000000000000000000000000000000000000000000000000000000000000000000000000000000100000000000000000000000000000000011010010000000000000000000000000000
000000000000000000000000000000000000000000000000000110000000000000000000000000000000000000000000000000000000000000000110101100000000000000000000000000
000000000000000000000000000000000000000000000000001001000000000000000000000000000000000010000000000000000000000000000011101100000000000000000000000000
000000011100000000000000000000000000000000000000001010000000000000000000000000000000000101000000000000000000000000000000110000000000000000000000000000
000000000010000000000001100000000000000000000000000100000000000000000000000000000000000011000000000000000000000000000000000000000000000000000000000000
000000011001000000000010010000000000000000000000000000000000000000000000000000000000000000000000000001000000000000000000000000000000000011000000001110
000000011010100000000001100000000000000001100000000000000000000000000000000001000000000000000110000010100000000000000000000000000000000110110000001110
000000001100011000000000000000000000000001100000000000000000000000000000000001000000000000000110000010100000000000000000000000000000001101101010100000
000000000000111010000000000000000000000000000000000000000000000000000000000001000000000000000000000001000000000000000000000000000100000100000110100000
000000000001010011100000000000000000000000000000000000000000000000000000000000000000000000000000000000000000000000000000000000000101000000111101000000
000010000001110010010000000000000000000000000000000000000000000000000000000000000000000000000000110000000000000000000000000000000100000111000000000000
001011000001011010010000000000000000000000000000000000000000000001100000000000000000000000000001001000000000000000000000000000000010000000011110011100
011011000000010110010000011100000000000000000000000000000000000001100110000000000000000000000000110000000000000000000000000000000011011100000001001000
000000000000111111100000100010000000000000000000000000000000011000000110000000000000000000000000000000000000000000000011100000000001001101000100101000
000000000000001101100000100010000000000000000000000000000000011000000000000000000000000000000000000001000000000000111011110000000010110001000011011000
000000000000000010000011000001100000000000000000000000000000000000000000000000000000000000000000000010100000000000011010111100000001100000110000110100
000000000000000000000100001000010000000000000000000000000000000000000000000001100000000000000000000010100000000000011001100000000001000000101001000010
000000000010000011000100010100010000000000000000000000000000000000000000000010010000000000000000000001000000000000000001100000000000000000011000000010
000000001101010111000100001000010000000000000000000000000000000000000000000001010000000000000000000000000000000000000000000000000000000000011000000100
000000001001010000000011000001100000000000000000000000000000000000000000000000100000000000000000000000000000000000000000000000000000000000000000010000
000000010000000000000000100010000000000000000000000000000000011000000000000000000000000000000000000000000110000000000000000000000000000000000001100000
000000001000100000100000100010000000000000001100000000000000011000000000000000000000000000000000000000000110000110000100000000000000000000000000000000
000001001011100001000000011100000000000000001100000000000000000000000000000000000000000000000000000000000000000110001010000000000000000000000000000000
000010100000001110000000000000000000000000000000000000000000000000000001100000000000000000000000000000000000000000000100000000000000000000000000000000
000110110000000000000000000001100110001000000000000000000000000000000010010000000000000000000000000000000000000000000000011000000000000000000000000000
000000000000000000000000000000001100001110000000000000000000000000000001000000000000000100000000000000000000110000000000011000000000000000000000000000
000000000000000000000000000100001000110010000000000000000000000000000001110000000000001010000000001000000001100000000000000000000000000000000000000000
000000000000000000000000000100011101110110000000000000010000110000000000100000000000000100000000010100000000010000000000000000000000000000000000000000
000000000000000000000000000100001001100000000000000000010001001000000000001110000000000000000000010010000000000000000000000000000100000000000000000000
000000000000000000000000000000001110000000000000000000010000110000000000000110000000000000000000001100000000000000000000000000000100000000000000000000
000000000000000000000000000001110110000000000000000000000000000000000000000001000000000000000000000000000011000000000000000000000100000000000011000000
000000000000000000000000000011100000001000000000000000000000000000000000011001000000000000000000000000000100100000000000000000000000000000000110110000
000000000000000000000000000010100011000000000000000000000000000000000001010001100000000000000000000000000011000000000010000001000000000000000000001000
000000000000000000000000000000100010011000000000000000000000000000000110000011100000000000000000000000000000000000000111000001000000000001100000101000
000000000000000000000000000110011011011000111000000000000000000000011111000000000000000000000000000000000000000000001100100001000000000001000000010000
000000000000000000000000000010001110100100000000000000000000000000011100101000000000000000000000000000000000000000001011100000000000000000100000000000
000000000000000000000000000111001100010100011000110000000000000000101001001000000000000000000000000000000000000000001101011000000000000000000000000000
000000000000000000000000000111000000011000111000000000000000000011100000110000000000000000000000000000000000000000000000100100000000000000000000000000
000000000000000000000000000111011000000011001000000000001000000011110010001000000000000000000000000000000000000000000001111110000000000000000011000000
000000000000000000000000000111011000000000000000000000111110111001000011101100001000000000000000000000000000000000000000100100000000000100011101000000
000000000000000000000000000010001000001100100000011111110011111000000100001010001000000000000000000000000000000000001101011000000000001000011011000000
000000000000000000000000000011110000010110000000010010000010011100111111110001000000000000000000000000000000000000001011100000000000001100001001000000
000000000000001000000000000011000000011100000000011000100000001100001010011101000000000000000000000000000000000000001100100000000001000110000100100000
000000000000010100000000000001100000010000000000000110101100001000001111100000000000000000000000000000000000000000000111000000000000001000000101000000
000000000000100100000000000011000000000000000000000000010000001100000001000000010000000000000000000000000000000000000010000000000010000100000010000000
000000000000011000000000000010000000000000011000000000000000000101100000000001110000000000000000000000000000000000000000000000000010000100000000000000
000000000000000000000000000000000000000011001000000000000000000010000011000100100000000000000000000000000000000000000000000000000010000100000000000000
110000000000000000000000000001000000000100100010000000000000000010100011001101110001100000000000000000000000000000000000000000000010011000000000000000
110000000000000011000000000000100000001001010000000000000000000000000011001101100001100000000000000000000000000000000000000000000100100000000000000000
000000000000000100100000000001000000000101010000000000000000000000000000001001000000000000000000000000000000000000000000000000000011000000000000000000
000000000000000011000000000000000000000100000010000000000000000000000000001010000000000000000000000000000000000000000000000000000000000000011000000000
000000000000000000000110000000000000000010000000000000000000000000000000001110000000000000000000000000000000000000000000000000000000000000100010000000
000000000010000000000110011100011100000000001000000000000000000000000000000000000000000000000000000001100000000000000000000000000000000001000000000000
000000000010000000000000000000000000000000000000000010000000000000000000000000000000000000000000000001100000000000000000000000000000000001000011000000
000000000010000000000000000001000000000000000000000101000000000000000000000000000000000000000000000000000000000000000000000000000000000001000101100000
000000000000000000000000000001000000000000000000000101000000000000000000000000000000000000000000000000000000000000000000000000000000000000101001001000
000000000000000000000000000001000000000000000000000010000000000000000000000000000000000000000000000000000000000000000000000000000000000000011100001000
000000000000000000000000000000000000000000000000000000000000000000000000000000001000000000000000000000000000000000000000000000000000000000000110110000
000000000000000000000000000000000000001100000000000000000000000000000000000000010100000000000000000000000000000000000000000000000000000000000001000000
000000000010000000000000000000000000001100000000000000000000000000000000011100101100000000000000000000000000000000000000000000000000000000000000000000
000000000101000000000000000000000000000000000000000000000000000000000000000001001000000000000000000000000000000000000000000000000000000000000000000000
000000000100100000000110000000000000000000000000000000000000000000000000000011110100000000000000000000000000000000001000000000000000000000000000000000
000000000011000000000110000110000000000000000000000000000000000000000000000011100100000000000000000000000000000000010100000000000000000000000000000000
000000000000000000000000000110000000000000000000000000000000000000000000000111001100000000000000000000000000000000100100000000000000000000000000000000
000000000000000000000000000000000000000000000000000000000000000000000000001101001100000000000000000000000000000000011000000000000000001100000000000000
000000000000000000000000000000000000000000000000000000000000000000000000000110000000000000000000000000000000000000000000000000000000010100000000000000
000000000000000000000000000000000000000000000000000000000000000000000000000011110000000000000000000000000000000000000000000000000000001000000000000000
000000000000000000000000000000000000000000000000000000000000000000000000000000100000000000000000000000000000000000000000000000000000000000000000000000
000000000100000000000000000000000000000000000000000000000000000000000000000000000000000000000000000000000000000000000000000000000000000000000000000000
000000001010000000000000000000000000000000000000000000000000000000000000000000000000000000000000000000000000000000000000000000000000000000000000000000
000000001010000000000000000000000000001100000000000000000000000000000000001110000000000000011000000000000000000000000000000000000000000000000000000000
000000000100000000000000001100000000001100000000000000000000000000000000011111000000000000100100000000000000000000000000000000000000000111000000000000
000000000000000000000000001100000000000000000000000000000100000000000000110011000000000000011000000000000000000000000000000000000000000000000000000000
000000000000000000000000000000000000000000000000000000001110000000000001100000000000000000000000000000000000000000000000000000000000000000000000000000
000000000000000000000000000000000000000000000000000000001110001100000000111100000000000000000000000000000000000000000000000000000000000000000000000000
000000000001000000000000000000000011100000000000000000110000001100000000011100000000000000000000000000000000000000000000000000000000000000000000001100
000000000001000000000000000000000000000000000000000000110000000000000000001000000000000000000000000000000000000000000000000000000000000000000000001100
000000000001000000000000000000000000001000000000000001000110000000000000000000000000000000000000000000000000000000000000000000000000000000000000000000
000000000000000000000000000000011000001000000000000001000001000000000000000000000000000000000000000000000000000000000000000000000000000000000000000000
000000000000000110000000000000011000001000000000000000010100000000000000000000000000000000000000000000000000000000000000000000000000000000000000000000
000000000000001001000000000000000000000000000000000000000011000000000000000000000000000000000000000000000000000000000000000000000000000110000000000000
000000000000000110000000000000000011100000110000000000000000010100000000000000000000000000000000000000000000000000000000000000000000000110000000000000
000000000000000000000001100110000000000000110000000000000001100010000000000000000000000000000000000000000000000000000000000000000000000000000000000000
000000000000000000000001100110011000000000000000000000000010000110100000000000000000000000000000000000000000000000000000000000000000000000000000000000
000000000011000000000000000000011000001100000000000000000010000000100000000000000000000000000000000000000000010000000000000000000000000000000000000000
000000000101000000000000000000000000010010000000000000000000011000100000000000000000000000000000000000000000101000000000000000000000000000000000000000
000110000010000000000000000000000000001100000000000000000000001000000011000000000000000000000000000000000001001000000000000000000000000000001100000000
000110000000000000000000000000000000000000000000000000000000001110000100100000000000000000000000000000000000110000000000011000000000000000010010000000
000000000000000000000000000000000000000000000000000000000000000000000011000000000000000000000000000000000000000000000000011000000000000000010100000000
000000000000000000000000000000000000000000000000000000000000000000000000000000000000000000000000000000000000000000000000000000000000000000001000000000
000000000000000000000000000000000000000000000000000000000000000000000000000000000000000000000000000000000000000000000000000000000000000000000000000000
000000000000000000000000001100000000000000000000000000000000000000000000000000000000000000000000000000000000000000000000000000000000000000000000000000
000000000000000000000000001100000000000000000000000000000000001000000000000000000000000000000000000000000000000000000000000000000000000000000000000000
000000000000000000000111000000000000000000000000000000000000010100000000000000000000000000000000000000000000000000000000000000000000000000000000000000
000000000000000000000000000000000000000000000000000000000000010100000000000000000000000000000000000000000000000000000000000000000000000000000000000000
000000000000000000010000010000000000000000000000000000000000001000000000000000000000000000000000000000000000000000000000000000011000000011000000000000
000000000000000000010000010000000000000000000000000000000000000000000000000000000000000000000000000000000000000000000000000000100100000100100000000000
000000000000000000010000010000000000000000000000000000000000000000000000000000000000000000000000000000000000000000000000000000011000000011000000000000
000000000000000000000000000000000000000000000000000000000000000000000000000000000000000000000000000000000000000000000000000000000000000000000000000000
000000000000000000000000000000000000000000000000000000000000000000000000000000000000000000000000000000000000000000000000000000000000100000000000000000
000000000000000000000000000000000000000000000000000000000000000000000000000000000000000000000000110000000000000000000000000000000001010000000000000000
000000000000011100000000000000000000000000011000000000000000000000000000000000000000000000000000110000000000000000000000000000000001010000000000000000
000000000000000000000000000000000000000000100100000000000000000000000000000000000000000000000000000000000000000000000000000000000000100000000000000000
000000000001000001000000000000000000000000011000000000000000000000000000000000000000000000000000000000000000000000000000000000000000000000000000000000
000000000010100010100000000000000000000000000000000000000000000000000000000000000000000000000000000000000000000000000000000000000000000000000000000000
000000000010100010100000000000000000000000000000000000000000000000000000000000001100000000000000000000000000000000000000000000000000000000000000000000
000000000001000001000000000000000010000000000000000000000000000000000000000000001100000000000000000000000000000000000000000000000000000000010000000000
000000000000000000000000010000000111100000000000000000000000000000000000000000000000000000000000000000000000000000000000000000000000000000101000000000
000000000000000000000000010000001000010000000000000000000000000000000000000000000000000000000000000000000000000000000000000000000000000000101000000000
