00000000000000000000000000110011111000000000101000
00000000000000000000000001101000010000000000000000
00000000000100000000000001100000010000000000000000
00000000001110000000000001110000000000000000000000
00000010000101000000000000111101000100000000000000
00000101101101000000000000000011000100000000001100
00000010001101000000000000000011000100000000001100
00000000001110000000000000000100000000000000000000
00000000000000000000000000000101000100001100000000
00000000110000110000000000001100011100010010000000
00000001010000110000000000000110010000000100000110
00000000000000000000000000000011000000000000001010
00000001010000000000000000000001000000000000011110
00000000000000000000000000000000000000000001100100
00000000000000000000000000000000000000000000111000
00000000000000000000000000000000000000000000010000
00000000000000000000000000000000000000000000000000
00000000000000000000000001000000000000000000000000
00000000000000000000000010100000000000000000000000
00000000000000000000000010100000000000000000000000
00000000000000000011100001000000000000000000000000
00000000000000000000100000000000000000000000000000
00000000000000000001100000000000000000000000010000
00000000000000000000000000000000000000000000101000
00000000000000000000000000000000000000000000011000
00000000000000000000000000000000000000000000000000
00000000000000000000001100000000000000000000000000
00000000000000000000011100000000000000000000000000
00000000000000000000001000000000000000000000000000
00000000000000000000000000000000000000000000000000
00000000000000000000000000000000000000000000000000
00000000000000000000000000000000010100000000000000
00000000000000000000000000000000001000000000000000
00000000000000000000000000000000000000000000000000
00000000000000000000000000000000000000000000000000
00000000000000000000000000000000000000000000000000
00000000000000000000000000000000000000000000000000
00000000000000000000000000000000000000000000000000
00000000000000000000000000000000000000000000000000
00000000000000000000000000000000000000000000000000
00000000000000000000000000000000000000000000000000
00000000000000000001110000000000000000000000000011
10000000000000000000000000000000000111000000000100
00000000000000000000000000000000000000000000000011
00000000000000000000000000000111000000000000000000
00000000000000000000000000000101000000000000000000
00000000000000000000000000000100100000000000000000
00000000000000000000000000000100100000000000000000
00000000000000000000000000000010100000000000010000
00000000000000000000000000010010100000000000110000
