00000110000000000000000000000011100000011011011000
11110010000000000000000000000011100000110000001000
00011110000000011000000000000011000000010000001001
10000000000000011000000000000100000000001101110000
00000000000000000000000000011001000000000000100000
00000000000000000000000000001000100111000000000000
00000000110000000000000000001001000000000000000000
00000001111000000000000000000111000000000000000000
00000001100110000000000000000000000000000001000000
00000000000110000110000000000000000000011010010000
00000001100011000110000000001000000000000001010000
00000001100100000000000000010100000000111000100001
10000101100100000000000000010100011111000000000110
11001001000010000000000010001000011111010000000010
10011000001101000000000101000000000000000000010000
00001000000101000000000000100000000000011000000001
00001110000001010000001000100000000000000000010000
00111000000000001000000000000000000000000000001000
00111000000001011000011101100000000000000000000000
00000000000100111000011011000000000000010000000000
00000000000110010000000111000000000000010000000000
00000000000001110000000110100000000000010000000000
00000000000000100000000001100001000000000000000000
00000000000000000000000000000010111110000000000000
00011000000000000000000000010010001001100000000000
10011000000000000000000001000110100011110000000001
10010100000000000000000001000100100000010110000111
00001100000000000000100000000010000000000000000110
00000000000000000001010000011100010000101001001000
00111100000000000100001000011000011011000000011000
01110000000000001011010000101001110000000000000100
01100000000000001111100000110001100000000100000111
10000000000000000000000000000001000000000011000011
00000000000000000000000000000000000000000000000000
00000000000001100000000000000000000000000000000000
00000000000001100000000000000000000000000000000000
00000000000000000000000000000000000000000000000000
00000000000000000000000000000000000000000000000000
00000000000000000000000000000000000000000000000000
00000000000000000000000000000000000000000000000000
00000000000000000000100000000000000000000000000000
00000000000000000000100000000001100000000000000011
10000000000000000000100000000001100000000000000100
00000000000000000000000000000000000000000000000011
00000000000000000000000000000000000000000000000000
00000000000000000000000000000000000000000000000000
00000000000000000000000000000000000000000000000000
00000000000000000000000000000000000000000000000000
00010000000000000000000000000000000000000000000000
00011000000000000000000000000000000000000000000000
