000000000000000000000000000000000000000000000000000000000000000000000000000000000000000000000000000000000000000000000000000000000000000000010000000000
000000000000000000000000000000000000000000000110000000000000000000000000000000000000000000000000000000000000000000000000000000000000011100000000000000
000000000000000000000000000000000000000000000110000000000000000000000000000000000000000000000000011100000000000000000000000000000000000000000000000000
000000000000000000000000000000000000000000000000000000000000000000000000000000000000000000000000000000000000000000000011000000000000000000000000000000
000000000000000000000000000000000000000000000000000000000000000000000000000000000000000000000000000000000000000000000100100000111000000000000000000000
000000000000000000000000000000000000000000000000000000000000000000000000000000000000000000000000000000000000000000000010100000000000000000000000000000
000000000110000000000000000000000000000000000000000000000000000001100000000000000000000000000000000000000000000000000001000000000000000000000000000000
000000001001000000000000000000110000000000000000000000000000000001100000000000000000000000000000000000000000000000000000000000000000000000000000000000
000000001001000000000000000000110000000000000000000000000000000000000000000000000000000000000000000000000000000000000000000000000000000000000000000000
000000000110000000000000000000000000110000000000000000000000000000000000000000000000000000000000000000000000000000000000000000000000000000000000000000
000000000000000000000000000000000000110000000000011000000000000000000000000000000000000000000000000000000000000000000000000000000000000000000000000000
000000000000000000000000000000000000000000000000011000000000000000000000000000000000000000000000000000000000000000000000000000000000000000000000000000
000000000000000000000000000000000000000000000000000000000000000000000000000000000000000000000000000000000000000000000000000001110000000000000000000000
000000000000000000000000000000000000000000000000000000000000000000000000000000000000000000000001000000000000000000000000000000000000000000000000000000
000000000000000000000000000000000000000100000000000000000000000000000000000000000000000000000010100000000000000001100000000000000000000000000000000000
000000000000000000000000000000000000001010000000000000000000000000000000000000000000000000000010100000000000000001100000000000000000000000000000000000
000000000000000000000000000000000000001010000000000000000000000000000000000000000000000000000001000000000000000000000000000000000000000000000000000000
000000000000000000000000000000000000000100000000000000000000000000000000000000000000000000000000000000000000000000000000000000000000000000000000000000
000000000000000000000000000000000000000000000000000000000000000000000000000000000000000000110000000000000000000000000000000000000000000000000000000000
000000000000000000000000000000000011000000011000000000000000000000001000000000000000000001001000000000000000000000000000000000000000000000000000000000
000000000000000000000000000000000100100000100100000000000000000000010100000000000000000000110000000000000000000110000000000000000010000000000000000000
000000000000000011000000000000000011000000011000000000000000000000001000000000000000000000000000000000000000000110000000000110000010000000000000000000
000000000000000011000000000000000000000000000000000000000000000000000000000000000000000000000001000000000000000000000000110010000010000000000000000000
000000000000000000000000000000000000000100000000000000000000000000000000000001000000000000000010100000000000000000000001000000000000000000000000000000
000000000000000000000000000000000000001010000000000000000000000000000000000010100000000000000010100000000000000001000001100100010000000000000000000000
000000000000000000000000000000000000001010000000000000000000000000000000000010010000000000000001000000000000000001000011001100011000000000000000000000
000000000000000000000000000000000000000100000000000000000000000000000000000001100000000000000000000000000000000001001110001100000000000011100000000000
000000000000000000000000000000000000000000000000000000000000000000000000000000000000000000000000000000000000000000010010000010001000000000000000000000
000000000000000000000000000000000000000000000000000000000000000011000000000000000000000000000000000000000000000000010010000000010000001000001000000000
000000000000000000000000000000000000000000000000000000000000000011000000000000000000000000000000000000000000000000010001000100010000001000001000000000
000000000000000000000000000000000000000000000000000000000000000000000000000000000000000000000000000000000000000000001000001000000000001000001000000000
000000110000000000000000000000000010000000000000000000000000000000000000000000000000000000000000000000000000000000000100010000000000000000000000000000
000000110000000000000000000000000010000000000000001110000000000000000000000000000000000000000000000000000000000000000010000000000000000011100000000000
000000000000000000000000000000000010000000000000000000000000000000000000000000000000000011000000000000000000000000000001100000000000000000000000000000
000000000000000011100000000000000000000000000000000000011000000000000000000000000000000011000000000000000000000000000001110000000000000000000000000000
000000000000000001100000000000000000000000000000000000100100000000000000000000000000000000000000000000000000000000000001100000000000000000000000000000
000000000000000011100000000000000000011000000000000000011000000000000000000000000000000000000000000000000000000000000010000000000000000000000000000000
000000000000000000000000000000000000011000000000000000000000000000000000000000000000000000000000000000000000000000000010100000000000000000000000000000
000000000000000011000000000000000000000000000000000000000000000000000000000000000000000000000000000000000000000000001100010000000000000000000000001110
111100000000000011100111000000000000000000000000000000000000000000000000000000011100000000000000000000000000000000000001100000000000000000000000001110
010010000010000000000011000000000000000000000000000000000000000000000000000000001110000000000000000000000000000000001100010000000000000000000000011000
010110001101000001100000000000000000000000000000000000000000000000000000000000000000000000000000000000000000000000000011001000000000000000000000010000
010100011000000000000000000000000000000000000000000110000000000000000000000000000000000000000000000000000000000000000001001000000000000000000000000010
011000110111000000000000000000000000000000000000001001000000000000000000000000000000000010000000000000000000000000011000100100000000000000000001100000
000000011000000000000000010000000000000000000000001010000000000000000000000000000000000101000000000000011000000110110001111100000000000000000000110000
000000001000000000000000010000000000000000000000000100000000000000000000000000000000000011000000000000100100000100000000000000000000000000000000011110
000000000100100000000000000000000000000000000000000000000000000000000000000000000000000000000000000001001000000101111000000011100000000000000000001100
000000000011000000000000000000001110000001100000000000000000000000000000000000000000000000000110000011011000000000000011010011001100000000000000000000
000000000000000000000000000000000000000001100000000000000000000000000000000011100000000000000110000010010000000000000000100010001100000000000000000010
000000000000000100000000000000000000100000000000000000000000000000000000000000000000000000000000000010110000000000000000011100000000000000000000000101
000000000000001010000000000000000000100000000000000000000000000000000000000000000000000000000000000001100000000001100001011000000000000000000000000010
000000000000010001000000000000000000100000000000000000000000000000000000000000000000000000000000110000000000000001100001010000000000000000000000000000
000000000000010101100000001100000000000000000000000000000000000001100000000000000000000000000001001000000000000000000000000000000000000000000000000000
000000000000111000100000011010000000000000000000000000000000000001100110000000000000000000000000110000000000000000000000000000000000000000000000000000
000000000000100101100000001001000000000000000000000000000000011000000110000000000000000000000000000000000000000000000000000000000000000000000000000000
000000000000100000000000000101000000000000000000000000000000011000000000000000000000000000000000000000000000000000000000000000000000000000000000000000
000000000000011100000000000010000000000000000000000000000000000000000000000000000000000000000000000100000000000000000000000000000000000000000000000000
000000000000000001100000000000000000000000000000000000000000000000000000000001100000000000000000000100000000000000000011000000000000000000000000000000
000000000000001000010000000000000000000000000000000000000000000000000000000010010000000000000000000100000000000000000100100000000000000000000000000000
000000000000001001100000000000000000000000000000000000000000000000000000000001010000000000111000000000110000000000000011000000000000000000000000000000
000000001110100101000000000000000000000000000000000000000000000000000000000000100000000000001000000001001000000000000000000000000000000000000000000000
000000001000111000000000000000000000000000000000000000000000000000000000000000000000000000010000000000110000001000000000000000000000000000000000000000
000000010001011000000000000000000000000000000000000000000000000000000000000000000000000000000000000000000000010100000000000000000000000000000000010000
000000001000010000000000000000000000000000000000000000000000000000000000000000000000000000000000000000000100010100000000000000000000000000000000101000
000000001000100000000000000000000000000000000000000000000000000000000000000000000000000000000000000000001010001110000000010000000000000000000000010000
000000000100100000000000000000000000000000000000000000000000000000000000000000000000000000000000000000001010000111100000011000000000000000000000000000
000000000000000000000000000000000000000000000000000000110000000000000000110000000000000011000000000000000100000011100011011000000110000000000000000000
000000000000000001100000000000000000000000000000000000110000000000000000110000000010000100000000000000000000000001010000111000001000000000000000000000
000000000000000010011110000000000000000000000000000000000000100000000000000000000101000110000000000000010000000000100000110000010001100000000000000111
100000000000000100010111000000000000000000000000000000000001010000000000000000000011000000000000000000011000000001100000000000010001110000000000000011
000000000000000011011000000000000000000000000000000000000001100000000000000000000000000010000000000000000100000000000000000000010001110000000000000000
000000000000000001000000000000000000000100000000000000000000000000000000000000000000000101100000000000001000000000000000000000010000010000000000000000
000000000000000000000101000000000000001010000000000000000000000000011000000000000000000100100011000110000000000000000000000000010000010000000000000000
000000000000000000000001000000000000011011000000000000000000001100011000000000000000000010010000000001000000000000000000000000010011010000000000000000
000000000000000000011100000000000000001010000000000000000000010010000000000000000000000001101101110010000000000000000000000000000000001000000000000001
100000000000000000011000000000000000010001000000000000000000100000000000000000000000000000111110001100000000000000000000000000000000010000000000000010
100000000000000000001110000000000000001101100000000000000000100000000000000000000000000000000000000000000000000010000000000000000000001000000000000100
000000000000000000001101000000000000011100100000000000000011100000000000000000000000000000000000000000000000000010000000000000000010111100000000000011
000000000000000000000101000000000000011110000000000000000000000000000000000000000000000000000000000011000000000010000000000000000011101100000000000000
000000000000000000000010000000000000011101100000000000000000000000000000000000000000000000101100000100100000000000000000000000000011011100000000000000
000000000000000000000000000000000000110011000000000000000000000000000000000000000000000000011010000011000000000000000000000000000000000000110000000000
000000000000000000000000000000000001001100000000001000000000000011100000000000000000000000001110000000000000000000000000000000000000000000110000000000
000000000000000000000000000000000001000100000000100001100000000000100000000000001110000000000000000000000000000000000000000000000000000000000000000000
000000000000001000000000000000000001000000000000100000001000000001000000000000000000000000000000000001000000000000000000000000000000000011000000000000
000000000000010100000000000000000001000000000111000000001000000000000000000000000000000000000000001000110000000000000000000110000000000011000000000000
000000000000100100000000000001000001001000000000000111000100000000000011000000000000000000000000000011000000000000000000000101000000000010110000000000
000000000000011000000000000010100001000001000000000000100100000000000100000000000000000000000000010000000001100000000000000010000000000000010000000000
000000000000000000000000000001000001011010110000000000001000000000000011000000000000000000000000000110001000100000010000000000000000000000000000000000
000000000000000000000000000000000000110000010000000010000000000000000000000011100000000000000000001100011001000000101000000000000000000000000000000000
000000000000000011000000000000000000000100010001000000010000000000000000000010100000000000000000001111101000000000101000000000000000000000000000000000
000000000000000100100000000000000000000001100010000000010000000000000000000011100000000000000011011001110000000000010000000000000000000000000000000000
100000000000000011000000000000000000000000000000000001100000000000000000001010000000100000000001110000000000000000000000000000000000000000000000000000
100000000000000000000000000000000000000000000001100110000000000000000000010110000001100000000000100000000000000000000000000000000000000000000000000000
100000000000000000000000000000000000000000000001110000000000000000000000010100000010010000000000000001100000000000000000000000000000000000000010100000
000000000111000000000000000001100000000000000000000000000000000000000001111000000100000000000000000001100000000000000000000000000000000000000001100000
000000000000000000000000000001100000000000000001100000000000000000000010100000001111100000001000000000000000000000000000000000000000000000000001000000
100000000000000000000000000000000000000011000000000000000000100000000010100000000001100000010100000000000000000000000000000000000000000000000000000001
010000000000000000000000000000000000000000100010001100000001010000000001110000000001100000001100000000000000000000000000000000000000000000000000000010
100000000000000000000000000000000000001000000011001110000001010000000000011000000001000101000000000000000000000000000000000000000000000000000000000010
000000000000000000000000000000000000000001000001100010000000100000000000100100000011001101000000000000000000000000000000000000000000000000000000000001
000000000010000000000000000000000000001010000001100110000000000000000000110001000011010010000000000000000000000000000000000000000000000000000000000000
000000000101000000000000000000000000000000000000001110000000000000000000000101000000000100000000000000000000000000000000000000000000000001000000000000
000000000100100000000110000000000000000000000000001100000000000000000000111101100000011000000000000000000000000000001000000000000000000010100000000000
000000000011000000000110000110000000000000000000000000000000000000000000100011000000000000000000000000000000000000010100000000000000000001100000000000
000000000000000000000000000110000000000000000000000000000000000000000001110000000000000000000000000000000000000000100100000000000000000000000000000000
000000000000000000000000000000000000000000000000000000000000000000000000110000000000000000000000000000000000000000011000000000000000001100000000000000
000000000000000000000000000000000000000000000000000000000000000000000000110101100000000000000000000000000000000000000000000000000000010100000000000000
000000000000000000000000000000000000000000000000000000000000000000000000000110000000000000000000000000000000000000000000000000000000001000000000000000
000000000000000000000000000000000000000000000000000000000000000000000000111100000000000000000000000000000000000000000000000000000000000000000000000000
000000000100000000000000000000000000000000000000000000000000000000000000010000000000000000000000000000000000000000000000000000000000000000000000000000
000000001010000000000000000000000000000000000000000000000000000000000000000000000000000000000000000000000000000000000000000000000000000000000000000000
000000001010000000000000000000000000001100000000000000000000000000000000000000000000000000000000000000000000000000000000000000000000000010000000000000
000000000100000000000000001100000000001100000000000000000000000000000000000000000000000000000000000000000000000000000000000000000000000010000000000000
000000000000000000000000001100000000000000000000000000000000000000000000000000000000000000000000000000000000000000000000000000000000000010000000000000
000000000000000000000000000000000000000000000000000000000000000000000000010000000000000000100000000000000000000000000000000000000000000000000000000000
000000000000000000000000000000000001000000000000000000110000000000000000010000000000000000110000000000000000000000000000000000000000000000000000000000
000000000000000000000000000000000001000000000000000000110000000000000000010000000000001011000000000000000000000000000000000000000000000000000000001100
000000000011100000000000000000000001000000000000000000000000000000000000000000000000011000000000000000000000000000000000000000000000000000000000001100
000000000000000000000000000000000000000000000000000000000000000000000000000000000000110000100010000000000000000000000000000000000000000000000000000000
000000000000000000000000000000011000011100000000000000000000000000000000000000000000110000010001000000000000000000000000000000000000000000000000000000
000000000000000110000000000000011000000000000000000000000000000000000000000000110000001010001110000000000000000000000000000000000000000000000000000000
000000000000001001000000000000000001000000000000000000000000001100000001100000110000001100000010100000000000000000000000000000000000000110000000000000
000000000000000110000000000000000001000000110000000000100000001100000001100000000011001001000001000000000000000000000000000000000000000110000000000000
000000000000000000000001100110000001000000110000000011100000000000000000000000000011000000000001000000000000000000000000000000000000000000000000000000
000000000000000000000001100110011000000000000000000100001000000000000000000000000000000111000000000000000000000000000000000000000000000000000000000000
000000000011000000000000000000011000001100000000000000101000000000000000000011000000000000000000000000000000010000000000000000000000000000000000000000
000000000101000000000000000000000000010010000000000101000010000000000000000011000000000000000000000000000000101000000000000000000000000000000000000000
000110000010000000000000000000000000001100000000000000001110000000000000000000000000000000000000000000000001001000000000000000000000000000001100000000
000110000000000000000000000000000000000000000000000000111010000001000011000000000000000000000000000000000000110000000000011000000000000000010010000000
000000000000000000000000000000000000000000000000000001010000000010100011000000000000000000000000000000000000000000000000011000000000000000010100000000
000000000000000000000000000000000000000000000000000010000100000010100000000000000000000000000000000000000000000000000000000000000000000000001000000000
000000000000000000000000000000000000000000000000000000010110000001000000000000000000000000000000000000000000000000000000000000000000000000000000000000
000000000000000000000000001100000000000000000000000011000100000000000000000000000000000000000000000000000000000000000000000000000000000000000000000000
000000000000000000000010001100000000000000000000000010011000000000000000000000000000000000000000000000000000000000000000000000000000000000000000000000
000000000000000000000010000000000000000000000000000001000000000000000000000000000000000000000000000000000000000000000000000000000000000000000000000000
000000000000000000000010000000000000000000000000000001110000000000000000000000000000000000000000000000000000000000000000000000000000000000000000000000
000000000000000000000000000000000000000000000000000000000000000000000000000000000000000000000000000000000000000000000000000000011000000011000000000000
000000000000000000111000111000000000000000000000000000000000000000000000000000000000000000000000000000000000000000000000000000100100000100100000000000
000000000000000000000000000000000000000000000000000000000000000000000000000000000000000000000000000000000000000000000000000000011000000011000000000000
000000000000000000000000000000000000000000000000000000000000000000000000000000000000000000000000000000000000000000000000000000000000000000000000000000
000000000000000000000000000000000000000000000000000000000000000000000000000000000000000000000000000000000000000000000000000000000000100000000000000000
000000000000001000000000000000000000000000000000000000000000000000000000000000000000000000000000110000000000000000000000000000000001010000000000000000
000000000000001000000000000000000000000000000000000000000000000000000000000000000000000000000000110000000000000000000000000000000001010000000000000000
000000000000001000000000000000000000000000000000000000000000000000000000000000000000000000000000000000000000000000000000000000000000100000000000000000
000000000001000001000000000000000000000001000000000000000000000000000000000000000000000000000000000000000000000000000000000000000000000000000000000000
000000000010100010100000000000000000000010100000000000000000000000000000000000000000000000000000000000000000000000000000000000000000000000000000000000
000000000010100010100000000000000000000010100000000000000000000000000000000000001100000000000000000000000000000000000000000000000000000000000000000000
000000000001000001000000000000000000000001000000000000000000000000000000000000001100000000000000000000000000000000000000000000000000000000010000000000
000000000000000000000000000000000000000000000000000000000000000000000000000000000000000000000000000000000000000000000000000000000000000000101000000000
000000000000000000000000111000000000000000000000000000000000000000000000000000000000000000000000000000000000000000000000000000000000000000101000000000
