100000000011011000000011000000000011111000000000000000000000000000000000000000000000000000000000100000000000000000000000000110000000000000000000000101
010000000111001000000000000000000001111100000000000000000000000000000000110000000000000000000000011001001000000000000000000011110000000000000000001001
000000000000001000000000000000000000000010000000000000000000000000000000110000000110000000000000001001110000000000000000000011001011000000000000000000
000100000000001100000000000000000000010110000000000000000000000000000000000000001000000000000000111000000000000000000000001000100011100000000000000010
000010000100001000000000000000000000100010000001000000000000000000000000000000000001000000000000111000000000010100000000111000010001100000000000000001
001010000000000000000000000000000001100001000001000000100000000000000000000000000110000000000000010000000000010000010001101000100000100000000001100000
000100000000000000000000000000000110100010000001000000100000000001100000000000000000000000000000000000000000100011110000001000000000000000000001100000
000000000000000000000000000000001001000100000000000000100000000001100000110000000000000000000000000000000100000010010000111000000000000000000000000000
000000000000000000000000000000001100000000000000000000000000000000000000110000001000000000000000000000001011011011100000000000000000000000001110101100
000000000000000000000000000000000000000000000000000000000000000000000000000000010100000000000000000000010010011111000000000000111011000000001100111100
000100000000000000000000001100000000000000000000000000000000000000000000000000010100000000000000000000001000000110000000000000010000000000010110111110
101000000000000000000000010010000000000000000000000000000000000000000000000000001000000000000000000000000000000000000000000000001110000000010000000101
010000100000000000000000001100000000000000000000000000000000000000000000110000000001110000000000110000000001000000000000000000000100000000010000000100
010100010010000000000000000000000000000000000000000000000000000000000000110000000011011000000000110010100100000000000000000000000000000000000111000011
101011100010000000000000000000000000000000000000000000000000000000000000000000000110110000000000000010100000010000000000000000000000000000000100100000
000001000010000000000000000000000000000000000000000000000000000000000000000000000011010110000000000001000000000000000000000000000000000000000001000000
000001100000000000000000000000000000000000000000000000000000000000000000000001100011010110000000000000000000000100000000000000000000000000000000000000
110100100000000000000000000000000000000000000000000000000000000000000010000001100001000000000000000000000110001100000000000000000000000000000000000000
010000100000000000000000000000000000000000000000000000000011000000000101000000000000110010000000000000001011011000000000000000000000000000000000000000
010000000000000000000000000000000000000000000000000000000011000000000100100000000000011010000000000000001001000000000000000000000000000000000000000000
010000010000000000000000000000000000000000000000000000000000000000000011000000000000000100000000000000001011000000000000000000000000000000000000000000
100100001000000000000000000000000000000000000000000000000000000000000000000000000001110000000000000000000000100000000000000000000010000001000000000000
100101001000000000000000000000000000000000001100000000000000000000000000000000001010010000000000000000011000110000000000000000000110000000010000000000
101000101000000000000000000000000000000000001100000000000000000010000000000000010001000000000000000000111000111000000000000000000000000110100000000000
111000111000000000000000000000000000000000000000000000000000000101000000000000000000100000000011000000011000110000000000000000000000000100000000000000
000000000000000000000000000000000000000000000000000000000000001111000000000000110000100011000011000000001111100000000000000000100000000000001100000000
000000000000000000000000000000000000000000000000000000000000001100110000000000010101000011000000000000000111000000000000000001010000000000010010000000
000000000000000000000000000000000000000000000000000000000000000110001000000111000000000000000000000000000010000000110000000001011110000000001100000000
000000000000000000000000000000000000000000000000000000000000000010001000011000100000000000000000000000000000000000110000000000100110000000000000000000
000000000000000000000000000000000000000000011000000000000000000010010000010010000000000000000000000000000000000000000000000000000000000000000000000000
000000000000000000000000000000011000000000011000000000000000000000100000011010100000000000000000000000000000000000000000000000000000000000000000000000
000000000000000000000000000000011000000000000000000000000000000000000000000100100000000000000000000000000000000000000000000000000000000000000000000000
000000000000000000000000000000000000000000000000000000000000000000000000000100010000000000000000000000000000000000000000000000000000000000000000000000
000000000000000000000000000000000000000000000000000000000000000000000000000010100000000001100000000000000000000000000000000000000000000000000000000000
000000000000000000000000000000000000000000000000000000000000000000000000000001000000000111100000000000000000000011100000000000000000000000000000000000
000000000000000000000000000000000000000000000000000000000000000000000000000000000000001000011000000000000000001100100000000000000000000000000000000000
000000000000000000000000000000000000000000000011000000000000000000000000000000000000001001100001000000000000001000010000000000000000000000000000000110
000000000000000000000000000000000000000000000100100000000000000010000000000000000000001111110000100000001000001100000000000000000000000000000000001001
000000000000000000000000000000000000000000000011000000000000000010000000000000000000000000000001000000010100000100010000000000000000000000000000000110
000000001100000000000000000000000000000000000000000000000000000010000000000000000000000000001100000000110110000010011000000000000000000000000000000000
000000001100000000000000000000000000000000000000001100000000000000000000000000000000000000010010000000100011000000000000000000000000000000000000000000
000000000000000000000000000000000000000000000000010010000000111000111000000000000000000000010000000000000011000000000000000000000000000000000000000000
000000000000000000000000000000000000000000010000001100000000000000000000000000000000000000010010000000001000000000000000000000000000000000000000000000
000000000000000000000000000000000000000000101000000000000000000010000000000000000000000000001010000000000100000000000000000000011000000000000000000000
000011100000010000000000000000000000000010100100000000000000000010000000000000000000000000001001000000000000000000110000000000011000000001100000000000
000000000000011000000001000000000000000110000100000000000000000010000000000000000000000000000110000000000000000001001000000000000000000011100000000000
000000000000010101100110110000000000001100011100000000000000000000000000000000000000000000000110000000000000000001011000000000000000000010001100000000
000000000000010101101010000000000000011111011000000000000000000000000000000000000000000000000001011000000000000001011000000000000000000100000110000000
000100011000011000000001001000000000011011110000000000000000000000000010000000000000000000000001001111000000000011011000111000000011000010111100000000
000100011000010000000010110000000000001000101000000000000000000000000101000000000000000000000001110011000000000001010000100000000011000001011100000000
000000011000000000001101100000000000001010101100000000000000000000000110000000000000000000000000000000000000000000100011100010000000000000000000000000
000000000000000000000011000000000000000110001000000000000000000000000000000000000000000000000000000000000000000000000000100000000000000000000000000000
000000000000000000000001000000000000010001000000000000000000000000000000000000000000000000000000000000000000000000000000110010000000000000000000000000
000000000000000000000000000000000000001100110000001100000000000000000000000000000000000000000000000000000000000000000000011100000000000000000000000000
000000011000010000000000000000000000011100000000001100000000000000000000000000000000000000000000000000000010000000000000000000000000000000000000000000
000000000000001100000000000001110000000000000000000000000000000000000000000000000000000000000000000000000110001000000000001000000000000000111000000000
000010000010011000000000000000001000000000000000000000000000000000000000000000001100000000000000000000001010001100000000010100000000110010000100000000
110010000000000000000000000001000100000000000000000000000000000000000001111110001100000000000000000000011100001010000000010010000000010100001100000001
010110000010000000000000000000100010000000000000000000000000000000000000000000000000000000000000000000001010000010000000001100000000010100001000000000
100000100100000000000000000000000010000000000000000000000000000000000000000000000000000000000000000000000110000100000000000000000000001100010000000000
100000110001000000000000000000010010000000000000000000000000000000000000000000000000000000000000000000000010000000000000000000000000000000000000000001
100001010010000000000000000000001100000000000000000000000000000000000000000000000000000000000000000000000000000000000000000000000000000001110000000010
110011101110000000000001100000000000000000000000000000000000000000000000000000000000000000000000000000000000000000000000000110000000000000000000000010
101000101000000000000010010000000000000000000000000000000000000000000000000000000001100000000000000000000000000000000000000110000000000000000000000110
011000000000000000000001010000000000000000000001110000000000000000000000000000000010010000000000000000000000000100000000000000000000000000000000000011
000000000000000000000000100000000000000000000000000000000000000000000000000000000010100000000000000000000000001010000000000000000000000000000000000000
000000000000000000000000000000000000000000000000000000000000000000000000000000000001000000000000000000000000010010000000000000000000000000000000110000
000000000000000000000000000000000000000000000000000000000000000000000001110000000000000000000000000000000000101100000000000000000000000000000001001000
000000000000000000001100000000000000000000000000000010000000000000000000100000000000000000000000000000000000111000000000000000000000000000000000110000
000000000111000000010010000000000000000000000000000011100000000000000010100000000000000000000000000000000001100000000000000000000000000000001100000000
000000000000100000010100000000000000000000000000000001100000000000000111000000000000000001000000000000000000010011000000000000000000000000011100000000
000011011001000000001000000000000000000000000001000000011000000000001000101111000000000010100000000000000000000000000000000000000000000000111000000000
000011001011000000000000000000000000000000000000100000011111000000000100101011000000101001100000000000000000000001000000000000000000000100100000000000
000001101001000000000000000000000000000000000000101000111111000000000000000010110001101100000000000000000000000010100000000000000000000101110000000000
000001100110000000001000000000000000110000000000110110000000000000000010000000110000001100000000000010000000000010010000000000000000000110010100000000
000000001000000000001100000000000000110000000000001110000000000000001100000110110000010000000111000010000001110010100000000000000000000001101000000000
000010010110000000100100000000000000000000000000000110000000000000001011111000000000000000000100000010100001110000000001011011000000000000010000000000
000010001110000001000110000000000000000000000000000000000000000000011000011000000000000000001001000000111001101000000000101100100000000000000000000000
000011010100000000000111100000000000000000000000000000000000000000011011100000000000000000000100000000001011000011000000001101110000001100000000000000
000011000000000010001001010000000000000000000000000000000000000000010001000001100000000000010100000000000110111111000000001100000000001100000000000000
000011001110000000100010001000000000000000000000000000000000000000001100000011110000000000001000000000000001111100000000000000000000000000000000000000
000111000110000001100010001000000000000000000000000000000000000000000000000111111000000000000000000000000001010100000000000000000000000000000000000000
000010001100000000100000001000000000000000000000000000000000000000000000000000001100000000000000000000000000000000000000000000000000000000000000000000
000010011000000101000000000000000000000000000000000000000000000000000000000111101100000000111010000000000000010000000000000000000000000000000000000000
000010010000000100100000000000000000000000000000000000000000000000000000000100001000000000110011000000000000010000000000000000000001100000000000000000
000001110000000000000000000000000000000000000000000000000000000000000000000000011000000000000000000000000000000000000000000000000001100000000000000000
100000000000000100000000100000000000000000000000000000000000000000110000000110000000000000000000000000000000000000000000000000000000000000000000000001
010000000000000000010000100000000000000000000000000000000000000000110000000000000000000000000000011000000000000000000000000000000000000000000000000010
000000000000010110101000100000000000000000000000000000000000000000000000000000000000000000000000100100000000000000000000000000000000000000000000000010
000000000000010000101000100000000000000000000000000000000000000000000000000000000000000011100000011000000000000000000110000000000000000000000000000000
100000000000000010001001000000000000000000000000000000000000011100000000000000000000000101000000000000000000000000000110000000000000000000000000000001
000000000000111110001011000000000000000011000000000000000000000000000000000000000000000111000000000000000000000000000000000000000000000000000000000000
000000000000110010011100000001100000000011000000000000000000000000000000000000000000000100000000000000000000000000000000000000000000100000000000000001
100000000000001110111000000001100000000000000000000000000000000000000000000000000000000101000000000000000000000000000000000110000001111000000000000010
110010010000000110000000000000000000000000000000000000000000000000000000000000000000000101000000000000000000000000000000001001000010100100000001100100
011001111100000010000000001100000000000000000000000000000000001100000000000000001100000010000000000000000000000000000000001010000110000000000001100001
000000100010000110100000011100000000000000000000000000000000001100000000000000011110000000000000000000000000000000000000001001000100000000000000001110
000001010100000000100000000000000000000000000000000000000000000000000000000000000000000000000000000000000000000000000000000100000000001000000000000000
000000110000001010000000000000000000000000000000000000000000000000000000000000101110000000000000000000000010000000000000000100010100000000000000000000
000101100000000100000000000011100000000000000000000000000000000000000000000001000110000000000000000000000101000000000000000010010000010000000000111000
000011000000001100000000000000000000000000000000000000000000000000000000000000110011000000000000000000000011000000000000000000000000000000000011001000
000000000000010000011000000000000000000000000011000000000000000000000000000000000100000000000000000100000000000000000000000000000000000000000001110000
000000000000101000011110000000000000000000000011000000000000000000000000000000000101000000000000001010000000000000001000000000000100000000000000100000
000000000000011000100001000000000000000000000000000000000000000000000000000000000100000000000000001001000000000000010100000000000100000000000000000000
000000000000000000011001000000000000110000000000000000000000000000000000000000000000000000000000000110000000000000100100000000000000000000000000000000
000000000000000000011110000000000000110000000000000000000000000000000000000001100000000000000000000000000000000000011000000000000000000000000000000000
000000000000000000000100000011000000000000000000000000000000000000000000011000110010000000000000000000000110000000000000000000000000000000000000000000
000000000000000000000000000100100000000000000000000000000000000000000000011110001010000000000000000000000000000000000000000000000000000000000000000000
000000000000000000000000000101000000000000000000000000000000000000000000010000100000000000000000000000010010000000000000000000000000000000000000000000
000000000000000000000000000010000000000000000000000000000000000000000000001110011001100000000010000000010000000000000000000000000000000000000000000000
000000000000000000000000000000000000000100011000000000000000000000000000001110000110000100000101100000100100000000000000000000000000000000000000000000
000000100000000000000000000000000000100010011000000000000000000000000000000111001000001110000100010000010110000000000000000000000000000000000001110000
000001010000000000000000000000000000111010000000010000000000000000000000000011010010010110000011010000001100000000000000000000000000000000000010001000
000010010000000000000000000000000000000110000000010000000000000000000000000011000100000000000000100000000000000000000000000000000000000000000011011000
000001100000000000000000000000000000111000000000010000000000000000000000000000111000000000000000000000000000000000000000000000000000000000000000000000
000000000000000000000000000000000001001000000000000000000000000000000000000000000000000000000000000000000000000000000000000000000000000000000000000000
000000000011100000000000000000000000110000000000000000000000000000000000000000000000000000000000000000000000110000000000000000000000000000000000000000
001100000000000000000000000001000000000000000000000000000000000000000000000000000000000001111000000000000001001000000000000000000000000000000000000000
010010000000000000000000000010100000000000000000000000000000000000000000000000000000000000010000000000000001010000000000000000000000000001100000000000
001010000000000000000000000100100000000000000000000000000000000000000000000000000000000000010000000000000000100000000000000000000000010000001100000000
000100000000000000000000001010010000000000000000000000000000000000000000000000011000000001000000000000000000000000000000000000000000111101101000000000
000000000000000000000000011001101000000000000000000000000000000000000000000000100100000001000000100000000000000000000110000000000001001100010000000000
000000000000000000000000010000001000000000000000000000000000000000000000000000011000000001000001010000000000000000000110000000000001100010000000000000
000000000000000000000000001001101100000000000000000000000000000000000000000000000000000000000001010011000000000000000000000000000000111010000000000000
000000000000000000000000000010010000000000000000000000000000000011000000000000000000000000000000100011000000000000000000000000000000001100000000000000
000000000000000000000000000010110000000000000000000000000000000110100000000000000000000000000000000000000000000001000000000000000000000000000000000000
000000000000000000000000000001100000000000000000000000000000001100000000000000000000000000000000000000000000000010100000000000000000001000000000000000
000000110000000000000000000000100000000000000000000000000000011100000000000000000100000000000000000000000000000110110000000000000000011110000000000000
000001001000000000000000000000000000000000000000000000000000001010000000000000000100000000000000000000000000000100100000000000000000100111110000000000
000001001000000000000000000001100000000000000000000000000000000110000000000000000100000000000000000000000000000101000000000000000000011000010000000000
000011011000000000000000001101100000000000000011100000000000000000000000000000000000000000000000000000000000000010000000000000000000000001110000000000
100010010000000000110000001001100000000000000000000000000000000000000000000000000000000000000000000000000000000000000000000000000000000000000000000001
100001100000000001010000000001000000000000000000001000001100000000000000000000000000000000011000000001000000000000000000000000000000000000000000000010
010000100000000001100000000101100000000000000000001000010010000000000000000000000000000000011000000111100000000000000000000000000000000000000011000010
100000010000000000000000000010101000000000000000001000001100000000000000000000000000000000000000000100000000000000000000000000000000000000000100100001
100000101000000000000000000000001110000000000000000000000000000000000000000000000000000000000000101010100000000000000000000000000000000000000100100000
000000100100001000000000000000000000000000000000000010000000000000000000000000000000000000000001110011000000000100000000000000000000000000000011000000
011000011000111110000000110000000000000000000000000101000000000000000000000000000000000000000000100110000000000011000000000000010100110000000000000000
100100000001100011000000110011100000000000001100000101000000000000000000000000000000000000000000011100000000000001000000000000010011000000000000000000
011000000011111000000000000001100000000000001100000010000000000000000000000000110000111000000000001000000000000000000000000000010011001000000001110000
000000000100100100000000000000100000000000000000000000000000000000000000000000110000000000000000000000000000000000000000000000001100101000000001101000
000000001000100100100000000000000000000000000000000000000000000000000000000000000000000000000000000000000000000000000000000000000000000011000010001000
000000010100000000000000000000000000000000000000001100000000000000000000000000000111000000000000000000000000000000001000000000000000000011000010110000
000000111000000000100000000000000000000000000000001100000000000000000000000110000000000000000000000000000000000000001001000000000000000000000001110000
000000101001110000001000000000000000000000000000000000000000000000000001000110000000000000000000000000000000000000001001000000000000000000000000000000
000000110000110010001000000000000000000000000000000000000000000000000010100000000000000000000000000000010000000000001111000000000000000000000000000000
000000000000000100001000000000000000000000000000100000000000000000000001000000000000000000000000000010001000000000010010000001110000000000000000000000
000000000000000000000000000000000000000000000001010000000000000000000000000000000000000000000000000100001000000000000000000001110000000000000000000000
000000000001010011000000000000000000000000000001010000000000000000000000000000000000000000000000001000000000000000011100000110001000000000000000000010
000000000001100000000011000000000110000000000000100000000000000000000000000000000000000000000000101100000000000000000000000110011000000000000000000011
