000000000000000000000000000000000000000000000000000000000000000000000000000000000000000000000011000110000000000100000000000000000000100000000000000000
000000000000000000000000000000000000000000000110000000000000000000000000000000000000000000000011000000000000000100000000000000000000000000000000000000
000000000000000000000000000000000000000000000110000000000000000000000000000000000000000000000000000000000000000100000000000000000000000000000000000000
000000000000000000000000000000000000000000000000000000000000000000000000000000000000000000000000000000000000000000000000000000000000000000000000000000
000000000000000000000000000000000000000000000000000000000000000000000000000000000000000000000000000000000001110000000000000000000000000000000000000000
000000000000000000000000000000000000000000000000000000000000000000000000000000000000000000000000000000000000000000000000000000000000000000000000000000
000000000110000000000000000000000000000000000000000000000000000001100000000000000000000000000000000000000000000000000000000000000000000000000000000000
000000001001000000000000000000110000000000000000000000000000000001100000000000000000000000000000000000000000000000000000000000000000000000000000000000
000000001001000000000000000000110000000000000000000000000000000000000000000000000000000000000000000000000000000000000000000000000000000000000000000000
000000001001000000000000000000000000110000000000000000000000000000000000000000000000000000000000000000000000000000000000000000000000000000000000000000
000000000000000000000000000000000000110000000000011000000000000000000000000000000000000000000000000000000000000000000000000000000000000000000000000000
000000000111000000000000000000000000000000000000011000000000000000000000000000000000000000000000000000000000000000000000000000000000000000000000000000
000000000010100000000000000000000000000000000000000000000000000000000000000000000000000000000000000000000010000000000000000001110000000000000000000000
000000000010100000000000000000000000000000000000000000000000000000000000000000000000000001100000000000000101000000000000000000000000000000000000000000
000000000011011100000000000000000000000100000000000000000000000000000000000000000000000010010000000000000101000000000000000000000000000000000000000000
000000000000000111100000000000000000001010000000000000000000000000000000000000110000000001100000000000000010000000000000000000000000000000000000000000
000000000001000000100000000000000000001010000000000000000000000000000000000000110000000000000000000000000000000000000000000000000000000000000000000000
000000000001101001100000000000000000000100000000000000000000000000000000000000000001100000000000000000000000000000000000000000000000000000000000000000
000100000001000010000000000000000000000000000000000000000000000000000000000000000001100000000000000000000000000000000000000000000000000000000000000000
001010000000010010000000000000000011000000011000000000000000000000001000000000000000000000000000000000000000000000000000000000000000000000000000000000
001001000000110100000000000000000100100000100100000000000000000000010100000110000000000000000000000000000000000000000001000000000000000000000000000000
000110000000000000000000000000000011000000011000000000000000000000001000000110000000011000000000000000000000000000000001000000000000000000000000000000
000000000000000000000000000000000000000000000000000000000000000000000000000000000000100100000000000000000000000000000001000000000000000000000000000000
000000000000000000000000000000000000000100000000000000000000000000000000000000011000011000000000000000000000000000000000000000000000000000000000000000
000000000000000000000000000000000000001010000000000000000000000000000000000000011000000000000000000000000000000000000000000000000000000000000000100000
000000000000000000000000000000000000001010000000000000000000000000000000000000000000000000000000000000000000000000000000000000000000000000000001010000
110000000000000000000000000000000000000100000000000000000000000000000000000000000000000000000000000000000000000000000000000000000000000000000000100000
110000000000000000000000000000000000000000000000000000000000000000000000000000000110000000000000000000000000000000000000000000000000000000000000000000
000000000000000000000000000000000000000000000000000000000000000011000000000000000110000000000000000000000000000000000000000000000000000000000000000000
000000000000000000000000000000000000000000000000000000000000000011000000000000000000000000000000000000000001000000000000000000000000000000000000000000
000000000000000000000000011000000000000000000000000000000000000000000000000000000000000000000001100000000010100000000111000000000000000000000000000000
000000000001100000000000011000000010000000000000000000000000000000000000000000000000000000000001100000000010100000000000000000000000000000000000000000
000000000001100000000000000000000010000000000000001110000000000000000000000000000000000000000000000000000001000000010000010000000000000000000000000000
000000000000000000000000000000000010000000000000000000000000000000000000000000000000000000000000000000000000000000010000010000000000000000000000000000
000000000000000000000000000000000000000000000000000000011000000000000000000000000000000000000000000000000000000000010000010000000000000000000000000000
000000000000000000000000000000000000000000000000000000100100000000000000000000000000000000000000000000000000000000000000000000000000000000000000000000
000000000000000000000000000000000000011000000000000000011000000000000000000000000000000000000000000000000000000000000111000000000000000000000000000000
000000000000000000000000000000000000011000000000000000000000000000000000000000000000000000000000000000000000000000000000000000000000000000000000000000
000000000000000000000000000000000000000000000000000000000000000000000000000000000000000000000000000000000000110000000000000000000000000110000011100000
000000000000000000000000000000000000000000000000000000000000000000000000000000000000000000000010000000000000110000000000000000000000000000000010010000
000000000000000000000000000000000000000000000000000000000000000001000000000000000000000000001111000000000000000000000000000000000000010010001000000000
000000000000000000000000000000000000000000000000000000000000000001000000000000000000000000010000100000000000000000000000000000000000011100001000001000
000000000000000000000000000000000000000000000000000110000000000000000000000000000000000000000000000000011100000000000000000000000100001100001000010000
000000000000000000000000000000000000000000000000001001000000000000000000000000000000000000100001000100010010000000000000000000001010011100000001000000
000000000000000000000000000000000000000000000000001010000000000010100000000000000000000000010110110100010001000000000000000000001000100000000000000000
000000000000000000000000000000000000000000000000000100000000000010100000000000000000000000001000001000000001000100000000000000011110000000000000000000
000000000000000000000000000000000000000000000000000000000000000000100000000000000000000000000001000000010001000100000000000000100000001000000000000000
000000000000000000000000000000000000000001100000000000000000000001000000000000000000000000000011100000010010000100000000000000000010000000000011100000
100000000000000000000000000000000000000001100000000000000000000100000000000001000000000000000100100000011100000000000000000000100000001100000100010000
100000000000000000000000000000000000100000000000000000000000000011000000110100101100000000001100000000000000000000000000000000000010101111101000011000
100000000000000000000000000000000000100000000000000000000000000001000001000000100110000000000110000000000000000000000000000000000000010000000000100110
000000000000000000000000000000000000100000000000000000000000000010000011011101110110000000000000000000000001100000000000000000000000000000000000000010
000000000000000000000000000000000000000000000000000000101000000000000000001000010100000000000000000000000001100000000000000000000000000000001010000000
000000000000000000000000000000000000000000000000000000111100000000000000110000010100000000000000000000000000000000000000001000000000000000000100010100
000000000000000000000000000000000000000000000000000100000110000000001010100100111000000000000000000000000000000000000000001000000000000000000000000000
000000000000000000000000000000000000000000000000000101100100000000001000000000000000000000000000000000000000000000000000001000000000000000000000000000
000000000000000000000000000011000000000000000000000110101100000000000011100000000000000000000000000000000000000000000000000000000000000000000000000000
000000000000000000000000000100100000000000000000000000000001000000000011100101000100000000000000000000000000000000000000000000000000000000000000000000
000000000000000000000000000011000000000000000000001100000000000000000000000000000000000000000000000000000000000000110000000000000000000011001000000000
000000000000000000000000110000000000000000000000110010000000000000000000000000000100000000000000000000000000000000110000000000000000000010001100000000
000000000000000000000001010000000000000000000000100000000000000000000000000000010000000000000000000000000000000000000000000000000000000100001100001100
000000000000000000000000100000000000000000000000110110000000000000000000000011011000000000000000000000000000000000000000000000000000000100101010001100
000010000000000000000000000000000000000000000000001000000000000000000000000011011000000000000000000000000000000000000000000000000011000011000100000000
000101000000000000000000000000000000000000000000000000000000000000000000000011000000000111000000000000000000000000000000000000000011000000000100000000
000101000000000000000000000000000000000000000000001100000000000000000000000011000000000000000000000000000000000000000000000000000000000000000000000000
000010000000000000000000000000000000000000000000001100001110000000000000000001101000000000000000000000000000000000000000000000000000000000000000000000
000000000000000000000000000000000000000000000000001000001101010000000000000000111000000000000000000000110000000000000000000000000000000000000000000000
000000000000000000000000000000000000000000000000000000000001010000000000000000010000000000000000000000110000000000000000000000000000000000000000000000
000000000000000000000000000000000000000000011000000000000001110000010000000000000000000000000000000000000000000000000000000000000000000000000000000000
000000000000000000000000000000000001110000111000000000000000000000011000000000000000000000000000000000000000000000000000000000000000000000000000000000
000000000000000000000000000000000110110011010000000000000000000000010100000000000000000000000000000000000000000000000000000000000000000000000111000000
000000000000000000000000000000000100101110000000000000000000000000000000000000000000000000000000000000000000000000000000000000000000000000000000000000
000000011000000000000000000000000111001100000000000000000000000000000000000000000000000000000000000000000000000000000000000000000000000000000000000000
000000100100000000000000000000000000000000000000000000000000001100000000010000111000000000000000000000000000000000000000000000000000000000000000000000
000001101000000000000000000000000000000000000000000000000000001100001100010000100100000000000000000000110110000000000000000000000000000000000000000000
000111101000000000000000000000000000000000000000000000000000000000001100010001111000000000000111000000110110000100000000000000000000000000001000000000
001000010000000000000000000000000000000000000000000000000000000000001100000001101001000000000000000000000000001010000000000000001010000000010100000000
000100010000000000000000000000000000000000000000000000000000000000000000000001110100100000000000000000000000010010000000000000000100000000100100000000
000011000000000000000000000000000000000000000000000000000000000011100000000000010001100000110000000000000000001100000000000000010010000000011000000110
000000000000000000000000000000000000000000000000000000000000000010100000000000000011000000110000000000000000000000000000000000000100000000000000000110
000000000000000000000000000000000011001010000001000000000000000000000000000000000000000000000001000000000000000000000000000000010000000000000000000000
010000000000000000000000000000000111010001000010100000000000000000000000000000000000000000000001000000000000000000000000000000001000000000000001000000
011100000000000000001100000000001100000010000010000000000000000000100000110000000000000000000001110000000000000000000000000000000000000000000111000000
100010000000000000001100000000000101111100000000010000000000000000000001001000000000000000000011001000000000000000000000000000000000000000001000100000
000010000000000000000000000000000011110000000001110000000000001000100000110000000000000000011111101000000000000000000000000000000000000000001000010001
010110000000000000000000000000000000100000000000000000000000110101000000000000000010000000111111110000000000000000000000000000000000000000001101010001
001000000000000000000000000000000000000000000000000000000000111000000000000000000101000001101000000000000000000000000000000000000000000000000010000000
000000000000000000000000000000000000000000000000000000000000000000000000000000011101000000111000000000000000000000000111000000000000000000000010110000
000000000000000000000000000000000000000000000000000000000000000000000000000000100000000000010110000000000000000000000000110000000000011100000010110000
000000000000000000000000011000000000000000000000000000000000000000000000000000100000010000001100110000000000000000000000110000000000000000000100000000
000110000000000000001100011000000110000000000000000000000000000000000000000000010001010000000000110000001000000000000111101000000000000000000100010000
001000000000000000001100000000000110000000000000000000000000000001100000000000001000100000000000000000011100000010101100000000000000000000000010101000
000000000000000000000000000000000000000000011000000000000000000000100000000000000000000000000000000000010110000010010110000001100011000000110010011000
000000000000000000000000000000000000000000011000000000000110000000000000000000000000000000000000000000000000000010100011000010010011000000011111010100
000000000111000000000000000000000000000000000000000000000011000000000000000000000000000000000000000011101000000000000001000010100000000000001000111110
000000000000000000000000000000000000000000000000000000000000000000000000000000000000000000000000000000010100000000000000000001000000000000000000000000
000000000000000000000000000000000000000000000000000000000000000000000000000000000000000000000000000011000000000000000000000000000000000000000000000001
001110000000000000000000000000000100000000000000000000000000000000000000000010100000000000000000000000000010000000000000000000000000000000100000000111
010011000000000000000000000000000100000000000000000000000000000000000000000000010000000000000000000000000000000000000000000000000000000001010000000000
001001111110000000000000000000000100000000000000000000000000000000000000001000001000000000000000000000000000000000000000000000000000000000010000000000
001110011111000000000000000000000000000000000000000000000000000000001100000000000000000100000000000000000000000000000000000000000000000000100000000000
000000000000110000000000000000000001110000000000000000000000001100010010000001111000001010000000000000000000000000000000000000000000001000000000000000
100000000010110000000110000000000000000000000000000000000000010010001010000101000000001010000000000000000000000000000000000000000110000101000000000001
100001000000110000000110000110000000000000000000000000000000001100001011000011000000000100000000000000000000000000000000000000001100000111000000000001
010000000101000000000000000110000000000000000000000000000000000000001101000000000000000000000000001100000000000000000000000000000110000100000000000001
011100001000000000000000000000000000000000000000000000000000000000010001000000000000000000000000001100000000000000000000000000000000000100100000000000
011111010000000000000000000000000000000000000000000000000000000000010110000000000000000000000000000000000000000000000000000000000000000100100000000000
000000000000000000000000000000000000000000000000000000000000000000001110000001000000000000000000000000000000000000000000000000000000010000000000000000
000000000000000000000000000000000000000000000000000000000000000000000000000001100000000000000000000000000000000000000000000000000001000010000000000000
000000000100000000000000000000000000000000000000000000000000000000000000000010101110000000000000000000000000000000000000000000000000100000000000000000
000000001010000000000000000000000000000000000000000000000000000011000001000000000000000000000000000011000000000000000000000000000000010000000000000000
000000001010000000000000000000000000000000000000000000000000001000010011100000001100000000000000000011000000000000000000000000000000000000000000000000
000000000100000000000000001100000000000000000000000000000000001000011100110000001010000000000000000000000000000000000000000000000000000000000000000000
000000000000000000000000001100000000000000000000000000000000001000000000000000000011100011100000000000000000000000000000000000000000000000000000000000
000000000000000000000000000000000000000000000000000000000000000001101101000000000000000000000000000000000000000000000000000000000000000000000000000000
000000000000000000000000000000000001000000000000000000000000000001001101000000000000000000000000011000000000000000000000000000000000000000000000000000
000000000000000000000000000000000001000000000000000000000000000000001000100000000000000000000000011000000000000000000000000000000000000000000000001100
000000000011100000000000000000000001000000000000000000000000000000001100100000000000000000000000000000000000000000000000000000000000000000000000001100
000000000000000000000000000000000000000000000000000000000000000000001101010011100000000000000000000000000000000000000000000000000000000000000000000000
000000000000000000000000000000011000011100000000000000000000000000000110110100011000000000000000000000000000000000000000000000000000000000000000000000
000000000000000110000000000000011000000000000000000000000000000000000000110111011000000000000000000000000000000000000000000000000000000000000000000000
000000000000001001000000000000000001000000000000000000000000000000000000000010000000000000000000000000001110000000000000000000000000000110000000000000
000000000000000110000000000000000001000000110000000000000000000000000010011110000000000000010000000000000000000000000000000000000000000110000000000000
000000000000000000000001100110000001000000110000000000000000000000000100011001011000000000101000000000000000000000000000000000000000000000000000000000
000000000000000000000001100110011000000000000000000000000000000000000101000100010000000001010000000000000000000000000000000000000000000000000000000000
000000000011000000000000000000011000001100000000000000000000000000000111000011100000000001100000000000000000010000000000000000000000000000000000000000
000000000101000000000000000000000000010010000000000000000000000000000000000000000000000000000000000000000000101000000000000000000000000000000000000000
000110000010000000000000000000000000001100000000000000000000000000000000000000000000000000000000000000000001001000000000000000000000000000001100000000
000110000000000000000000000000000000000000000000000000000000000000000000000000000000000000000000011000000000110000000000011000000000000000010010000000
000000000000000000000000000000000000000000000000000000000000000000000000000000000000000000000000100100000000000000000000011000000000000000010100000000
000000000000000000000000000000000000000000000000000000000000000000000000000000000000000000000000011000000000000000000000000000000000000000001000000000
000000000000000000000000000000000000000000000000000000000000000001100000000000000000000000000000000000000000000000000000000000000000000000000000000000
000000000000000000000000001100000000000000000000000001000000000010010000000000000000000000000000000000000000000000000000000000000000000000000000000000
000000000000000000000010001100000000000000000000000010100000000001100000000000000000000000000000000000000000000000000011000000000000000000000000000000
000000000000000000000010000000000000000000000000000010100000000000000000000000000000000000000000000000000000000000000011000000000000000000000000000000
000000000000000000000010000000000000000000000000000001000000000000000000000000000000000000000000000000000000000000000000000000000000000000000000000000
000000000000000000000000000000000000000000000000000000000000000000000000000000000000000000000000000000000000000000000000000000011000000011000000000000
000000000000000000111000111000000000000000000000110000000110000000000000000000000000000000000000000000000000000000000000000000100100000100100000000000
000000000000000000000000000000000000000000000001001000001001000000000000000000000000000000000000000000000000000000000110000000011000000011000000000000
000000000000000000000000000000000000000000000000110000000110000000000000000000000000000000000000000000000000000000001001000000000000000000000000000000
000000000000000000000000000000000000000000000000000000000000000000000000000000000000000000000000000000000000000000001010000000000000100000000000000000
000000000000001000000000000000000000000000000000000001000000000000000000000000000000000000000000000000000110000000000100000010000001010000000000000000
000000000000001000000000000000000000000000000000000010100000000000000000000000000000000000000000000000000000000010000000000010000001010000000000000000
000000000000001000000000000000000000000000000000000010100000000000000000000000000000000000000000000000001000000010000000000010000000100000000000000000
000000000001000001000000000000000000000001000000000001000000000000000000000000000000000000000000000001011011000010000000000000000000000000000000000000
000000000010100010100000000000000000000010100000000000000000000000000000000000000000000000000000000100010010100000000000111000111000000000000000000000
000000000010100010100000000000000000000010100000000000000000000000000000000000001100000000000000001100110010100000000000000000000000000000000000000000
000000000001000001000000000000000000000001000000000000000000000000000000000000001100000000000000001010100001100000000000000010000000100000000000000000
000000000000000000000000000000000000000000000000000000000000000000000000000000000000000000000000001000000000000000000000000010000001010000000000000000
000000000000000000000000111000000000000000000000000000000000000000000000000000000000000000000000001001000000000000000000000010000001010000000000000000
