000000000000000000000000010000000000000000000000000000000000000000000000000000000000000000000000000000000000000000000000000000000000001000010000000000
000000000000000000000000000000000000000000000110000000000000000000000000000000000000000000000000001000000000000000000000000000000000001000000000000000
000000000000000000000000000000000000000000000110000000000000000000000000000000000000000000000000001000000000000000000000000000000000001000000000000000
000000000000000000000000000000000000000000000000000000000000000000000000000000000000000000000000001000000000000000000011000000010000000000000000000000
000000000000000000000000000000000000000000000000000000000000000000000000000000000000000000000000000000000000000000000100100000010000000000000000000000
000000000000000000000000000000000000000000000000000000000000000000000000000000000000000000000000000000000000000000000010100000010000000000000000000000
000000000110000000000000000000000000000000000000000000000000000001100000000000000000000000000000000000000000000000000001000000000000000000000000000000
000000001001000000000000000000110000000000000000000000000000000001100000000000000000000000000000000000000000000000000000000000000000000000000000000000
000000001001000000000000000000110000000000000000000000000000000000000000000000000000000000000000000000000000000000000000000000000000000000000000000000
000000000110000000000000000000000000110000000000000000000000000000000000000000000000000000000000000000000000000000000000000000000000000000000000000000
000000000000000000000000000000000000110000000000011000000000000000000000000000000000000000000000000000000000000000000000000000000000000000000000000000
000000000000000000000000000000000000000000000000011000000000000000000000000000000000000000000000000000000000000000000000000000100000000000000000000000
000000000000000000000000000000000000000000000000000000000000000000000000000000000000000000000000000000000000000000000000000000100000000000000000000000
000000000000000000000000000000000000000000000000000000000000000000000000000000000000000000000001000000000000000000000000000000100000000000000000000000
000000000000000000000000000000000000000100000000000000000000000000000000000000000000000000000010100000000000000001100000000000000000000000000000000000
000000000000000000000000000000000000001010000000000000000000000000000000000000000000000000000010100000000000000001100000000000000000000000000000000000
000000000000000000000000000000000000001010000000000000000000000000000000000000000000000000000001000000000000000000000000000000000000000000000000000000
000000000000000000000000000000000000000100000000000000000000000000000000000000000000000000000000000000000000000000000000000000000000000000000000000000
000000000000000000000000000000000000000000000000000000000000000000000000000000000000000000110000000000000000000000000000000000000000000000000000000000
000000000000000000000000000000000011000000011000000000000000000000001000000000000000000001001000000000000000000000000000000000000000000000000000000000
000000000000000000000000000000000100100000100100000000000000000000010100000000000000000000110000000000000000000110000000001110000000000000000000000000
000000000000000011000000000000000011000000011000000000000000000000001000000000000000000000000000000000000000000110000000001111000000000000000000000000
000000000000000011000000000000000000000000000000000000000000000000000000000000000000000000000001000000000000000000000000011001011100101000000000000000
000000000000000000000000000000000000000100000000000000000000000000000000000001000000000000000010100000000000000000000000001101110000101000000000000000
000000000000000000000000000000000000001010000000000000000000000000000000000010100000000000000010100000000000000000000000001110010000000000000000000000
000000000000000000000000000000000000001010000000000000000000000000000000000010010000000000000001000000000000000011100000000100001101100000000000000000
000000000000000000000000000000000000000100000000000000000000000000000000000001100000000000000000000000000000000000000000000000000000000000000000000000
000000000000000000000000000000000000000000000000000000000000000000000000000000000000000000000000000000000000000000000110000000000000000000000000000000
000000000000000000000000000000000000000000000000000000000000000011000000000000000000000000000000000000000000000000001001100000000000000011100000000000
000000000000000000000000000000000000000000000000000000000000000011000000000000000000000000000000000000000000000000000000000000000000000010100000000000
000000000000000000000000000000000000000000000000000000000000000000000000000000000000000000000000000000000000000000000001100000000000000011100000000000
000000110000000000000000000000000000000000000000000100000000000000000000000000000000000000000000000000000000000000000000000000000000000000000000000000
000000110000000000000000000000000111000000000000000100000000000000000000000000000000000000000000000000000000011100000100000000000000000000000000000000
000000000000000000000000000000000000000000000000000100000000000000000000000000000000000011000000000000000000010101000000000000000000000000000000000000
000000000000000000000000000000000000000000000000000000011000000000000000000000000000000011000000000000000000011100000000110010000000000000000000000000
000000000000000000000001100000000000000000000000000000100100000000000000000000000000000000000000000000000000000000110110110001000000000000000000000000
000000000000000110100010010000000000011000000000000000011000000000000000000000000000000000000000000000000000000000001111001101000000000000000000010000
001100000000000100110010111000000000011000000000000000000000000000000000000000000000000000000000000000000000000000001001111110000000000000000000101100
011100000000000000010101110000000000000000000000000000000000000000000000000000001000000000000000000000000000000000000001001100000000000000000000000000
100000000000000110000111000000000000000000000000000000000000000000000000000000010010000000000000000000000000000000001111100000000000000000000000100010
100000000000001100000001000000000000000000000000000000000000000000000000000000010010000000000000000000000000000000001000000000000000000000000000100010
010000000000000000000000000000000000000000000000000000000000000000000000000000000100000000000000000000000000000000000000000000000000000000000000100010
001000000000000010000000001100000000000000000000000110000000000000000000000000000000000000000000000000000000000000010001000000000000000000000000011111
110000000000100000000010101100000000000000000000001001000000000000000000000000000000000010000000000000000000000000001110000000000000000000000000001000
000000000000110000000001101100000000000000000000001010000000000000000000000000000000000101000000000000000000000000000000000000000000000000000000000000
000000000000100000000000110000000000000000000000000100000000000000000000000000000000000011000000000000000000000011000000011000000000000000000000000000
000000000000000000000000000000000000000000000000000000000000000000000000000000000000000000000000000001000000000100100000100100000000000000000001110000
000000000000000000000000000000000000000001100000000000000000000000000000000001000000000000000110000010100000000011000000011000001100000000000000000000
000000000000000110000000000000000000000001100000000000000000000000000000000001000000000000000110000010100000000000000000000000001100000000000000000010
000000000000000110000000000000000000000000000000000000000000000000000000000001000000000000000000000001000100000000000100000000000000000000000000000101
000000000000000100000000000000001101100000000000000000000000000000000000000000000000000000000000000000001110000000001010000000000000000000000000000010
000000000000000000000000000000001101000000000000000000000000000000000000000000000000000000000000110000001001000000001010000000000000000000000000000000
000000000000000000000000010000000001100011000000000000000000000001100000000000000000000000000001001000000011000000000100000000000000000000000000000000
000000000000000011100000101000000011100000000000000000000000000001100110000000000000000000000000110000001111000000000000000000000000000000000000000000
000000000000001000010000101101111111000110000001000000000000011000000110000000000000000000000000000000100011100000000000000000000000000000000000000000
000000000000001000001000001010000001000000000001100000000000011000000000000000000000000000000000000000101100000000000000000000000000000000000000000000
000000000000001000010000000110000010000110000000100000000000000000000000000000000000000000000000000000011101001000000000000000000000000000000000000000
000000000000000000000000010010101000000000000001000000000000000000000000000001100000000000000000000000100110101000000010000000000000000000000000000000
000000000000000000000000010100000000000000000000000000000000000000000000000010010000000000000000000000111100000000000011100000000000000000000000000000
000000000000000000000000000000000000000000000000000000000000000000000000000001010000000000000000000000011000000000010000000000000000000000000000000000
000000000000000000000000000000000000000000000000000000000000000000000000000000100000000000000011000000000000000000010000000000000000000000000000000000
000000000000000011011000000100000000000000000000000000000000000000000000000000000000000000001100100000000000000000000000000000000000000000000000000000
000000000000000010001001000000000000000000000000000000000000000000000000000000000000000000000000100000000000010000000000000000000000000000000000010000
000000000000000010001000000000000000000000000000000000000000000000000000000000000000000000110111000000000000010101000000000000000000000000000000101000
000000000000000001010001110011000000000010000000000000000000000000000000000000000000000000100010000000001100000000011000000000000000000000000000010000
000000000000000000100000000000000000000100100000000000000000000000000000000000000000000000100100000000001100000010100100000000000000000000000000000000
000000000000000000000000000000000000011000010000000000110000000000000000110000000000000000010100000000000000011101101010000000000100000000000000000000
000000000000000000000000000000000000010000010000000000110000000000000000110000000000000000000000000000000000001000101011000000000100000000000000000010
100000000000000000000000000000000000000010000100000000000000000000000000000000000001110000000000000000000000000000011000001000000100000000000000000100
100000000000000000001110000000000000010000000100000000000000000000000000000000000001000000000000000000000000000000011100011000000000000000000000000100
000000000000000000011110000000000000010000100100000000000011100000000000000000000000000000000000000000010000000000011000111000000001110000000000000001
000000000000000000110001000000000000010000011000000000000000000000000000000000000001010000000000000001101000000000010000000000000000000000000000000000
000000000000000000000000000000000000000000100000000000000000111100011000000000000011000001000000000000110000000000100000101000000000000000000000000000
000000000000000000000111100000000000001000100010000000000000100100011000000000000000000011100001000000010000000011100000011000000001000000000000000000
000000000000000000001101100000000000000111000101000000000000000000000000000000000000000100000110001000000011000101100000101000000010100000000000000001
100000000000000000001100100000000000000000000101000000000000111000000000000000000000000000001001111000000100100101000000001000000000000000000000000010
100000000000000000000011000000000000000000000010000000000000000000000000000000000000001000100001000000000000000010000000011000000010010001110000000100
000000000000000000000000000000000000000000000000000000000000000000000000000000000000001000100000001000000101000000000000001000000010110000110000000011
000000000000000000000000000000000000000000000000000000000000000000000000000000000000001100001010000100000000000001100000000000000001000010000000000000
000000000000000000000000000000000000000000000000000000000000000000000000000000000000000101101001000100000000000001100000000000000000000000111000000000
000000000000000000000000000000000000000000000000000000000100000000000000000000000000000010000100110100000000000000000000000000000000000000001000000000
000000000000000000000000000000000000000000000000000000000100000000000000000000000100000000000000100100000000000000000000000000000000000000000000000000
000000000000000000000000000000000000111000000000000000000000000000000000000000000100000000000000000100000000000000000000000000000000000000000000000000
000000000000001000000000000000000000000000000000000000000001010000000000000000000100000000000001000100000000000000000000000000000000000010000000000000
000000000000010100000000000000000110000000000010000000000000100000000001100000000000000000000110000000000000000000000000000110000000000001110000000000
000000000000100100000000000000010010000000000111000000000011110000000010010000000000000000000110000000000000100000000000000101000000000001110000000000
000000000000011000000000000000000001000000001101100000001011011000000001100000000000000000000110010000000001010011000000000010000000000000000000000000
000000000000000000000000000001001111000000000111000000001000000100000000000000000000000000000001100000000110011100000000000000000000000000000000000000
000000000000000000000000000001001111000000100010000001011100001000000000000000000000000000000000000000000110111101000000000000000000000000010000000000
000000000000000011000000000001000010000000110000000110100001100000000000000001000000000000000000000000000111001101000000000000000000000001010000000000
000000000000000100100000000000110000110000000000000000001000000000000000000110100000000000000000000000000001000111000000000000000000000000110000000000
000000000000000011000000000000000000100011000000000000001000000000000000000100110000000000000000000000000000000000000000000000000000000000000000000000
110000000000000000000110000000000000011000100000010000101000000000000000000110010000000000000000000000000000000000000000000000000000000000000000000001
000000000010000000000110011011000000001001000000010001000000000000000011010001001000001000000000000001100000000000000000000000000000000000000000000000
000000000010000000000000110001101100000011000000010000000000000000000011010001001000010100000000000001100000000000000000000000000000000000000000000000
000000000010000000000000011011001100000000000000000000000000000000000001000000101000010100000000000000000000000000000000000000000000000000000000000000
100000000000000000000000001110000000000000000000001110000000100000000000000000001000001000000000000000000000000000000000000000000000000000000000000001
010000000000000000000000000100000000000000000000000000000001010000000000000110000100000001100000000000000000000000000000000000000000000000000000000010
100000000000000000000000000000000000000000000000000000000001010000000000110000000000000010100000000000000000000000000000000000000000000000000000000010
000000000000000000000000000000000000001100000000000000000000100000000000100000000000000010100000000000000000000000000000000000000000000000000000000001
000000000010000000000000000000000000001100000000000000000000000000000000011110001000010001000000000000000000000000000000000000000000000000000000000000
000000000101000000000000000000000000000000000000000000000000000000000000000000000100001110000000000000000000000000000000000000000000000001000000000000
000000000100100000000110000000000000000000000000000000000000000000000000000000000000000000000000000000000000000000001000000000000000000010100000000000
000000000011000000000110000110000000000000000000000000000000000000000000000000000000000000000000000000000000000000010100000000000000000001100000000000
000000000000000000000000000110000000000000000000000000000000000000000000000000000001000101000000000000000000000000100100000000000000000000000000000000
000000000000000000000000000000000000000000000000000000000000000000000000000000000001000010000000000000000000000000011000000000000000001100000000000000
000000000000000000000000000000000000000000000000000000000000000000000000000010000010100000000000000000000000000000000000000000000000010100000000000000
000000000000000000000000000000000000000000000000000000000000000000000000000111000000110000000000000000000000000000000000000000000000001000000000000000
000000000000000000000000000000000000000000000000000000000000000000000000001100100000110000000000000000000000000000000000000000000000000000000000000000
000000000100000000000000000000000000000000000000000000000000000000000011000111110000000000000000000000000000000000000000000000000000000000000000000000
000000001010000000000000000000000000000000000000000000000000000000000011000001110000000000000000000000000000000000000000000000000000000000000000000000
000000001010000000000000000000000000001100000000000000000000000000000000000000000000000000000000000000000000000000000000000000000000000000000000000000
000000000100000000000000001100000000001100000000000000000000000000000000000000000000000000000000000000000000000000000000000000000000000111000000000000
000000000000000000000000001100000000000000000000000000000000000000000000000000000000000000000000000000000000000000000000000000000000000000000000000000
000000000000000000000000000000000000000000000000000000000000000000000000000000000000000000000000000000000000000000000000000000000000000000000000000000
000000000000000000000000000000000000000000000000000000110000000000000000000000000000000000000000000000000000000000000000000000000000000000000000000000
000000000001000000000000000000000011100000000000000000110000000000000000000000000000000000000000000000000000000000000000000000000000000000000000001100
000000000001000000000000000000000000000000000000000000000000000000000000000100000000001110000000000000000000000000000000000000000000000000000000001100
000000000001000000000000000000000000001000000000000000000000000000000000011011000000000000000000000000000000000000000000000000000000000000000000000000
000000000000000000000000000000011000001000000000000000000000011000000000100000110000000000000000000000000000000000000000000000000000000000000000000000
000000000000000110000000000000011000001000000000000000000000000100000000000000010000000000100000000000000000000000000000000000000000000000000000000000
000000000000001001000000000000000000000000000000000000000110110100000000000000110000000100100000000000000000000000000000000000000000000110000000000000
000000000000000110000000000000000011100000110000000000000100011000000000100011000000000000100000000000000000000000000000000000000000000110000000000000
000000000000000000000001100110000000000000110000000000001001000000000000100110000000000110000000000000000000000000000000000000000000000000000000000000
000000000000000000000001100110011000000000000000000000000001000000000000110000000000000000000000000000000000000000000000000000000000000000000000000000
000000000011000000000000000000011000001100000000000000000000000000000000000000000000000000000000000000000000010000000000000000000000000000000000000000
000000000101000000000000000000000000010010000000000000010000000000000000000001100000000000000000000000000000101000000000000000000000000000000000000000
000110000010000000000000000000000000001100000000000000110110000000000011000001100000000000000000000000000001001000000000000000000000000000001100000000
000110000000000000000000000000000000000000000000000000001000000001000100100000000000000000000000000000000000110000000000011000000000000000010010000000
000000000000000000000000000000000000000000000000000000000000000010100011000000000000000000000000000000000000000000000000011000000000000000010100000000
000000000000000000000000000000000000000000000000000000000000000010100000000000000000000000000000000000000000000000000000000000000000000000001000000000
000000000000000000000000000000000000000000000000000000000100000001000000000000000000000000000000000000000000000000000000000000000000000000000000000000
000000000000000000000000001100000000000000000000000000001111000000000000000000000000000000000000000000000000000000000000000000000000000000000000000000
000000000000000000000000001100000000000000000000000000001100100000000000000000000000000000000000000000000000000000000000000000000000000000000000000000
000000000000000000000111000000000000000000000000000000000001100000000000000000000000000000000000000000000000000000000000000000000000000000000000000000
000000000000000000000000000000000000000000000000000000000000000000000000000000000000000000000000000000000000000000000000000000000000000000000000000000
000000000000000000010000010000000000000000000000000000000000000000000000000000000000000000000000000000000000000000000000000000011000000011000000000000
000000000000000000010000010000000000000000000000000000000010000000000000000000000000000000000000000000000000000000000000000000100100000100100000000000
000000000000000000010000010000000000000000000000000000000010000000000000000000000000000000000000000000000000000000000000000000011000000011000000000000
000000000000000000000000000000000000000000000000000000000000000000000000000000000000000000000000000000000000000000000000000000000000000000000000000000
000000000000000000000000000000000000000000000000000000000000000000000000000000000000000000000000000000000000000000000000000000000000100000000000000000
000000000000000000000000000000000000000000000000000000000000000000000000000000000000000000000000110000000000000000000000000000000001010000000000000000
000000000000011100000000000000000000000000000000000000000000000000000000000000000000000000000000110000000000000000000000000000000001010000000000000000
000000000000000000000000000000000000000000000000000000000000000000000000000000000000000000000000000000000000000000000000000000000000100000000000000000
000000000001000001000000000000000000000001000000000000000000000000000000000000000000000000000000000000000000000000000000000000000000000000000000000000
000000000010100010100000000000000000000010100000000000000000000000000000000000000000000000000000000000000000000000000000000000000000000000000000000000
000000000010100010100000000000000000000010100000000000000000000000000000000000001100000000000000000000000000000000000000000000000000000000000000000000
000000000001000001000000000000000000000001000000000000000000000000000000000000001100000000000000000000000000000000000000000000000000000000010000000000
000000000000000000000000010000000000000000000000000000000000000000000000000000000000000000000000000000000000000000000000000000000000000000101000000000
000000000000000000000000010000000000000000000000000000000000000000000000000000000000000000000000000000000000000000000000000000000000000000101000000000
