000010011000000000000000000000000110000000000000000000000000000000000000000000000000000000000000000000010000000001110000000000001000000000001110001100
010001100000000000000000000000000000000000000000000000000000000000000000110000000000000000000000000000001000001100100000000000001110000000001110000100
100011000000000000000000000000000000000000000000000000000000000000000000110000000110000000000011111111000000001010110000000000001010000000100000111100
011011000000000000000000000000000000000000000000000000000000000000000000000000001000000000000100000011010000000010100000011000000000000000101010111000
000000000000000000000000000000000000000000000001000000000000000000000000000000000001000000000100000000010000000000110000011000000000000000000101100100
001100000000000000000000000000000000000000000001000000100000000000000000000000000110000000000100000100100000000010110000000000000000000001010000000000
000000000000000000000000000000000000000000000001000000100000000001100000000000000000000000000011000100000001100001000000000000110101100001000100000000
100000000000000000000000000000000000110000000000000000100000000001100000110000000000000000000000110000000001100000000000000001000001000000100100100000
100000000000000000000000000000000000110000000000000000000000000000000000110000000000000000000000000000000000000000000000000000100000000000000000100000
100000000000000000000000000000000000000000000000000000000000000000000000000000000000000000000000000000000000000000000000000000000011000011111000000000
000000000000000000000000011000000000000000000000000000000000000000000000000000000000000000000000000000000000000000000000000000001101000110001000000000
111000000000000000000000010100000000000000000000000000000000000000000000000000000000000000000000000000001110000000000000000000001011100110000000000111
110000000000000000000000001000000000000000000000000000000000000000000000110000000000000000000000110000001000000000000000000000000001100000000100000110
000000000000000000000000000000000000000000000000000000000000000000000000110000000000000000000000110000000010010000000000000000000011100001100100000111
101000000000000000000000000000000000000000000000000000000000000000000000000000000000000000000000000000000010011000000000000000000011000000101000000101
010110000000000000000000000000000000000000000000000000000000000000000000000000111000000000000000000000000010011000000000000000000000000000010000001100
000110100000000000000000000000000000000000000000000000000000000000000000000000000000000000000000000000010010000000000000000000000000000000000000001100
000010110000000000000000000000000000000000000000000000000000000000000001000010000010000000000000000000001100000000000000000000000000000000000000000010
011100011000000000000000000000000000000000000000000000000011000000000010100010000010000000000000000000000000110000000000000000000000000000000000000000
011100000000000000000000000000000000000000000000000000000011000000000001000010000010000000000000000000000001000000000000000000000000000011100000000000
110000000000000000000000000000000000000000000000000000000000000000000000000000000000000000000000000000000010001000000000000000000000000000000000000000
100000000000000000000000000000000000000000000000000000000000000001000000000000110000000000000000000000000011001000000000000000000000001000000000000001
100000000000000000000000000000000000000000001100000000000000000001000000100000110000000000000000000000000011110000000000000000000000001000000000000001
000000000000000000000000000000000000000000001100000000000000000000000000100000110000000000000000000000000111100000000000000000010000001000000000000000
000000000000000000000000000000000000000000000000000000000000000000000000000010100011000000000011000000001111000000000000000000000000000000000000000000
000000000000000000000000000000000000000000000000000000000000000000001100000000110010000000000011000000010011000000000000000000010100000000000110000000
000000000000000000000000000000000000000000000000000000000000000000001001000110000010110000000000000000111000000000000000000000001000000000001010000000
000000000000000000000000000000000000000000000000000000000000000000000001000000101000110000000000000000010110000000110000000000001000000000000100000000
011000000000000000000000000000000000000000000000000000000000000001111100000000100010110000000000000000000010000000110000000011000000000000000000111011
000100000000000000000000000000000000000000011000000000000000000000011100011000100000000000000000000000000010000000000000000011000000000000000000011011
001000000000000000000000000000011000000000011000000000000000000000000000000000001011000000000000000000000000000000000000000000000000000000000000000001
110000000000000000000000000000011000000000000000000000000000000000000001001000000000000000000000000000000000000000000000000000001100000000000000000000
000000000000000000000000000000000000000000000000000000000000000000000110010000000000000001000000000000000000000000000000000000010010000000000000000000
000000000000000000000000000000000000000000000000000000000000000000001000000000000000000010100000000000000110000000000000000000001100000000000000000000
000000000000000000000000000000000000000000000000000000000000000000001001001110000000000110110000000000000110000000100000000000000000000000000000000000
000000000000000000000000000000000000000000000000000000000000000000001110000000000000001010000000000000000011000011100000000000000000000000000000000000
000000000000000000000000000000000000000000000011000000000000000000000000000000000000001010000000000000000110000000000000000000000000000000000000000110
000000000000000000000000000000000000000000000100100000000000000010000000000000000000001110000000000000000110001101100000000000000000000000000000001001
000000000000000000000000000000000000000000000011000000000000000010000000000000000000000000000000000000000010001100010000000000000000000000000000000110
000000001100000000000000000000000000000000000000000000000000000010000000000000000000000000000000000000110010010111100000000000000000000000000000000000
000000001100000000000000000000000000000000000000001100000000000000000000000000000110000000000000000011000100100100000000000000000000000000000000000000
000000000000000000000000000000000000000000000000010010000000111000111000000000000110000000000000000000110000011000000100000000000000000000000000000000
000000000000000000000000000000000000000000000000001100000000000000000000000000000000000000000000000110000000000000000100000000000000001100000000000000
000000000000000100000000000000000000000000000000000000000000000010000000000000000000000000001000000111000000000000000000000000000000010100000000000000
000011100000001010000000000000000000000000000000000000000000000010000000000000000000000000010010000000000000000000000000000000000000010100000000000000
000000000000001010000000000000000000000000000000000000000000000010000000000000000000000000001110000000000000000000000000000000000000001000000000000000
000000000000000100000000000000000000000110000000000000000000000000000000000000000000000000000111100000000000000000000000000000000000000000000000000000
000000000000000000000000000000000000000110000000000000000000000000000000000000000000000000000010110000110000000000000000000000000000000000000000000000
000000011000000000000000000000000000000000000000000000000000000000000010000000000000000000001110110001111000000000000000000000000000000000000000000000
000000100100000000000000000000000000000000000000000000000000000000000101000000000000000000000010110000000110000000000000000000000000000000000000000000
000000011000001100000000000000000000111000000000000000000000000000000110000000000000000000000001010000001100000000000000000000000000000000000000000000
000000000000001010000011000000000000100000000000000000000000000000000000000000101000000000001000010000011000110000000000000000000000000000000000000000
000000000000000000000011100000000000000010000000000000000000000000000000000000101000000000000100010000000000100000000000000000000000000000000000000000
000000000000000110000000000000000000000010000000001100000000000000000000000001101110000000000011100000001000000000000000000000000000000000000110000000
000000000000000011011010000000110000000010000000001100000000000000000000000001100000000000000000000000000000000011111000000000000000000000000001000000
000000000000000001101000000000110000000000000000000000000000000000000000000001110000000000000000000000000000001101111100000000000000000000010000000000
000110000000000001101000000000010000110000000000000000000000000000000000000001100000000000000000000000000000001101010100000000000001100000100000100000
001001000000000000010000000000001000110000000000000000000000000000000000000000101000000000000000000000001110000000001111000000000001100001101010010000
000110000000000000000000000000011000000000000000000000000000000000000000000000110000110000000000000000001110000000000001100000000000000001001000010000
000000000000000000000000000000011000000000000000000000000000000000000000000000000001001000000000000000000000000000001101000000000000000001101010100000
000000000111000000001000000000011100000000000000000000000000000000000000000000000000000000000000000000000000000000000010000000000000000000000000100000
000000000000000000001000000000011100000000000000000000000000000000000000000000000001001000000000000000000000111110000000000000000000000000001010000000
000000000000000000000000000000000000000000000000000000000000000000000000000000000001010000000000000000000000100010000000000110000000000000001110000000
000000000000000000000000010000000000000000000000000000000000000000000000000000000001100000000000000000000000011100000000000110000000000000000000000000
000000000000000000000011010000000000000000000001110000000000000000000001000000000010010000000000000000000000000000000000000000000000000000000000000000
000000000000000000000011110000000000000000000000000000000000000000000010100011000010100000000000000000000000000000000000000000000000000000000000000000
000000000111011000001111000000000000000000000000000000000000000000000010100010100001000000000000000000000000000001101100000000000000000000000000000000
000000010000001000000000000000000000000000000000000000000000000000000001000001000000000000000000000000000000000001101100000000000000000000000000000000
000000100000000100011111000000000000000000000000000000000000000000000000000000000000000000000000000000000000000000010000000000000000000000000000000000
000000100000100010010110000000000000000000000000000000100000000000000000000000000000000000000000000000000000000001100000000000000000000000000000000000
000000100000000000010100000000000000000000000000000000110000000000000001100000000000000000000000000000000000000010100000000000000000001100000000000000
000000011010000100001000000000000000000000000000000010001000000000000001100000000000000000000000000000000000000100000000000000000000001000000000000000
000000000100011000000000000000000000000000000011000110110000000000000000000000000000000000011110011000000000000010100010100000000000000001111000000000
000000000100000000000000000000000000000000000011000101100000000000000000000000000000000001000111011000000000000000100011010000000000000000111110000000
000000000011100000000000000000000000110000000000001000000000000000000000000000000000000010010001001000100000000000000001010000000000000001010010000000
001000000000000000000000000000000000110000000000001111000000000000000000100000000000000011001001000110010000000000000000000000000000010001010110000010
000000000000000000000000000000000000000000000000001011110000000000100000110000000000000001000110001100010000000000000000000000000000110101111000000000
000110000000000000000000000000000000000000000000001100100100000001010000000000000000000001000001111000100000000000000000000000000000110110010000000110
111100000000000000000000000000000000000000000000000010010100000000110000000000000000000111000110100110000000000000000000000000000000101101000000000100
001000000000000000000000000000000000000000000000000000001000000000011000000000000000000100000100010110000000000000000000000000000011000100100000000000
001000000001111000000000000000000000000000000000000000000000000000000010000000000000010000000011100000000000000000000000000011000010000100100000000000
000100000001101000000000000000000000000000000000000000000000000000111001000000000000100000000010000000000000000000000000000010000000100001000000000010
000010000000001010000000000000000000000000000000000000000000000001100000000000000001001000000001000000000001000100000000000000000001100000000000000010
000100011111101011000000000000000000000000000000000000000000000000100001000000000000100100000100100000000001110100000000000101000001000000000000000000
111000011010011000000000000000000000000000000000000000000000000000100001000000000000110110000010010000000000010000000000001101000100000000000000000001
000000100011000111000000000000000000000000000000000000000000000011100000000000000000010100000010100000000000000100000000000011111000000000000000000000
000000011000000000000000000000000000000000000000000000000000000000010000000000000000001000000000000000000000000100000000000000111000000000000000000000
000000000000000000000000000000000000000000000000000000000000000001010100000000000000000000000000000000000000000000000000000000000000000000000000000000
000000000000000000000000000000000000000000000000000000000000000000111000000000000000000000000000000000000000000000000000000000000000000000000000000000
000000000000000000000000000000000000000000000000000000000000000000010000000000000000000000000000000000000000000000000000000000000000000000000010000000
000000000000000000000000000000000000000000000000000000000000011100000000000000000000000000000000000000000000000000000000000000000000000000000111000000
000000000000000000000000000000000000000011000000000000000000000000000000000000000000000000000000000000000000000000000000000000000000000000001000000000
000110000000000000000000000001100000000011000000000000000000000000000000000000000000000000000000000000000000000000000000000000000000000000001011010000
001001000000000000000000000001100000000000000000000000000000000000000000000000000000000000000000000000000000000000000000000000000000000000001000011000
000110000000000000000000000000000000000000000000000000000000000000000000000000000000000000000000000000000000000000000000000000000000000000011000010010
000110000000000000000000000000000000000000000000000000000000001100000000000000010000000011100000000000000000000000000000000000000000000000001100110110
000010000000000000000000000000000000000000000000000000000000001100000000000000101000000010010000000000000000000000000000000000000000000000000000110001
101111000000000000000000000000000000000000000000000000000000000000000000000001010000000100110000000000000000000000000000000000011000000000000000010101
110111110000000000000000000000000000000000000000000000000000000000000000000001100000000110001100000000000010000000000000000001101100000000000100001000
110000001000000000000000000011100000000000000000000000000000000000000000000000000000000000010010000000000101000000000000000010000010000000001010000010
011101000100000000000000000000000000000000000000000000000000000000000000000000000000000000010010000000000011000000000000000010010111000000010100011100
001100101000000000011000000000000000000000000011000000000000000000001000000000000000000000010010000100000000000000000000000010000011000000010010001000
000000000000000000011000000000000000000000000011000000000000000000011100000000000111000110001100001010000000000000001000000001000100000000010110000000
000000000000000000000000000000000000000000000000000000000000000000110000000000000100100100110000001001000000000000010100000000100100000000110110000000
000000000000000000000000000000000000110000000000000000000000000001101100000000000010000010010000000110000000000000100100000000000000000000000000000000
000000000000000000000000000000000000110000000000000000000000000000110000000000000001110011100001000000000000000000011000000000000000000000000000000000
000000000000000000000000000011000000000000000000000000000000000000011100000000000000000000000010100000000000000000000000000000000000000000000000000000
000000000000000000000000000100100000000000000000000000000000000000001000000000000000000000000011000000001100000000000000000000000000000000000000000000
000000000000000000000000000101000000000000000000000000000000000000000000000000000000000000000000000000010010000000000000000000000000000000000000000000
000001100000000000000000000010000000000000000000000000000000000000000000000000000000000011000000000000010010000000000000000000000000001110000000000000
000000001100000000000000000000000000000000000000000000000000000000000000000000000000000011011000011000001100000000000000000000000000001000111100000000
000110100010000000000000000000000000000000000000000000000000000000000000000000000000000100000000111000000000000000000000000000000000001000110010000000
001000001010000000000000000000000001000000000000010000000000000000000000000000000000000011000000100100000000000000000000000000000000000010100000000000
010000100000000000000000000000000010100011000000010000000000000000000000000000000000000010000000011000000000000000000000000000000000000111011100000000
000000001100000000000000000000000010100011000000010000000000000000000000000000000010000001000000000010001110000000000000000000000000000000000000000001
100101100000000000000000000000000001000000000000000000000000000000000000000000000101000000110100110001001110000000000000000000000000000000000000000001
001000001111000000000000000000000000000000000000000000000000000000000000000000000110000000000111000001000000000000000000000000000000000000000000000001
000000000101000000000000110000000000000000000000000000000000000000000000000000000000000000000101111110000000001100000000000000000000000000000000000001
000000000000000000001100000000000000000000000000000000000000000000000000000000000000000000000011111100000010011100000000000000000000000001000011100000
001000000000000000011101110000000000000000000000000000000000000000000000000000000000000000000010000000000000011000000000000000000000000010100100100000
001000000000000000100000000000000000000000000000000000000000000000000000000000011000000000000000000000000000000000000000000000000000000000001111000000
101000000000000000011000000001111000000000000000000000000000000000000000000000100100000011000000000000000000000000000000000000000000000000000100000000
000000000000000000001000000011000000000000000000000000000000000000000000000000011000000011000001110000000000000000000000000000000010100100000100000000
000000000000000000000000101110001000000000000000000000000000000000000000000000000000000000000000001000000000000000000000000000000000000000000000000000
000000000000000000000011110011010000000000000000000000000000000000000000000000000000000000000000101000000000000000000000000000000100000010001000000000
000000000000000000000000000000000000000000000000000000000000100000000000000000000000000000000000010000000000000000000000000000000000100000111000000000
000000000000000000000000000100000000000000000000000000000000100000000000000000000000000000000000000000000000000000000000000000000011100000000000000000
000000000000000000000000011011000110000000000000000000000000100000000000000000000100000000000000000000000000000000000000000000000000000110000000000000
000000000000000000000000110010011111110000000000000000000000000000000000000000000100000000000001000000000000011000000000000000000000001001000000000000
000000000000000000000000100010001100010000000000000000000000000000000000000000000100000000000011100000000000011000000000000000000000000100000000000000
000000000000000000000000000000011100010000000011100000000000000000000000000000000000000000000100000000000000000000000000000000000000000100100010000000
000000000000000000110000000000000010100000000000000000000000000000000000000000000000000000001011110000100100000000000000000000000000000011100000000000
000000000000000001010000000000000001000000000000001000001100000000000000000000000000000000011011100001000100000000000000000000000000000001100000000000
000000000000000001100000000000000000000000000000001000010010000000000000000000000000000000001010000001000010000000000000000000000000000010100000000000
000000000000000000000000000000000000000000000000001000001100000000000000000000000000000000001010000010000010000000000000000000000000000011100000000000
000000000000001100000000000000000000000000000000000000000000000000000000000000000000000000000110000010000010000000000000000000000000000000000000000000
000000000000001100000000000000000000000000000000000010000000000000000000000000000000000000000000000010110000000000000000000000000000000000000000000000
000000000000000000000000110001000000000000000000000101000000000000000000000000000000000000000000000000000000000000000000000000000000000001000000000000
000000000000000000000000110010100000000000001100000101000000000000000000000000000000000000000000000000000000000000000000000000011000000111100011000000
000000000000110000000000000010010000000000001100000010000000000000000000000000110000111000000000000000000000000000000000000000011010001101100100010000
000000000000110000000000000001100000000000000000000000000000000000000000000000110000000000000000000000000000000000000000000000100011110000001010011100
000000000000000000000000000000000000000000000000000000000000000000000000000000000000000000000000000000000000000000000000000000000011001100001000001100
000000000000000000000000000000000000000000000000001100000000000000000000000000000111000000000000000000000000000000000000000000111110000100001001100000
000010000000000000000001100000000000000000000000001100000000000000000000000110000000000000000000000000000000000000000000000000011100000000001000100100
000101000000000000010001100000000000000000000000000000000000000000000001000110000000000000000000000000000000000000000000000000001000000000000010011100
000000000000000001101100000000000000000000000000000000000000000000000010100000000000000000000000000000000000000000000000000000000000000000000010000000
000111000000000000010000000000000000000000000000100000000000000000000001000000000000000000000000000000000000000000000100011000000000000000000011000000
000000000000000000000000000000000000000000000001010000000000000000000000000000000000000000000000000000000000000000010011101000000000000000000110000000
000000000000000000000000000000000000000000000001010000000000000000000000000000000000000000000000000000000000000000010011010000000000000000000000001000
000100011000000000000000000000000110000000000000100000000000000000000000000000000000000000000000000000000000000000100011000000000000000000000000010000
