000110100000000001000001000000000110000000000000000000000000000000000000000000000000000000000000000000000000000000000000000000000000000000000000000101
011100000000000000101000000000000000000000000000000000000000000000000000110000000000000000000000000000000000000000000000000000000000000000000000001001
101000000000000000000100000000000000000000000000000000000000000000000000110000000110000000000000011100000000000000000000000000000000000000000000000000
001100000000000000101100000000000000000000000000000000000000000000000000000000001000000000000000000000000000000000000000000000000000000000000000000010
100001100000000001101100000000000000000000000001000000000000000000000000000000000001000000000000000000000000000000000000000000000000000000000000000000
100010010000000000101000000000000000000000000001000000100000000000000000000000000110000000000000000000000000000000000000000000001110000000000000000100
110010100000000000010000000000000000000000000001000000100000000001100000000000000000000000000000000000000001100000000000000000000000000000000000000101
110001000000000000000000000000000000110000000000000000100000000001100000110000000000000000000000000000000001100000000000000000000110000100000000000000
110000000000000000000000000000000000110000000000000000000000000000000000110000000000000000000000000000000000000000000000000000001100000101000000000110
100000000000000000000000000000000000000000000000000000000000000000000000000000000000000000000000000000000000000000000000000000011100010000000000000011
000000010100000000000000011000000000000000000000000000000000000000000000000000000000000000000000000000000000000000000000000000000000000000110000000001
000000010010000000000000010100000000000000000000000000000000000000000000000000000000000000000000000000000000000000000000000100011100101000110000000000
000000110010000000000000001000000000000000000000000000000000000000000000110000000000000000000000110000000000000000000000000111111100011000000000000000
000000110110000000000000000000000000000000000000000000000000000000000000110000000000000000000000110000000000000000000000000001101100011000000000000000
000000001000000000000000000000000000000000000000000000000000000000000000000000000000000000000000000000000000000000000000000000001100000000000000000000
000000000000000000000000000000000000000000000000000000000000000000000000000000000000000000000000000000000000000000000000000001100100000110110000000000
001000000000000000000000000000000000000000000000000000000000000000000000000000000000000000000000000000000000000000000000000110001000000000101000000000
010100000000000000000000000000000000000000000000000000000000000000000001000000000000000000000000000000000000000000000000000111110000000011001100000000
010100000000000000000000000000000000000000000000000000000011000000000010100000000000000000000000000000000000000000000000000001100000001100011001100000
001000000000000000000000000000000000000000000000000000000011000000000001000000000000000000000000000000000000000000000000000000000000001001110001010000
000000000000000000000000000000000000000000000000000000000000000000000000000000000000000000000000000000000000000000000000000000000000010011100000100000
000000000000000000000000000000000000000000000000000000000000000000000000000000000000000000001100000000000000000000000000000000000000111100000000000000
000000000000000000000000000000000000000000001100000000000000000000000000000000000000000000010010000000000000000000000000000000000000111000000000000000
000000000000000000000000000000000000000000001100000000000000000000000000000000000000011000001010000000000000000000000000000000000000000000000000000011
100000000000000000000000000000000000000000000000000000000000000000000000000000000000100100000100000000000000000000000000000000000000000000000000000100
000111000000000000000000000000000000000000000000000000000000000000000000000000000000011000000000000000000000000000000000000000011100000000000000000011
000100100000000000000000000000000000000000000000000000000000000000000000000000000000000000000000000001100000000000000000001111010000000000000000000000
000100000000000000000000000000000000000000000000000000000000000000000000000000000000000000000000000010010000000000110000001000110000000000000000000000
000000010000000000000000000000000000000000000000000000000000000000000000000000000000000000000000000001100000000000110000001000010100000000000000100000
000011010000000000000000000000000000000000011000000000000000000000000000000000000000000000000000000000000000000000000000000100001110000000000001010000
011011011000000000000000000000011000000000011000000000000000000000000000000000000000000000000000000000000000000000000000000100000000100000000001100000
100010000000000000000000000000011000000000000000000000000000000000000000000000000000000000000000000000000000000000000000000010101000010000000000000000
100000100000000000000000000000000000000000000000000000000000000000000000000000000000000000000000000000000000000000000000000010000000010000000000000000
101000100000000000000000000000000000000000000000000000000000000000000000010000000000000000000000000000000000000000000000000000000110110000000000000001
100000000000000000000000000000000000000000000000000000000000000000000000101000000000000000000000000000000000000000000000000111000011000000000000000000
000010100000000000000000000000000000000000000000000000000000000000000000100100000000000000000000000000000000010000000000000000000000000000000000010100
000000000000000000000000000000000000000000000011000000000000000000000000011000000000000010000000000000000000110000000000000000000000000000000000010110
100000000000000000000000000000000000000000000100100000000000000010000000000000000000000101000000000000000001110000011000000000000000000100000000110111
110000000000000000000000000000000000000000000011000000000000000010000000000000000000000101000000000000000011100000011000000000000000001010000001100010
000000000000000000000000000000000000000000000000000000000000000010000000000000000000000010000000000000000001100000000000000000000000001010000000110100
000000000000000000000000000000000000000000000000001100000000000000000000000000000110000000000000011000000000000110000000000000000000000100000000011000
000000000000000000000000000000000000000000000000010010000000111000111000000000000110000000000000010010000000001010000000000000000000000000000000000000
000000000000000000000000000000000000000000000000001100000000000000000000000000000000000000000000110000000000001000000000000000000011000000011000000000
000000000000000000000000000000000000000000000000000000000000000010000000000000000000000000000000110011110000000001000000000000000100100000100100000000
100000000000000000000000000000000000000000000000000000000000000010000000000000000000000000000000111000000000000010000000000000000011000000011000000001
010000000000000000000000000000000000000000000000000000000000000010000000000000000000000000000100000001010000000000000000000000000000000000000000000001
110000000000000000000000000000000000000110000000000000000000000000000010000000000000000000001000000000110001000000000000000000000000000100000000000000
000000000000000000000000000010000000000110000000000000000000000000000101100000000000000000010100000000111111100000000000000000000000001010000000000000
000000000000000000000000000010000000000000000000000000000000000000001100100000000000000000010010000000010000010000000000000000000000001010000000000000
000000000000000000000000000010000000110000000000000000000000000000001111011000000000000001000001000000111110111000000000000000000000000100000000000000
000000000011000000000000000000000001001000000000000000000000000000000000101110011100010001100000000010100000110000000000000000000000000000000000000000
000000000011000000000000000000111000110000000000000000000000000000000000100111101111110001100100001110100000100000000000000000000000000000000000000000
000000000000000000000000000000000000000010000000000000000000000000000010010000000000000000001000010000000111000000000000000000000000000000000000000000
000000000000000000000000000010000000000010000000001100000000000000000010000100011100001010000000100010000110000000000000000000000000000000000000000000
000000000000000000000000000010000000000010000000001100000000000000000000011001011100000000000001100110000100000000000000000000000000000000000000000000
000000000000000000011000000010000000000000000000000000000000000000000001010000000010000000000001000100000000000000000000000000000000000000000000000000
000110000000000000011000000000000000110000000000000000000000000000000001100000000000001100000000000100000000000000000000000000000000000000000000000000
001001000000000000000000000000000000110000000000000000000000000000000000010111000111100000000000100100000000000000000000000000000000000000000000000000
000110000000000000000000000000000000000000000000000000000000000000000000000111000110011100000000001000000000000000000000000000000000000000000000000000
000000000000000000001001000000010000000000000000000000000000000000000000010001101000100100000000000000000000000110000110000000000000000000000000000000
000000000111000000000000000000101000000000000000000000000000000000000000010010100000101000000000000000000000000110000110000000000000000000000000000000
000000000000000000010000100000100100000000000000000000000000000000000000000010111000111000000000000000000000000000000000000000000000000000000000000000
000000000000000000100011000000011000000000000000000000000000000000000000011100011000000000000000000000000000000000000000000000000000000000000000000000
000000000000000000000000000000000000000000000000000000000000000000000000000000001000000000000000000000000000000000000000000000000001110000000000000000
000000000000000000011000000000000000000000000000000001000000000000000001000000000110000000000000000000000000000000000000000000000001110000000000000000
000010000000000000000000000000000000000000000000000001000000000000000010100000000010000000000000000000000000000000000000000000000000000000000100000011
000011000000000000011101100000000000000000000000000001000000000000000010100000000000000000000000000000000000000000000000000000000000000000001100000011
000011000000000000011010010000000000000000000000000000000000000000000001000000000000000000000000000000000000000000000000000000000000000000010001000001
000001100000000000011000000000000000000000000000011100011100000000000000000000000000000000000000000000000000000000000000000000000000000000100011000001
001111000001110000000100100000000000000000000000000000000000000000000000000000000000000000110000000000000000100000000000000000000000000011000001010110
011111000001001000000111000000000000000000000000000000000000000000000001100000000000000001010000000000000001010000000000000000000000000011000100010000
000010000001000100000000000000000000000000000000000000000000000000000001100000000000001101001000000001000000110000000000000000000000000001000000011000
001000000000000100000000000000000000000000000000000000000000000000000000000000000000010000001000000001000000000000000000000000000000000001000100010000
100000000001000100000000000000000000000000000000000000000000000000000000000000000000111111101000000001000000000000000000000000000000000000111101100000
100000000001001000000000000000000000110000000000000000000000000000000000000000000001101000110000000000000000000000000000000000000000000000000111000000
100011000001110000000000000000000000110000000000000000000000000000000000000000000000110000000000000000000000110000000001100000000000000000111110000000
000010010000000000000000000000000000000000000000000000000000000000000000000000000000010000000000000000000001010000000001010000000000000000100000000000
000001100000000000000000000000000000000000000000000000000000000000000000000000000000000000000000000000000011000000000000100000000000000000011000000000
000000000000000000000000000000000000000000000000000000000000000000000000000000000000000000000000000000000001010000000000000000000000000000000000100000
000000000000000000000000000000000000000000000000000000000000000000000000000000000000000000000000000000000000110000000000000000000000000000000001010000
000110000100000000000000000000000000000000000000000000000000000000000000000000000000000000001000000000000000000000000000000000000000000000000001100000
000110000100000000000000000000000000000000000000000000000000000000000000000000000000010100010000000000000000000000000000000010000000100000000001000000
000000000100000000000000000000000000000000000000000000000000000000000000000000000000010010100001000000000000000000000000000100000001110000000010000000
000000000000000000000000000000000000000000000000000000000000000000000000000000000000101111101001000000000000000000000000000000000011010000000001000000
000000000000000000000000000000000000000000000000000000000000000000000011100000000001110001110000000000000000000000000000000000100101100000000001000000
000000110000000000000000000000000000000000000000000000000000000000000000000000000000010000110000000000000000000000000110000011000000000000111010000000
000000110000000000000000000000000000000000000000000000000000000010000000000000000000000000011000000000000000000000000110000000001110000000001110000000
000000000011000000000000000000000000000000000000000000000000000010000000000000000000000100010100000000000000000000000000000000000000000000001000000000
000000000100100000000000000000000000000000000000000000000000000010000000000000000000000000001100000000000000000000000000000000000000000000000000000000
000000000010100000000000000000000000000000000000000000000000000000000000000000000000010011001000000000000000000000000000000000000000000000000000000000
000000000001000000000000000000000000000000000000000000000000111000000000001000000000101001110000000000000000000000000000000000000000000000001100000000
000000000000000000000000000000000000000011000000000000000000000000000000010100000000000000100000000011000000000000000000000000000000100000001100000000
000100000000000000000000000001100000000011000000000000000000000010000000010010000000000000000000000011000000000000000000000000000000000000000000000000
001010000000000000000000000001100000000000000000000000000000000010000000001100000000000000000000000000000000000000000000000000000001000000000000000000
001100000000000000000000000000000000000000000000000000000000000010000000000000000000000000000010000000000000000000000000000000000000100000000000010000
000000000000000000000000000000000000000000000000000000000000000000000000000000000000101000000001000000000000000000000000000000000000011000000000101000
000000000000000000000000000000000000000000000000000000000000000000000000000000000000010000000011000000000000000000000000000000000000000000000000101000
000000010000000000000000000000000000000000000000000000000000000000000000000000000000000000001001000000000000000000000000000000000000000000000000010000
000001110000000000000000000000000000000000000000000000000000000000000000000000000000000000001010000000000000000000000000000000000000000000001000000000
100010000000000000000000000011100000000000000000000000000000000000000000000000000000000000000100000000000000000000000000000000000000000000001000000001
100000100000000000000000000000000000000000000000000000000000001000000000000000000000000000000000000001100000000000000000000000000000000000010100000001
000000001100000000000000000000000000000000000011000000000000001000000000000000000100000000000000000001100000000000000000000000000000000000000100000000
001001001100000000000000000000000000000000000011000000000000010000000000000000001110100000001000000000000000000000001000000000000000000000001011000000
000000010000000000000000000000000000000000000000000000000000110000000000000000001110010000001000000000000000000000010100000000000000000000011011000011
000000110100000000000000000000000000110000000000000000000000111001100000001111000000010000010100000000000000000000100100000000000000000000001110000011
000000000000000000000000000000000000110000000000000000000000001001010000001111010000000000000000000000000000000000011000000000000000000000000000000000
000010010010000000000000000000001000000000000000000000000000001001000000010100001100000000000000000000000000000000000000000000000000000000000111000000
000001111100000000000000000000101100000000000000000000000000111000000000000000000100000000000010000000000000000000000000000000000000000000001001000000
000000000011000000000000000001001000000000000000000000000000000000000000000000000000000000000110000000000000000000000000000000000000000000001101000000
110000000000000000000000000001100000000000000000000000000000000000000000000000100100000000000110000000000000000000000000000000000000000000110000000110
110000000000000000001000100000000000000000000000000000000000000000000000000000101100000000000000000000000000000000000000000000000000000000101010001101
001000000000000000010111100000000001101000000000000000000000000000000110000000011100000000000000000000000000000000000000000000000000000010000001111000
110000100000000000100011010000000010000000010000010000000000000000000100000011010000000000000000000000000000000000000000000000000000000011101100111000
110001010000000000011001110000001101100010111000010000000000000000000000000111000000000000000000000000000000000000000000000000000000000001000000000100
000010010000101000000001101111100101101101000100010000000000000000000000011000100000000000000000000000000000000000000000000000000000000000000000100000
000001100000001000000001001000001001111101011000000000000000000000000000011000000110000000110011000000000000000000000000000000000000000000010111000000
000000000001000100000000010000000011101101110000000000000000000000000000001000100111000000010011000000000000000000000000000000000000000000000000000000
000000000010111101111101011100001101000000000000000000000000000000000000001001000110000000011011000000000000000000000000000000000000000000000110110000
000000000000011100111111110000010110000000000000000000000000000000000000000111100000000000000100000000000000000000000000000000000000000000000010110000
000000000000000001011111111100010000000000000000000000000000000000000000000001110000000000000000000000000000000000000000000000000000000000000000000000
000000000000000010000000000100100000000000000000000000000000000000000000000001001000000000000000000000000000000000000000000000000000000000000000000000
000000000000000000001101000000000001000000000000000000000000000000000000000000110000000000000000000000000000000000000000000000000000000000000000000000
000000000000000100110101100000000100100000000000000000000000000000000000000000010000000000000000000000000000000000000000000000000000000000000000000000
000000000000001011011101000000000000000000000000000000000000000000000000000000000000000000000000000000000000000000000000000000000000000000000000000000
000000000000000100110000000110010001000000000000000000000000000000000000000000000000000000000000000000000000000000000000000000000000000000000000000000
000000000000000100100000001111000110000000000000000000000000100000000000000000000000000000110101000000000000000000000000000000100000000010000000000000
000000000000000000000000000001000000000000000000000000000000100000000000000000000000000001000000000000000000000000000000000010010000000010000000000000
000000000000000000001100010100010000000001000000000000000000100000000000000000000100000000101000010000000000000000000000000100001000000010000000011000
000000000000000000001100010001100000000001110000000000000000000000000000000000000100000000010010010000000000011000000000000110110000000000000000100100
000000000000000000000000001111000000000001001000000000000000000000000000000000000100000000000000100000000000011000000000000000000000000000000000100100
000000000000000000000000001101101100000000011000000000000000000000000000000000000000000000000000000000000000000000000000000000011000000000000000011000
000000000000000000000000000000100000000000010000000000000000000000000000000000000000000000000000000000000000000000000000000000011000000000000000000000
000000000000000000000000000000000000000000000000000000000000110000000000000000000000000000000000000000000000000000000000000000011000000100000000000000
000000000000000000000000000001110000000000000000000001000000111000000000000000000000000000000000110000000000000000000000000000000000001010000000000000
000000000000000001100000100001110000000011000000000011000001010000000000000000000000000000000000110000000000000000000000000000000000001010000001000000
000000000000000010010001010010100000000001100000011000000000000000000000000000000000000000000000000000000000000000000000000000000000000100000111000000
000000000000000011011001100010100000000100010000000011011110000000000000000000000000000000000110000000000000000000000000000000000000000000000110011000
000000000000000011011100000101000011000100001100001110001000000000000000000000000000000000001001000000000000000000000000000000000000001000000110011000
000000000000000101011100001100000000100001000110000001001000000000000000000000000000000000000101000000000000000000000000000000000000001000000011101000
000000000000011011101000000010010000100000110000010111000000000000000000000000110000111000000010000000000000000000000000000000000000001000110011100000
000000000000011000010000010100110001000000000110100001000000000000000000000000110000000000000000000000000000000000000000000000000000000000101001000000
000000000000001000000000001000011111000000000100011000000000000000000000000000000000000000000000000000000000000000000000000000000011100000010100101000
000000000000000000000000000000001010000000100100000000000000000000000000000000000111000000000000000000000000000000000000000000000000000000000000111000
100100000000000000000000000000000100000000101000000000000000000000000000000110000000000000000000000000000000000000000000000000000000001000000000111110
001000000000000000000100000000000000000000010000000000000000000000000001000110000000000000000000000000000000000000000000000000000000001000000100100110
001000000000000000000010000000000000000000000000000000000000000000000010100000000000000000000000000000000000000000000000000000000000001000000000000000
000000000000000101101100000000000000000000000000100000000000000000000001000000000000000000000000000000000000000000000000000000000000000000000000000000
000000010000000100000100000000000000000000000001010000000000000000000000000000000000000000000000000000000000000000000000000000000000000000000100000000
000100001000000000001001000000000000000000000001010000000000000000000000000000000000000000000000000000000000000000000000000000000000000000000111000000
000000010000000010010001000000000110000000000000100000000000000000000000000000000000000000000000000000000000000000000000000000000000000000000000000010
