011100000000010100000000000000
000100011000010000000000000000
000110011000011000000000000000
000111000000000000000000000000
110011011100000000000000000000
001011001000000000000000000001
101010000000000000000000000001
010010000000000000000000000000
000000000000000000000000000000
000000000000000000000000000000
000000000000000000000000000000
000000000000000000000000000000
000000000000000000000000000000
000000000000000000000000000000
000000000000000000000000000000
000000000000000000000000000000
000000000000000000000000000000
000000000000000001100000000000
000000000000000010010000000000
000000000000000001100000000111
000000000000000000000000010001
010000000000000000000000010000
010000000000000000000000000000
001000000000001101000000000000
010000000000011001100000000100
010000000000000011000000000000
000000000000011000000000000000
000000110000010100000110000000
000000000000010100000110000000
011000000000010010000100000000
