000000000000000000000110000000000000000001110000000000000000000000000000000000000100000000000000000000000000000000000000000000000000000000010000000000
000000000000000000001001000000000000000001000000000000000000000000000000000000000110000000000000000000000000000000000000000000000000011100000000000000
000000000000000000000110000000000000000000100000000000000000000000000000000000010001000000000000011100000000000000000000000000000000000000000000000000
000000000000000000000000000000000000000000000000000000000000000000000000000000110110000000000000000000000000000000000011000000000000000000000000000000
000000000000000000000000000000000000000000000000000000000000000000000000000001100000000000000000000000000000000000000100100000111000000000000000000000
000000000000000000000000000000000000000000000000000000000000000000000000000000110000000000000000000000000000000000000010100000000000000000000000000000
000000000110000000000000000000000000000000000000000000000000000001100000000000010000000000000000000000000000000000000001000000000000000000000000000000
000000001001000000000000000000000000000000000000000000000000000001100000000000001001000000000000000000000000000000000000000000000000000000000000000000
000000001001000000000000000000000000000000000000000000000000000000000000000000000110000000000000000000000000000000000000000000000000000000000000000000
000000000110000000000000000000000000000000000000000000000000000000000000000000000000000000000000000000000000000000000000000000000000000000000000000000
000000000000000000000000000000000000000000000000000000000000000000000000000000000000000000000000000000000000000000000000000011111011000000000000000000
000000000000000000000000000000000000000000000000000000000000000000000000000000000110000000000000000000000000000000000000000010000011000000000000000000
000000000000000000000000000000000000000000000000000000111000000000000000000100000110000000000000000000000000000000000000000001100000100000000000000000
000000000000000000000000000000000000000000000000000000000000000000000000001000000000000000000001000000000000000000000000000000000001000000000000000000
000000000000000000000000000000000000000000000000000000000000000000000000000100000000000000000010100000000000000000000000000000010001000001100000000000
000000000110000000000000000000000001100000000000000000000000000000000000000000000000000000000010100000000000000000100000000000000110000010010000000000
000000000110000000000000000000000001100000000000000000000000000000000000000000110000000000000001000000000000000001010000000000000000000001100000000000
000000000000000000000000000000000000000000000000000000000000000000000000000100011000000000000000000000000000000000100000000000000000000000000000000000
000000000000000000000000000000000000000000000000000000000000000000000000001011110000000000110000000000000000000000000000000000000000000000000000000000
000000000000000000000000000000000000000000000000000000000000000000001000011101000000000001001000000000000000000000000000000000000000000000000000000000
000000000010000000000000000000000000000000000000000000000000000000010100110100000000000000110000000000000000000000000000000000000000000000000000000000
000001100101000011000000000000000000000000000000000000000000000000001000011000000000000000000000000000000000000000000000000000000000000000000000000000
000001100101000011000000000000000000000000000000000000000000000000000000011010000000000000000001000000000000000000000000000011000000000000000000000000
000000000010000000000000000000011100000000000000000000000000000000000000000110000000000000000010100000000000000000000000000011000000000000000000000000
000000000000000000000000000000000000000000000000000000000010000000000000000000000000000000000010100000000000000000111000000000000000000000000000000000
000000000000000000000000000000000000000000000000000000000101000000000000000000000000000000000001000000000000000000000000000000000000000000000000000000
000000000000000000000000000000000000000000000000000000000100100000000000000000000000000000000000000000000000000000000000000000000000000000000000000000
000000000000000000000000000000000000000000000000000000000011000000000000000000000000000000000000000000000000000000000000000000000000000000000000000000
000000000000000000000000000000000000000000000000000000000000000000000000000000000000000000000000000000000000000000000000000000000000000000000000000000
000000000000000000000000000000000000000000000000000000000000000000000000000000000000000000000000000000000000000000000000000000000000000000000000000000
000000000000000000110000000000000000000000000000001000000000000000000000000000000000000000000000000000000000000000000000000000000000100000000000000000
000000000000000000110000000000000010000000000000010100000000000000000000000000000000000000000000000000000000000000000000001100000001010000000000000000
010000110000000000000000000000000010000000000000001100000000000000000000000000000000000000000000000000000000000000000011111101100001010000000000000001
011001001000000000000000000000000010000000000000000000000000000000000000000000000000000011000000000000000000000000000100110111011000100000000000000011
000001001001110000000000100010000000000000000000000000000000000000000000000000000000000011000000000000001100000000001100010110000100000000000000000000
000000110000000000110001010101000000000000000000000000000000000000000000000000000000000000000000000000001100000000000100001101000110000000000000000000
000000000100000001010001010101000000011000000000000000000000000000000000000000000000000000000000000000000000000000000011011101100100000000000000000000
000000000100000000000000010110000000011000000000111000000000000000000000000000000000000000000000000000000000000000000000110111111000000000000000000000
000000000100000000100000111000000000000000000000000000000000000000000000000000000000000000000000000000000000000000000000000110000000000000000000000000
000000000000000001101110110000000000000000000000000000000000000000000000000000000000000000000000000000000000000000000000000000000000000000000000000000
000000000001110000010001000000000000000000000000000000000000000000110000000000000000000000000000000000000000000000000000000000000000000000000000000000
000000000000000000010001000000000000000000000000000000000000000001001000000000000000000000000000000000000000000000000000000000000000000000000000000000
000000000000000000001110000000000000000000000000000100000000000000101000000011100000000000000000000000000000000000000000000001000000000000000000000000
000000000000000000000000000000000000000000000000000010000000000000010000000000000000000010000000000000000000000000000000000011110000000000000000000000
000000000000000000000000000000000000000000001000000010000000000000000000001000001000000101000000000000000000000000000000001100110100000000000000000000
000000000000000000000000000000000000000000011100100100000000000000000000001000001000000011000000000000000000000000000000000000011100000000000000000000
000000000000000000000000000000000000000000110100100100000000000000000000001000001000000000000000000001000000000000000000000010000000000000000000000000
000000000000000000000000000000000000000001100000010000000000000000000000000000000000000000000110000010100000000000000000000000000000000000000000000000
000000000000000000000000000000000000000011100000000000000000000000000000000011100000000000000110000010100000000000000000001110000000000000000000000000
000000000000011100000000000000000000000001100000000000000000000000000000000000000000000000000000000001000000000000000000001011100000000000000000000000
000000000000000000000000000000000000000000100000000000000000000000000000000000000000000000000000000000000000000000000000001100100000000000000000000000
000000000000000000000000000000000000000000000000000000000000000000000000000000000000000000000000110000000000000000000000000111000000000000000000000000
000000000000000000000000000000000000000000000000000000000000000000000000000000000000000000000001001000000000000000000000000010000000000000000000000000
000000000000000000000000000000000000000000000000001100000000000000000000000000000000000000000000110000000000000000000000000000000000000000000000000000
000000000000000000000000000000000000000000000000001100000000000000000000000000000000000000000000000000000000000000000000000000000000000000000000000000
110000010000000000000000000000000000000000000000000000000000000000000000000000000000000000000000000001000000000000000000000000000000000000000000000000
110000101000000000000000000000000000000000000000000000000000000000001000000000000000000000000000000010100000000000000000000000000000000000000000000000
000000011000000000000000000000000000000000000000000000000000000000001000000001100000000000000000000010100000000000001100000000000000000000000000000100
000000000000000000000000000000000000000000000000000000000000000000001000000010010000000000000000000001000000000000001100000000000000001100000000001010
000000000000000000000000000000000000000000000000000000000000000000000000000001010000000000000000000000000000000000000000000000000000001100000000001001
000000001100000000000000000000000000000000000000000000000000000000000000000000100000000000000000000000000000000000000000000000000000000000000000000110
000000001010000000000000000000000000000000000000000000000000000000000000000000000000000000000000000000000110000000000000000000000000000000000000000000
000000000100000000000000000000000000000000000000000000000011000000000000000000000000000000000000000000000110000000000000000000000000000000000000000000
000000000000000000000000000000000000000000000000000000000011000000000000000000000000000000000000000000000000000000000000000000000000000000000000000000
000000000000000000000000000000000000000000000000000000000000000000000000000000000000000000000000000000000000000000000000000000000000000000000000000000
000000000000000000000000000000000000000000000000000000000000000000000000000000000000000000000000000000000110000000000000000000000000000000000000000000
000000000000000000000000000000000000000001100000000000000000000000000000000000000000000100000000000000000110000000000000000000000000000000000000000000
000000000000000000000000000000000000000001100000000000000000000000000000000000000000001010000000001000000000000000000000000000000000000000000000000000
000000000010000000000000000000000000000000000000000000000000000000000000000000000000000100000000010100000000000000000000000000000000000000000000000000
000000000101000000000000000000000000000000000000000011000000000000000000000000000000000000000000010010000000000000000000000000000000000000000000000000
000000000101000000000000000000000000000000000000000011000000000000000000000000000000000000000000001100000000000000000000000000000000000000000000000000
000000000010000000000000000000000000000000000000000000000000000000110000001100000000000000000000000000000000000000000000000000000000110000000000000000
000000000000000000000000000000000000000000000000000000011000000000110000001010000000000000000000000000000111000000000000000000000001001000000000000000
000000000000000000000000000110000000000000000000000000011000000000000000000110000000000000000000000000000000000000000000000000000001001000000000000000
000000000000000000000000000110001000000000000000000000000000000000000000000000000000000000000000000000000000000000000000000000000000110000000000001100
000000000000000000000000000000011100000000000000000000000000000000000000000000000000000000000000000000000000000000000000010000000000000000000000010010
000000000000000000000000000000110110000000000000000000000000000000000000001000000000000000000000000000000000000000000000101000000000000000000000001100
000000000000000000000000000001001010000110000000000000000000000000000000001100010000000000000000000000000000000000000000101000001100000000000000000000
000000000000000000000000000010101011000110000000000000000000000000000000111100100000000000000000000000000110000000000000010000010100000000000000000000
000000000000000000000000000010110000100000000000000000000000000000000000010011000000000000000000000000000110000000000000000000001000000000000000000000
000000000000000000000000000001110100100000000000000000000000000000000001110000000000001100000000000000000000000000000000000000000000000000000000000000
000000000000000000000000000000000100000000000000000000000000000000000000000000000000001100000000000000000000000000000000000000000000000000000000000000
000010000000000000000000000000000011010000000000000000000000000000000000000000000000000000000000000000000000000000000000000000000000000000000000000000
000010000000000000000000000110000001000000000000000000000000000000000000000000000000000000000000000000000000000000000000000110000000000000000000000000
000010000000011100000001100110000000000000000000000000000000000000000000000000000000000000000000000000000000000000000000001110000000000000000000000000
000000000000000000000001101110000000000000000000000000000000000000000000000000000000000000000000000000000000000000000000011000000000000000000000000000
111000000000000000000000001001000000010000000000000000000000000010000000000000000000000000000000000000000000000000000000011000000000000000000000000000
000000000000000000000000001001000000110000000000000000000000000010000000000001100000110000000000000000000000000000000000010010000000000000000000000000
000000000000000000000000000111000001001000000000000000000000000010000000000001100001001000000000000000000000000000000000001110000011100000000000000000
000000000000000000000000000000000000000000000000000000000000000000000000000000000000110000000000000000000000000000000000001000000000000000000000000000
000000000000000000000000000000000000100000000000000000000000000000000000000000000000000000000000000000000000000000000000000000000000000000001100000000
000000000000001000000000000000000000000000000000000000000000000000000000000000000000000000000000000000000000000000000000001000000000000000001100000000
000000000000011000000000000000000011011000000000000000000000000000000000000000000000000000000000000000000000000000000000001110000000000000000000000000
000011100000100000000000000000000000100000000000000000000000000000000000000000000000000000000000000001100000000000000000000110000000000000000000000000
001000010000011000000000000000000010100000000000000000000000000000000000000000000000000000000000000001100000000000000000000000000000110000000000000011
010000010000001000000000000000000010100000000000000000000000000000000000000000000000000000000000000000000000000000000000000000000000110000000000000111
000000100000000000000000001110000000010000000000000000000000000000000000000000000000000000000000000000000000000000000000000000000000000000000000001100
111100000100000000000001000000000010010000000000000000000000000000000000000000000000000000000000000000000000000000000000000000000000000000000000000101
110000000010000000000011100000000001110000000000000000000000000000000000000000000000000000000000000000000000000000000000000000000000000000000000000011
100000000010000000001100100000000000000000000000000110000000000000000000000000000000000000000000000000000000000000000000000000000000000000000000000000
000000000000000000000000001000000000000000000000000101100000000000000000100000000000000000000000000000000000000000000000000000000000000000000000000000
000000000000000000001100000100000000000000000000000001010000000000000010010000000000000000000000000000000000000000000000000000000000000000000000000000
111000010000000000000101001000000000000000000000000001001000000000001110110000000000000000000000000000000000000000001000000000000000000000000000000001
111100101010000000010101110000000000000000000000000001100000000000001110010000000000000000000000000000000000000000010100000000000000000000000000000011
000010000001000000010001000000000000000000000000000000000000000000011010000000000000000000000000000000000000000000100100000000000000000000000000000000
001111010001000000000110000000000001110000011000000000000000000000011000011000000000000000000000000000000000000000011000000000000000001100000000000010
001100100000100000000000110000000001000000100100000000000000000000011000001100000000000000000000000000000000000000000000000000000000010100000000000000
101101000001000000000000110000000111000000010100000000000000000000000011101000000000000000000000000000000000000000000000000000000000001000000000000001
101000110000000000000000000000001000001110001000000000000000000110000000000010100000000000000000000000000000000000000000000000000000000000000000000000
110000000100000010000000000000000101000000000000000000000000001101100010101000100000000000000000000000000000000000000000000000000000000000000000000000
100000010000000101001100000000000010000000000000000000000011110000100000000010100000000000000000000000000000000000000000000000000000000000000000000000
000000000000001001001100000000000000000000000000000000000111111010001010101000000000100000000000000000000000000000000000000000000000000010000000000000
000000000000000110000000000000010000001110000000000000000010001001100000001100000001010000000000000000000000000000000000000000000000000010000000001100
000000000000000000000000000001101100000000000000000000011000000000101011011000000010010000000000000000000000000000000000000000000000000010000000001100
000000000000000000000000000011010000000000000000000000000010011000011011000000000001100000000000000000000000000000000000000000000000000000000000000000
000000000000000000000000000001110000000000000000000000000011101111001100110000000000000000000000000000000000000000000000000000000000000000000000000000
000000000000000000000000000000010000000000011100000000000011010000100100110000000000000000000000000000000000000000000000000000000000000000000000001100
000000000000000000000000000000010100000000010000000000000000100110100110010000000000000000000000000000000000000000000000000000000000000000000000001100
000000000000000000000000000000000010000000101100000000000000000000111001100000000000000000000000000000000000000000000000000000000000000000000000000000
000000000000000000000000000000000010000101100000000000000000000000001000000000000000000000000000000000000000000000000000000000000000000000000000000000
000000000000000000000000000000010010001100000100000000000000000000000100000000000000100000000000000000000000000000000000000000000000000000000000000000
000000000000000000000000000000001100000100000000000000000000000000000000000000000001010000000000000000000000000000000000000000000000000110000000000000
000000000011000001100000000000001110000011000000000000000000000000000000000000000001010000000000000000000000000000000000000000000000000110000000000000
000000000011000001100000000000000000000000000000000000000000000000000000000000000000100000000000000000000000000000000000000000000000000000000000000000
000000000000000000000000000000000000000111110000000000000000000000000000000000000000000000000000000000000000000000000000000000000000000000000000000000
000000000000000000000000000000000000000001000000000000000000000000000000000000000000000000000000000000000000010000000000000000000000000000000000000000
000000000000000000000000000000000000001110000000000000000000010110100000000000000000000000000000000000000000101000000000000000000000000000000000000000
000000000000000000000000000000000000010100000000000000000000011110110000000000000000000000000000000000000001001000000000000000000000000000001100000000
000000000000000000000000000000000011011000000000000000000000000110001000000000000000000000000000000000000000110000000000011000000000000000010010000000
000000000000000000000000000000000001010000000000000000000000001100000000000000000000000000000000000000000000000000000000011000000000000000010100000000
000000000000000000000000000000000000100000000000000000000000001001000000000000000000000000000000000000000000000000000000000000000000000000001000000000
000000000000000000000000000000000000000000000000000000011000000011000000000000000000000000000000000000000000000000000000000000000000000000000000000000
000000000000000000000000000000000000000000000000000000001100000000000000000000000000000000000000000000000000000000000000000000000000000000000000000000
000000000000000000000000000000000000000000000000000000000000000000000000100000000000000000000000000000000000000000000000000000000000000000000000000000
000000000000000000000000000000000000001100000000000000000000000000000001010000000000000000000000000000000000000000000000000000000000000000000000000000
000000000000000000001100000000000000001100000000000000000000000000000001010000000000000000000000000000000000000000000000000000000000000000000000000000
000000000000000000001100000000000000000000000000000000000000000000000000100000000000000000000000000000000000000000000000000000011000000011000000000000
000000000000000000000000000000000000000000000000000000000000000000000000000000000000000000000000000000000000000000000000000000100100000100100000000000
000000000000000000000000000000000000000000000000000000000000000000000000000000000000000000000000000000000000000000000000000000011000000011000000000000
000000000000000000000000000000000000000000000000000000000000000000000000000000000000000000000000000000000000000000000000000000000000000000000000000000
000000000000000000000000000000000000000000000000000000000000000000000000000000000000000000000000000000000000000000000000000000000000100000000000000000
000000000000000000000000000000000000000000000000000000000000000000000000000000000000000000000000110000000000000000000000000000000001010000000000000000
000000000000000000000000000000000000000000000000000000000000000000001100000000000011100000000000110000000000000000000000000000000001010000000000000000
000000000000000000000000000000000000000000000000000000000000000000001100000000000000000000000000000000000000000000000000000000000000100000000000000000
000000000000000000001100011000000000000000000000000000000000000000000000000000000000000000000000000000000000000000000000000000000000000000000000000000
000000000000000000010010011000000000000000000000000000000000000000000000000000001000000000000000000000000000000000000000000000000000000000000000000000
000000000000000000010100000000000000000000000000100000000000000000000000000000010100000000000000000000000000000000000000000000000000000000000000000000
000000000000000000001000000000000000000000000001010000000000000000000000000000010100000000000000000000000000000000000000000000000000000000010000000000
000000000000000000000000000000000000000000000001010000000000000000000000000000001000000000000000000000000000000000000000000000000000000000101000000000
000000000000000000000000000000000000000000000000100000000000000000000000000000000000000000000000000000000000000000000000000000000000000000101000000000
