000111000010000000000000000000
000010000111000000000000000000
000000001010000000000000000000
000000001100000000000000000000
000000001000000000000000000000
000000000000000000000000000000
000000000000000000000001110000
000000000000000000000000000000
000000000000000000000000000000
000000000000000000000000000000
000000000000000000000000000000
000000000000000000000000000000
000000000000000000000000000000
000000000000000000000000000000
000000000000000000000000000000
000000000000000000000000000000
000000000000000000000000000000
000000000000000000000000001110
000000000000000000000000000000
000000000000000001100000000000
000000000000000010010000000000
000000000000000010000110000000
000000000000000001000001000000
000000000000000010000000100000
000000000000000011000001000000
000000000000100010001000000000
000000000001010000110000000000
000000000001010001010000000000
000000000000000001100000000000
000000000100000011100000000000
