000000000000000000000110000000000000000000000000000000000000000000000000000000000000000000000000000000000000000000000000000000000000001000010000000000
000000000000000000001001000000000000000000000000000000000000000000000000000000000000000000000000001000000000000000000000000000000000001000000000000000
000000000000000000000110000000000000000000000100000000000000000000000000000000000000000000000000001000000000000000000000000000000000001000000000000000
000000000000000000000000000000000000000000001100000000000000000000000000000000001000000000000000001000000000000000000011000000010000000000000000000000
000000000000000000000000000000000000000000001010000000000000000000000000000000010001100000000000000000000000000000000100100000010000000000000000000000
000000000000000000000000000000000000000000000000000000000000000000000000000000001101000000000000000000000000000000000010100000010000000000000000000000
000000000110000000000000000000000000000000000000000000000000000001100000000000001110000000000000000000000000000000000001000000000000000000000000000000
000000001001000000000000000000000000000000000000000001000000000001100000000000000000000000000000000000000000000000000000000000000000000000000000000000
000000001001000000000000000000000000000000000000000111000000000000000000000000000000000000000000000000000000000000000000000000001000000000000000000000
000000000110000000000000000000000000000000000000000110000000000000000000000000000000000000000000000000000000000000000000000000010001000000000000000000
000000000000000000000000000000000000000000000000001010000000000000000000000000000100000000000000000000000000000000000000000000100010100000000000000000
000000000000000000000000000000000000000000000000001000010000000000000000000000001010000000000000000000000000000000000000000000100000000000000000000000
000000000000000000000000000000000000000000000000000100010000000000000000000011001010000000000000000000000000000000000000000000111000000000000000000000
000000000000000000000000000000000000000000000000000000010000000000000000011011000100000000000000000000000000000000000000000000001100000000000000000000
000000000000000000000000000000000000000000000000000000000000000000000000011111000000000000000010100000000000000000000000000000000100000001100000000000
000000000110000000000000000000000001100000000000000000000000000000000000010100000000000000000101010000000000000000100000000000000000000010010000000000
000000000110000000000000000000000001100000000000000000000000000000000000010001000000000000000000000000000000000001010000000000000000000001100000000000
000000000000000000000000000000000000000000000000000000000000000000000000000001000000000000010000000100000000000000100000000000000000000000000000000000
000000000000000000000000000000000000000000000000000000000000000000000000001101000000000000100000000010011100000000000000000000000000000000000000000000
000000000000000000000000000000000000000000000000000000000000000000001000000000000000000000010000000100011100000000000000000000000000000000000000000000
000000000010000000000000000000000000000000000000000000000000000000010100000000000000000000100000000010000000000000000000000000000000000000000000000000
000001100101000011000000000000000000000000000000000000000000000000001000001100000000000000010000000100000000000000000000000000000000000000000000000000
100001100101000011000000000000001000000000000000000000000000000000000000000100000000000000000000000000000000000000000000000011000000000000000000000010
000000000010000000000000000000001000000000000000000000000000000000000000000100000000000000000101010000000000000000010000000011000000000000000000000010
000000000000000000000000000000001000000000000000000000000010000000000000000000000000000000000010100000000000000000010000000000000000000000000000000000
100000000000000000000000000000000000000000000000000000000101000000000000000000000000000000000000000000000000000000010000000000000000000000000000000000
010000000000000000000000000000000000000000000000000000000100100000000000000000000000000000000000000000000000000000000000000000000000000000000000000000
000000000000000000000000000000000000000000000000000000000011000000000000000000000000000000000000000000000000000000000000000000000000000000000000000000
000000000000000000000000000000000000000000000000000000000000000000000000000000000000000000000000000000000000000000000000000000000000000000000000000000
000000000000000000000000000000000000000000000000000000000000000000000000000000000000000000000000000000000000000000000000000000000000000000000000000000
001100000000000000110000000000000000000000000000001000000000000000000000000000000000000000000000000000000000000000000000000000000000100000000000000000
010010001000000000110000000000000000000000000000010100000000000000000000000000000000000000000000000000000000000000000000000000000001010000000000000000
101011010100000000000000000000000111000000000000001100000000000000000000000000000000000000000000000000000000000000000000011000000001010000000000000001
100000000100000000000000000000000000000000000000000000000000000000000000000000000000000011000000000000000000000000000000011011000000100000000000000001
000001001000000000000000000010000000000000000000000000000000000000000000000000000000000011000000000000001100000000000000100011000000000000000000000011
110001010000000000000000000101000000000000000000000000000000000000000000000000000000000000000000000000001100000000000000011000100000000000000000000000
001110000001110000011011000101000000011000000000010000000000000000000000000000000000000000000000000000000000000000000000011011000000000000000000000000
000000000000000000001010000010000000011000000000010000000000000000000000000000000000000000000000000000000000000000000000000011000000000000000000000000
000000000010001000000100000000000100000000000000010000000000000000000000000000000000000000000000000000000000000000000000000000000000000000000000000000
000001110001001000000000000000001010000000000000000000000000000000000000000000000000000000000000000000000000000000000000000000000000000000000000000000
000010110000000000000000000000010011000000000000000000000000000000110000000000000000000000000000000000000000000000000000000010000000000000000000000000
000100000000000000000000000000010010000000000000000000000000000001001000000001000000000000000000000000000000000000000000001100000000000000000000000000
000100001000110000000000000000001010000000000000000000000000000000101000000001000000000000000000000000000000000000000000001100000000000000000000000000
000000001000000000000000000000000000000000000000000100000000000000010000000001000000000010000000000000000000000000000000000110000000000000000000000000
000011110000000000000000000000000000000000000000001010000000000000000000000000000000000101000000000000000000000000000000001101100000000000000000000000
000000000000000000000000000000000000001010000000100001000000000000000000011100011100000011000000000000000000000000000000001000100000000000000000000000
000000000000000000000000000000000000000000000001110001000000000000000000000000000000000000000000000001000000000000000000000111000000000000000000000000
000000000000000000000000000000000001100000100010000010000000000000000000000001000000000000000110000010100000000000000000000010000000000000000000000000
000000000000001000000000000000000001110100100001100010000000000000000000000001000000000000000110000010100000000000000000000000000000000000000000000000
000000000000001000000000000000000000000001100001101000000000000000000000000001000000000000000000000001000000000000000000000000000000000000000000000000
000000000000001000000000000000000000000000000000000000000000000000000000000000000000000000000000000000000000000000000000000000000000000000000000000000
000000000000000000000000000000000000000000000000000000000000000000000000000000000000000000000000110000000000000000000000000000000000000000000000000000
000000000000000000000000000000000000000000000000000000000000000000000000000000000000000000000001001000000000000000000000000000000000000000000000000000
000000000000000000000000000000000000000000000000001100000000000000000000000000000000000000000000110000000000000000000000000000000000000000000000000000
000000000000000000000000000000000000000000000000001100000000000000000000000000000000000000000000000000000000000000000000000000000000000000000000000000
110000010000000000000000000000000000000000000000000000000000000000000000000000000000000000000000000001000000000000000000000000000000000000000000000000
110000101000000000000000000000000000000000000000000000000000000000000000000000000000000000000000000010100000000000000000000000000000000000000000000000
000000011000000000000000000000000000000000000000000000000000000000011100000001100000000000000000000010100000000000001100000000000000000000000000000100
000000000000000000000000000000000000000000000000000000000000000000000000000010010000000000000000000001000000000000001100000000000000001100000000001010
000000000000000000000000000000000000000000000000000000000000000000000000000001010000000000000000000000000000000000000000000000000000001100000000001001
000000001100000000000000000000000000000000000000000000000000000000000000000000100000000000000000000000000000000000000000000000000000000000000000000110
000000001010000000000000000000000000000000000000000000000000000000000000000000000000000000000000000000000110000000000000000000000000000000000000000000
000000000100000000000000000000000000000000000000000000000011000000000000000000000000000000000000000000000110000000000000000000000000000000000000000000
000000000000000000000000000000000000000000000000000000000011000000000000000000000000000000000000000000000000000000000000000000000000000000000000000000
000000000000000000000000000000000000000000000000000000000000000000000000000000000000000000000000000000000000000000000000000000000000000000000000000000
000000000000000000000000000000000000000000000000000000000000000000000000000000000000000000000000000000000110000000000000000000000000000000000000000000
000000000000000000000000000000000000000001100000000000000000000000000000000000000000000100000000000000000110000000000000000000000000000000000000000000
000000000000000000000000000000000000000001100000000000000000000000000000000000000000001010000000001000000000000000000000000000000000000000000000000000
000000000010000000000000000000000000000000000000000000000000000000000000000000000000000100000000010100000000000000000000100000000000000000000000000000
000000000101000000000000000000000000000000000000000011000000000000000000000000000000000000000000010010000000000000000000111000000000000000000000000000
000000000101000000000000000000000000000000000000000011000000000000000000000000000000000000000000001100000000000000000000000010000000000000000000000000
000000000010000000000000000000000000000000000000000000000000000000110000000011000000000000000000000000000010000000000000100010000000110000000000000000
000000000000000000000000000000000000000000000000000000011000000000110000000000000000000000000000000000000010000000000000100010000001001000000000000000
000000000000000000000000000110000000000000000000000000011000000000000000000110000000000000000000000000000010000000000000011100000001001000000000000000
000000000000000000000000000110000000000000000000000000000000000000000000000010000000000000000000000000000000000000000000001100000000110000000000001100
000000000000000000000000000000000000000000000000000000000000000000000000010100000000000000000000000000000000000000000000001110000000000000000000010010
000000000000000000000000000000000000000000000000000000000000000000000000100010000000000000000000000000000000000000000000010010000000000000000000001100
000000000000000000000000000000000000000110000000000000000000000000000000110011000000000000000000000000000000000000000000011011000000000000000000000000
000000000000000000000000000000000000000110000000000000000000000000000000010010000000000000000000000000000110000000000000001011110000000000000000000000
000000000000000000000000000000100010000000000000000000000000000000000000001100000000000000000000000000000110000000000000001110111000000000000000000000
000000000000000000000000000000100001000000000000000000000000000000000000000000000000001100000000000000000000000000000000011100110000000000000000000000
000000000000000000000000000000100010000000000000000000000000000000000000000000000000001100000000000000000000000000000000100000100000000000000000000000
000000000000000000000000000110001100000000000000000000000000000000000000000000000000000000000000000000000000000000000000110000000011000000000000000000
000111000000001000000000001001000000000000000000000000000000000000000000000000000000000000000000000000000000000000000000000000000011000000000000000000
000000000000001000000000001001100000000000000000000000000000000000000000000000000000000000000000000000000000000000000000000000000000000000000000000000
010000000000001000000000010011000000000000000000000000000000000000000000000000000000000000000000000000000000000000000000000010000000000000000000000000
010000000000000000000000011110000000000000000000000000000000000000000000000000000000000000000000000000000000000000000000001101100000000000000000000000
010000000000000000000000000000000000000000000000000000000000000111000000000001100000110000000000000000000000000000000000011001100001000000000000000000
000000000000000000000000000000000000000000000000000000000000000000000000000001100001001000000000000000000000000000000000011011000001000000000000000000
000000000000000000000000000000000000000000000000000000000000000000000000000000000000110000000000000000000000000000000000011011000001000000000000000000
000000000000000000000000000000000000000000000000000000000000000000000000000000000000000000000000000000000000000000000000000100000000000000001100000000
000000000000000000000000000000000000010000000000000000000000000000000000000000000000000000000000000000000000000000000000000000000000000000001100000000
000000000000000000000000000000000000111000000000000000000000000000000000000000000000000000000000000000000000000000000000000000000000000000000000000000
000001000000100000000000000000000001100100000000000000000000000000000000000000000000000000000000000001100000000000000000000000000000000000000000000000
000011000001010000000000000000000001101100000000000000000000000000000000000000000000000000000000000001100000000000000000000000000000110000000000000000
001100100100001000000000000100000000001110000000000000000000000000000000000000000000000000000000000000000000000000000000000000000000110000000000000000
001001101011001000000000000100000000101100000000000000000000000000000000000000000000000000000000000000000000000000000000000000000000000000000000000000
001000001100011000000000000100000000010000000000000000000000000000000000000000000000000000000000000000000000000000000000000000000000000000000000000000
000100010000110000001000000000000000000001000000000001000000000000000000000000000000000000000000000000000000000000000000000000000000000000000000000000
000010010000000000001000010000000000001000010000000001000000000000000000000000000000000000000000000000000000000000000000000000000000000000000000000000
000001100000000000111001100000000000010000001000000000000000000000000000000000000000000000000000000000000000000000000000000000000000000000000000000000
000001101000000111110000110000000000010011000100000001000000000000000000000000000000000000000000000000000000000000000000000000000000000000000000000000
101000100000001100100000000000000000000000010100000100110000000000000000000000000000000000000000000000000000000000001000000000000000000000000000000000
111000010010110100000000000000000000000000000110001100100000000000000000000000000000000000000000000000000000000000010100000000000000000000000000000000
111000100110100010000000000000000000000000010100000101100000000000000001000000000000000000000000000000000000000000100100000000000000000000000000000000
000001010000000000000000000000000000000000011000000000000000000000000011100000000000000000000000000000000000000000011000000000000000001100000000000000
000010001000000000000000110000000000100000000000000000000000000000000100110000000000000000000000000000000000000000000000000000000000010100000000000000
000010010000000000000000110000000001010000000000000000001100000000000110001000000000000000000000000000000000000000000000000000000000001000000000000000
000100111110000000000000000000000000000000000000000000001100000111000000001100000000000000000000000000000000000000000000000000000000000000000000000000
001101011001000010000000000000000001110000000000000000000000001000000000001110000000000000000000000000000000000000000000000000000000000000000000000000
000110001010000101001100000000000000000000000000000000000000010001000000001100000000000000000000000000000000000000000000000000000000000000000000000000
000000000100001001001100000000000000000000000000000000000000001010000110001000000000100000000000000000000000000000000000000000000000000000000000000000
000000000000000110000000000000000000000110000000000000000111001010000100110000000001010000000000000000000000000000000000000000000000000111000000001100
000000000000000000000000000010000000101101000000000000000100010100000011100000000010010000000000000000000000000000000000000000000000000000000000001100
000000000000000000000000000010000000111010000000000000000100110010000001000000000001100000000000000000000000000000000000000000000000000000000000000000
000000000000000000000000000000111100011000000000000000000010000100000000000000000000000000000000000000000000000000000000000000000000000000000000000000
000000000000000000000000000000010110011000000000000000000001111000000000000000000000000000000000000000000000000000000000000000000000000000000000001100
000000000000000000000000000000001011101100010000000000000001110001110000000000000000000000000000000000000000000000000000000000000000000000000000001100
000000000000000000000000000000000000100011110000000000000000000000000000000000000000000000000000000000000000000000000000000000000000000000000000000000
000000000000000000000000000000000000010111010000000000000000000000000000000000000000000000000000000000000000000000000000000000000000000000000000000000
000000000000000000000000000000000001000110100000000000000000000000000000000000000000100000000000000000000000000000000000000000000000000000000000000000
000000000000000000000000000000000001001010100000000000000000001100000000000000000001010000000000000000000000000000000000000000000000000110000000000000
000000000011000001100000000000000010000011000000000000000000001111000000000000000001010000000000000000000000000000000000000000000000000110000000000000
000000000011000001100000000000000110101011000000000000000000110000100000000000000000100000000000000000000000000000000000000000000000000000000000000000
000000000000000000000000000000000111010011000000000011000000110110100000000000000000000000000000000000000000000000000000000000000000000000000000000000
000000000000000000000000000000000000000100000000001111100000111111000000000000000000000000000000000000000000010000000000000000000000000000000000000000
000000000000000000000000000000000000000000000000001110110000000000000000000000000000000000000000000000000000101000000000000000000000000000000000000000
000000000000000000000000000000000000000000000000001000110000000100000000000000000000000000000000000000000001001000000000000000000000000000001100000000
000000000000000000000000000000000000000000000000000000101110000110000000000000000000000000000000000000000000110000000000011000000000000000010010000000
000000000000000000000000000000000000000000000000001001011110000001000000000000000000000000000000000000000000000000000000011000000000000000010100000000
000000000000000000000000000000000000000000000000000000000001000110000000000000000000000000000000000000000000000000000000000000000000000000001000000000
000000000000000000000000000000000000000000000000000000000011000100000000000000000000000000000000000000000000000000000000000000000000000000000000000000
000000000000000000000000000000000000000000000000000000000010000000000000000000000000000000000000000000000000000000000000000000000000000000000000000000
000000000000000000000000000000000000000000000000000000011010100000000000100000000000000000000000000000000000000000000000000000000000000000000000000000
000000000000000000000000000000000000001100000000000000001111000000000001010000000000000000000000000000000000000000000000000000000000000000000000000000
000000000000000000001100000000000000001100000000000000000100000000000001010000000000000000000000000000000000000000000000000000000000000000000000000000
000000000000000000001100000000000000000000000000000000000000000000000000100000000000000000000000000000000000000000000000000000011000000011000000000000
000000000000000000000000000000000000000000000000000000000000000000000000000000000000000000000000000000000000000000000000000000100100000100100000000000
000000000000000000000000000000000000000000000000000000000000000000000000000000000000000000000000000000000000000000000000000000011000000011000000000000
000000000000000000000000000000000000000000000000000000000000000000000000000000000000000000000000000000000000000000000000000000000000000000000000000000
000000000000000000000000000000000000000000000000000000000000000000000000000000000000000000000000000000000000000000000000000000000000100000000000000000
000000000000000000000000000000000000000000000000000000000000000000000000000000000001000000000000110000000000000000000000000000000001010000000000000000
000000000000000000000000000000000000000000000000000000000000000000001100000000000001000000000000110000000000000000000000000000000001010000000000000000
000000000000000000000000000000000000000000000000000000000000000000001100000000000001000000000000000000000000000000000000000000000000100000000000000000
000000000000000000001100011000000000000000000000000000000000000000000000000000000000000000000000000000000000000000000000000000000000000000000000000000
000000000000000000010010011000000000000000000000000000000000000000000000000000001000000000000000000000000000000000000000000000000000000000000000000000
000000000000000000010100000000000000000000000000100000000000000000000000000000010100000000000000000000000000000000000000000000000000000000000000000000
000000000000000000001000000000000000000000000001010000000000000000000000000000010100000000000000000000000000000000000000000000000000000000010000000000
000000000000000000000000000000000000000000000001010000000000000000000000000000001000000000000000000000000000000000000000000000000000000000101000000000
000000000000000000000000000000000000000000000000100000000000000000000000000000000000000000000000000000000000000000000000000000000000000000101000000000
