00000000000000000000000000011001001000000000110000
00000000000000000000000000110001100000000000001000
00000000000000000010000001001001010000000000000000
00000000000110000010000000111100010000000000000000
00000011010110000000000000010010010000000000000000
00000111010001000000000000000000010000000000001100
00000000110110000000000000000001110000000000001100
00010000011100000000000000000010001000000000000000
00010010010000000000000000000011001000001000000000
00000000000000110000000000000100011000001100000100
00000000010000110000000000000011100000000000000010
00000010110000000000000000000011100000011000000010
00000001000000000000000000000000000000000000101100
00000000000000000000000000000000000000000000111000
00000000000000000000000000000000000000000000010000
00000000000000000000000000000000000000000000000000
00000000000000000000000000000000000000000000000000
00000000000000000000000001000000000000000000000000
00000000000000000000000010100000000000000000000000
00000000000000000000000010100000000000000000000000
00000000000000000001000001000000000000000000000000
00000000000000000011000000000000000000000000000000
00000000000000000101000000000000000000000000010000
00000000000000000000000000000000000000000000101000
00000000000000000000000000000000000000000000011000
00000000000000000000001010000000000000000000000000
00000000000000000000001010000000000100000000000000
00000000000000000001011010000000000100000000000000
00000000000000000000010000000000000000000000000000
00000000000000000000110000000000000000000000000000
00000000000000000000000000000000010100000000000000
00000000000000000000000000000000011100000000000000
00000000000000000000000000000000000000000000000000
00000000000000000000000000000000000000000000000000
00000000000000000000000000000000000000000000000000
00000000000000000000000000000000000000000000000000
00000000000000000000000000000000000000000000000000
00000000000000000000000000000000000000000000000000
00000000000000000000000000000000000000000000000000
00000000000000000000000000000000000000000000000000
00000000000000000000000000000000000000000000000000
00000000000000000001110000000000000000000000000011
10000000000000000000000000000000000111000000000100
00000000000000000000000000000000000000000000000011
00000000000000000000000000000000000000000000000000
00000000000000000000000000000111000000000000000000
00000000000000000000000000000100100000000000000000
00000000000000000000000000000011000000000000000000
00000000000000000000000000000001001000000000000000
00000000000000000000000000000000000100000000011000
