001101001100000000000000000000000000000000000000000000000000000100000000000110101000000000000000000000000010111000000000000000110110000010001000000011
001100010000000000000000010001000000000000000000000000000000010100000000000010101000000000000000010000000000110000000000000000010100000110001000000000
010000000000001000000000011011000000000000000000000000000000100100000000000001010000000000000001101100010011100000000000000000001000000100000000000000
011001100000010100110011011100000000000000000000000000000000011100000000000000000000000000000000000100011101110000000000000000000000000110000000000000
001011000000001000100010000000000000000000010000000000000000000000000000000000000000000000000000000011011010100000011100000000000000000110000000000000
100001000011100000100010000000010000000001110001000000000000000011000000000000000000000000000000000000000111000000010011000000000110001111000000000000
000010000100100000100000000000101110100001100000100000000000000010100000000000000000000000000000000000111011000000011011000000011111101100000000000001
000010000010010000010100000001001000100001110001100000000000000001100000000000000000000000000000000000001100000000000110000000010000101001000011100000
001000000010001100000000000100000100000000010000000000000000000000000000000000000000000000000000000100000000000000000000001100100000100010000101100000
000000000010001100000000001101001000100000000000000000000000000000000000000000000000000000000000000100100000000000000000011000001000111110000100010000
000000000000000000000000000100001010000000000000000000000000000000000000000000000001110000000000000101000000000000000010001000001000100000000110110000
000001000011011000000000000111001100000000001100000000000000000000000000000000000011001000000000000100000000000000000100000100000000110010000010000000
000010100011011000000000000001000000000000001100000000000000000000000000000000000100011000000000000010100000000000001110000000000000000001000000010000
000000000000000000000000000000000000000000000000000000000000000000000000000000001001110000000000000001100011000000001110000000000000000001100000001000
000010001000000000000000000000000000000000000000000000000000000000000000000010010011000000000000000000000110100000010010000011100000000111100000010000
011000001100000000000000000000000000000000000000000000000000000000000000000010010010000000000000000000000000000000010010000100010000011100001000000000
011001110011000000000000000000000000000000000000000000000000000000000000000010001100000000000000000000000000010000010100001000001000100010000100000000
000000000011000000000000000000000000000000000000000000000000000000000000000000000000110000000000000000000000011000000000001000001001000101011000000000
000000000101000000000000000000000000000000000000000000000000000000000000000000000000110000000000000000000000101000000000000001100101000001011000000000
000000011000000011000000000000000000000000000000000000000111000000000000000000000000000000111000000000000000010000000000000101000100110010110100000000
000000010011000011000000000000000000000000000000000000010110100000000000000000000000000000010100001000000000000000000000000000100000000010001000000000
000000001100010000000000000000000000000000000000000000100010100010000000000000000011100011000110011000000000000000000000000000000000110110001001000000
000011100000011000100000000000000000000000001100000000000001100111000000000000000011100010111100110000000000000000000000001010011000100110001110000000
000011000000011001001000000000000000000000001100000000111010001000100000001110000100010001110000000000000000000000000000010111001101001101110010000000
000100010000000000000000000000000000000000000000000011111100011101110000001010001100000000000000000000000000000000000000010001100001010000100000000000
000110011000000001001000000000000000000000000000000000011100001000010000010010000110000000000000000000000000000000000000000111110000001001100000000000
000110110110000000010000000000000000000000000000000000011000001110111000010100000100000000000000000000000000000000000000000010100000011110000000000000
000010011110000110000000000000000000000000000000000011011000000100010000011100001100000000000000000000000000000000000000010001100000001000000000000000
000001100001000110000000000000000000000000000000000000111000000011100000000000011100000110000001000000001110000000000000110100100000000000000000000000
000001100010000000000000000000000000000000000000000000000000000001000000000000000010001001000010000000010010000001100001100101100000000000000000000000
000000000010000000000000110000000111111000100000000000000000010000000000000000001101100110000100010000011010000010010001010001100000000000000000000000
000100000010000000000001001000010110111100011001100000000000110000000000000000000000100000000010010000000000000001100001100001010000000000000000000000
000100000010000000000000110000110000001100001001100000000000100000000000000000010000000000000111100000000000000000110000000000000000000000000000000000
000000100010000000000000000001110000000000111000000000000000000000000000011000000001000000010110000000000000000000001000001011110000000000000000000000
000011001000000000000000000000000000000000000000000000000000000000000000011000100010000000010010000000000111000000001000001111100000000000000000000000
000010011100001100000000000000100010000000000000000000001110000000000000000000100001100000000011000001100000100000000000001001011000000000000001000000
000000011100101000000000000000011010000000000000000000000001000000000000000001111110000000111111110110000000000110010000000010010000000000000010110000
000000011100001000000000000000011110000000000000000000000011000000000000000000011010000000100000110010100001000010100100000001100000000000000100000000
001100011000001000000000000000001110001100000000000000000011100000000000000000000000000000011101011110000000011010100010000000000000000010000101011000
001010100001001000000000000000001111001100000000000000000000000000000011000000000000000000100100000000000000011011100110000000000001100010000100011000
000111110001010000001000000000011110111100000000000000000000000000001101000000000000000000010000001000000000000001100100000000000001110111000000111000
000000110011010000010110000000001111110000000000000000000000000000001010000000000000000000000000000000000000001110000000000000000000000001100000111110
000001111101100000010001000000000111000000000000000000000000000000110000000000000000000000000000000000000000001110000000000000000000000001100000100110
000001101101000000011000100000000000000000000000000000000000010000111000000000000000000000000000000000000000001100000000000100000000000000001000011100
000000000110000000000011000000000000000000000000000000000000000000000000000000000000000000000000000000000000010010000010000100000000000000111000001000
000000110010000000000100000000000000000000000000000000000000000000000000000000001000000000000000000000000000010000000101000000000000000100001000000000
000000000100000000000000000000000000000001000000000000000000000010000000000000010100000000000000000000000000001000001000000000000000000001001100000000
000001000100000011010000000000000000000101000000000000000000000111000000000000100010000000000100000000000000011000001000000000000000000000100010000000
000000100000000010001100000000000000000101000010000000000000000111001000000000000010000000000000000000000000001100001110000000000000000000100110000000
000000000000000110000100000000000000000000000001000000110000000000011000000001001110000110011000000000000000000100000000000000000000000000011110000000
000000000000000001010111100000000000000000000001100001010000000000010000000001001100001110000000010000000000000100000000000010000000000000000011001100
000000000000000000100110010000000000000000000011000011001100010000001000000110101000001100011011101000000000000100000000000111000000000000000000010010
000000000000000000010000101000000000000000000000000011001011101000000000011101000000011000100111011011000000000000000000001000100000000000000000001110
100000000000000001010000001000000000011100000000000000000010101000000000001001101110011001000000001110000000000000000000000111000100000000000000000011
000000001101000111101000001001100000101111000000000000011010010000000000000110000011111001001000000100000111000000000000000010001010000000000000000101
000000001000000111001100001000000001101000100000101000001110000000000000000000000001001001010000000000000001000000000000000001011001000000000000000110
000000001010010110001110000000100000101011000000010000000011100010000000000000000000111001000000000000010001000000000000000001110110000000000000000000
000000000000001110000011000000000000011110000000000001010010000000000000000000000000010100111000000000001000000000000000000000110000000000000000000000
000000000000000000000001000000100000001000000000000001100010000000000000000000000000001100000100000000001000111000000000000001000000000000000000000000
000000000010000000000001000011000000000000000000000000000001000000000000000000000000011000111000000000000000111000000000001111000000000000000000000000
000000000101100000000001011000000001000000000000000000000001101000010000000000000000110000110000000000000000000000000000010001000000000000000000000000
010100000101000000000000001100000010100000000000000000000000100100110000000000000000100000000000000000000000000000000000000011100000000000000000000000
100100000000110000000001011000000100100011000000000000000000011101100000000000000000000000000000000000000000000000000000011000100000001000000000000000
100100000100001000000001110000000011000000100000000000000000001001001000000000000000000000000000000000000000000000000000000000000000010000000000000000
011000000100011000000000100000000000000011000000000000000110000001000100000000000001100000000000000000000000000000000000000000000000111000000000000000
000000000100101000000000000000000000000000000000000000001111000000111001100000000000110000000000000000000000000000000000000011000000011000100000000000
000000000010000000000000000000000000000000000000000000011101100011000101100000000000000000000010000000000111000000000000000111100000000000010000000000
000000000001110000000000000000000000011000000000000000011001000101000001100000000000000000000101000000001100100000000000001000010000000000101000000000
000000000001110000000000000000000000011000000000001000011010000000000011100001100000000000000101000000000000000000000000000110000000000000101000000000
000000000000000000000000000000000000000000000000001000100000000000000011000001000000000000000010000000000111100000000000000000000000000000110000000000
000111100000000000000000000000000011000000000000001101101100000001000011000000111100000000000000000011111110000000000000000111000000011000000000000000
000101100000000000000000000000000011100000000000000000001000000000000110011000000000000000000000000010001000000000000000001000000000011000000000000000
000000100000000000000000000000000001100010000000001100101000000000000110001000011000000000000000000100100000000000000000000100000000000000100000000000
000000000000000000000000000000000001110101000000000110011001100000000110001100000000000000000000000011000011100000000000000000000000000011010000000000
100000000000000000000000000110000000001000100000000000011000011100000110011000000000000000100000000000000110100000000000000000000000000110001000001101
001010000000000000000000001001000001101000000000000000101011101100000100010000000000000001010000000001001000000000000000000100000000001010001000010000
011000000000000000000000000001000001001000000000000000010100000100001000100000000000000001001001100010100110000000000000001010000000011000000100001101
001011000000000000000000001100000011010010010000000000000001000010011101000001110000000000101001100100010010000000000000001001000000001000001000000001
100001000100000000000000000000000011000010100000011000000001000100001110000010000100000001001001010010100000000000000000000110000110001000011000000000
000000001010000000000001100000000001100001000001110000000000001000000100000001000010011101110000000001000000000110011000000000000001000010100000000011
000000001110100000000010010000000011000000000010000100000000000000000000000000010000000000100000000000000000000111011000000000000111000001100000000000
000000000011011100000000000000000010000000000000111000000000000000000000001000001000000111010000000000000001001001001100000000000011000001100000000000
000000000000110010000100000000000000000000000001100000000000000000000000011111000100011000000000000000000010000011010000000000000011100000000000000000
000000000000000000000100001000000000000000000000000000000000000000000000000000000000010000000000000000000010111100010000000000000001100000000000000110
000000000000110110000000001100000000000000000000000000000000000000000000110100110010100000011000000000000001110011000000000111000011100000000000000110
000000000000111000000011110000000000000000000001000000000000000000000000110000000011100000011011000000000000000000000000000011000000000000000000000000
000000000000110000000000000000000000000000000001000000000000000000000000001100000000000000100011000000000000000000000000000010000000000000000000000000
000000000000000000000000000000000000000000000001000000000000000000000000000100100000000000011000100010000000000000000000001100000000000000000000000000
110000000000000000000001100000000000000000000000000000000000000000000010001111000000110000011011000101000000000000000000011010110000000000000000000001
000000000000000000000001100000000000000000000000000000000000000000000101011000000000101100000011001011000000000000000000000000101000000000000000000000
000000000000000000000000100000000000000000000000000000000000000000000101011000000000001100000000011011000110000000000000000010000100000000000000000000
000000000000000000000000000000000000000011000001000000000000000000000010000000000000001000000000001010001001000000000011011110010110000000000001100000
000000000001010000111000101110000000000011000001000000000000000000000000000000000000001100000000000100010010000000000100100010000110000000000001100000
000000011010000011011001100110000000000000000000000000001000000000000000000000000000100000000000000000010110000000000011000001111001000000000000000000
000001100101000101001000000000000000000000000000000000010000000000000000000000000000110100000000000000100010000000000000000000110001000000000000000000
000000000000110101000010000011000010000000000000000000100100000000000000000000000000000010000000000000010110000000000000000000000000010000000000000000
000000000000000000000011001100000111000000000000000000000001100011000000000000100000100000100000000000000001000000000000000000110001000000000000000000
001110100000000100000011010000001101100000000000000010000000010100100001000001010000000110110000000000000101000000000000000001100000111000000000000000
011000100000000001100100000000000111000000000000000100000100010010100110110010001100000001101100000000000010000000000000000011000000000000000000000000
010110000011100000000000000000000010000000000000001000000100001011000001000001000010000001000100000000000000000000000000000000100000000000000010011000
011000000000000000001100000000000000110000000000001000101000001000000000000000111010001001000100100000000000000000011000000000000000000001110110011000
001000001000000000011100000000000000000100000000001100001000001000000000000000000000000110000001100000000000000000100100000000000000000000011010001100
000000101100000000011010000000000001000100000011100000000001101000100000000000000110000000000000000000000000000000101000000000000000000000001000000000
000110000000000001010100000000011000101000000000000000000000000001110000001000000000000100000001010000000000000000010000000000000000000000011100000110
000000000000000111010100000000100000000000000000000000000000000011001000001000000011001010000100110000000000000000000000000000000000000000010100010010
000100000000001100110000000000000000100100000000000000000000000010101000001000000001010000000000000000110000000000000000000000000000000000110000010000
000000000000001101100001100000000110100000000000000000000000000110110000000000000001100100000000000011010000000000000000000000000000000000100000001000
011011001110001101000010010001001000000000000000000000000000000110100000000000101101101100000000000101000000000000000000000000000000010000010000011110
101011001010000110000011000001010001101100000001100000000000010011000000101000101101000100000000001000000000000000000000000000010000100100010000000110
110110100000000000001000000000011001101100000001100000000000010001000000101100101000001000000000001110000000000000000000000000101000000000000000010110
000001000000000000000010000000110001101100000000000000001110100000000001000110100000111000000000000000000000000000000000000001001000100010000000110010
000000000000000000010010000000000000111110000000000011101101110001100001000000010000111000000000000100000000000000000000000000111000001100000000011011
000000000000000000000110000000000001100000000000000011100010110010000001110110100000110111101100000110000000000000000000000000011000000000111000001001
000000000000000000000000000000000100001000000000000011000000010100000000010001000000000100001110000100000000000000000000000000110000000000110111010001
100000000000000000000000101000000000111000000000000000000000001100011100000000000000001001001100000000000000000000000000001000000000000000111001110111
000000000000000000000000101000001010011100000000000000000100101000011110000000000001000011000000000000110000010000000000001000110000000000000000000000
100000000000000000000000010000011101000111000000000000001010110000100011000000000000001000000110000001110000101000000001100000010000000000000000111001
000001000000000000000000000000111001000111000000000000011000001010000001000000000000100100001110000000000000100000000001100111110000000000001000101010
000010100000000000011100000000111011100011000000000000011011100100000000000000000000000100000000000000000000000000000001100000001000100000000101001001
000100010000000000100001000000011000000000000100000000011011001000000000000000000000001010011000100000000100000000000000011101000001100000000010001010
000100010000000000011000110000000000100010000000000000001011000000000000000000000000000101001000010000001010010010000000000101011010000010000000000010
000100010000000000000001110000000000100000000000000000000100000000000000000000000000000000101110100000000011110001000000000000100001111010000000000011
000010100000000000000000000000000000100000000010000000000000000000000000000000000000000000110000000000000001100101000000000000000000111100000000000101
000001000000000000000000000000000000000000001101000000000000000000000000000000000110000000000000000000000111100010000000000000000000000000000100000001
000000000000000000000000000000000000000000110101100001110000000000000000000000000110000000000000000000000110000000000000000000000000000000001000001110
000000000000000000000000000001100000000000110101100001100000011000000000000000000000000000000000000000000000000000000000000000000000000000000010001110
000000000000000000000000000101100000000000000010110111010000011000001100000000000000000000001100000000110000000000000000000110011000000000010010000010
000000000000000000000000001000110000000000000000100100100000000000000000000000010000000010001011000001001000000000001100000001100100000000000010000000
000000000000000000000000001101101100000000000000100010000000000000000000001100110000000011101010100001000100000000010010000110011000001101000010011000
000000000000000000000000001000000100000000000001001101110000000000000000011001110000000110011000110011100100000000001100000000000001100001000100000000
000000000000000000000000001100000100000000000000110111011000000000000000011001000000000110000010010010111000000011000000000000000000001101101000010110
001000000000000000110000001000001000000000000000110000011000110110000000011000000001101100000111111011010000000000000000000011100000000010010000000000
101110000000000001010000001100000000000000000000001000010010111011000000000100001111011011010000011000110011000010100000001100100000000010100000101010
100010000000000001100011000100100000000000000000000000101100100100000000000000001110100000100000001010010011000001010000000111000000000010000000000010
100010000000000000000011000011000000000000000000000010000111000000000000000000101000000000000000000110000111000000000000000010000010001000110001010011
100110000000000000000000000000000000000000000000000010000000000000000000000011100000000000010000000000000110011000000000000000000010001111110001000001
100010001100000000000000000000001000000000000000000000000000000000000000000000000110000000101000000000000000000010000000000000000000000101000000011100
100110010100000000000000000000011100000000000000011100000000000000000000000000000110000000110000000000000000000001000000000000000000000000000000011000
001010101000000000000000000000111110000000000000100010000000000000000000010000000110000000000000000000000000001111100000000000000100010000000000000000
000001100000001000000000000001100000000000000001000010000000000000000000010000000000000000000000000000000000000001110000000000000100110000000000000000
000111000000001000000000000011100000000000000001101110000000000000000001110000000000000000000000000000000000000000100000000000000000000111000000000000
000011011100000000000000000001100000000000000000100100000001000000000001110000000000000000000000011000000000000110000000000000000000001010100000000000
000001010000000000000000000000110001110000000000101000000010100000000000010000000000000000000000000000000000000110000000000010010000001010010000000000
110000000000000000000000000000011100110000000000000100000010100000000001010000000000000000000011000000000000000001101000000010011000011011100010000000
000000000000000000000000000000000110110000000101101000000001000000000000000000000000000000000011000000000000000000010000011110001010001111000111000001
101000000000111000000000011100000100100000000100010000000000000000000000000000000000000000000011000000000000000000011000111100000111011100000101100000
000000000000000000000000011011000011000000000100000000000000000000000010111000000000000000000000000000000000000011110001110100011011100000000001010000
100000000000000000000000010001000000000000000000000000000000000000000101000100000000000000000000000000000001000100110001011000001000111000000000100010
110000101000000000000000000000000000000000000000110000000000000010001001010100000000000000000000000000001111101101100000110000001000000000000000000110
000001000010000000000000010001000000000000000000110000000000001100000110000010010000000000000000000000001111011111000000000000000000000000000000000001
