000000000000000000000000010000000000000000000000000000000000000000000000000000000000000000000000000000100000100110011000000000000000001000010000000000
000000000000000000000000000000000000000000000110000000000000000000000000000000000000000000000000001000011001000010100000000000000000001000000000000000
000000000000000000000000000000000000000000000110000000000000000000000000000000000000000000000000001000000001000010000000000000000000001000000000000000
000000000000000000000000000000000000000000000000000000000000000000000000000000000000000000000000001000000000000111000000000000010000000000000000000000
000000000000000000000000000000000000000000000000000000000000000000000000000000000000000000000000000000000000001101100000000000010000000000000000000000
000000000000000000000000000000000000000000000000000000000000000000000000000000000000000000000000000000000000011101110000000000010000000000000000000000
000000000110000000000000000000000000000000000000000000000000000001100000000000000000000000000000000000000000011101110000000000000000000000000000000000
000000001001000000000000000000110000000000000000000000000000000001100000000000000000000000000000000000000000000001110000000000000000000000000000000000
000000001001000000000000000000110000000000000000000000000000000000000000000000000000000000000000000000000000000001100000000000000000000000000000000000
000000000110000000000000000000000000110000000000000000000000000000000000000000000000000000000000000000000000000000000000000000000000000000000000000000
000000000000000000000000000000000000110000000000011000000000000000000000000000000000000000000000000000000000000000000000000000000000000000000000000000
000000000000000000000000000000000000000000000000011000000000000000000000000000000000000000000000000000000000000000000000000000100000000000000000000000
000000000000000000000000000000000000000000000000000000000000000000000000000000000000000000000000000000000000000000000000000000100000000000000000000000
000000000000000000000000000000000000000000000000000000000000000000000000000000000000000000000001000000000000000000000000000000100000000000000000000000
000000000000000000000000000000000000000100000000000000000000000000000000000000000000000000000010100000000000000001100000000000000000000000000000000000
000000000000000000000000000000000000001010000000000000000000000000000000000000000000000000000010100000000000000001100000000000000000000000000000000000
000000000000000000000000000000000000001010000000000000000000000000000000000000000000000000000001000001000000000000000000000000000000000000000000000000
000000000000000000000000000000000000000100000000000000000000000000000000000000000000000000000000000110000000000000000000000000000000000000000000000000
000000000000000000000000000000000000000000000000000000000000000000000000000000000000000000110000000011000000000000000000000000000000000000000000000000
000000000000000000000000000000000011000000011000000000000000000000001000000000000000000001001000000000000000000000000000000000000000000000000000000000
000000000000000000000000000000000100100000100100000000000000000000010100000000000000000000110000000000000000000000000000000000000000000000000000000000
000000000000000011000000000000000011000000011000000000000000000000001000000000000000000000000000000000000110000000000011100000000000000000000000000000
000000000000000011000000000000000000000000000000000000000000000000000000000000000000000000000000000000000110000000000000000000000000000000000000000000
000000000000000000000000000000000000000100000000000000000000000000000000000001000000000000000000000000000000000000000000000000000000000000000000000000
000000000000000000000000000000000000001010000000000000000000000000000000000010100000000000000000000000000000100000000000000000000000000000000000000000
000000000000000000000000000000000000001010000000000000000000000000000000000010010000000000000000000001000001110000000000000000000000000000000000000000
000000000000000000000000000000000000000100000000000000000000000000000000000001100000000000000000000111100001001000000000000000000000000000000000000000
000000000000000000000000000000000000000000000000000000000000000000000000000000000000000000000000000110010000110110000000000000000000000000000000000000
000000000000000000000000000000000000000000000000000000000000000011000000000000000000000000000000000000000000000110000000000000000000000000000000000000
000000000000000000000000000000000000000000000000000000000000000011000000000000000000000000000000100010000001000100000000000000000000000000000000000000
000000000000000000000000000000000000000000000000000000000000000000000000000000000000000000000000100000100001100100000000000000000000000000000000000000
000000000000000000000000000000000000000000000000000100000000000000000000000000000000000000000001100000100000111000000001000000000000000000000000000000
000000000000000000000000000000000111000000000000000100000000000000000000000000000000000000000000111000100000010000000010100000000000000000000000000000
000000000000000000000000000000000000000000000000000100000000000000000000000000000000000000000000011110000000000000000100000000000000000111000000000000
000000000000000000000000000000000000000000000000000000011000000000000000000000000000000000000000001000000000000000000010000000000000000000100001000000
000000000000000000000000000000000000000000000000000000100100000000000000000000000000000000000000000000000000000000000000100000000000001000100011000000
000000000000000000000000000000000000011000000000000000011000000000000000000000000000000000000000000000000000000000000011100000000000001000010110000000
100000000000000000000000000000000000011000000000000000000000000000000000000000000000000000000000000000000000000000000000010000000000000000100000000001
100000000000010000000000000000000000000000000000000000000000000000000000000000001000000011000000000000000000000000000001000000000000000100100000000001
000000000000101000000000000000000000000000000000000000000000000000000000000000010010001111000000000000000000000000000001001000001100000000000100011000
000000000000010011100000000000000000000000000000000000000000000000000000000000010010010000000000000000000000000000000000110000001100000000000101100100
000000000000000010010000000000000000000000000000000000000000000000000000000000000100100000000000000000000000000000000000000000000000000000000110001000
110000000000000000010000000000000000000000000000000110000000000000000000000000000000010010000000000000000000000000000000000000000000000000000000010000
001000000000000110010000000000000000000000000000001001000000000000000000000000000000001110000000000000000000000000000000000000000000000000000000000001
110000000001101010000000000000000000000000000000001010000000000000000000000000000000000100000000000000000000000000000000000000000000000000000000000110
110000000000001100000000000000000000000000000000000100000000000000000000000000000000000000000000000000000000000000000000000000000000000000000000000110
000000000000001000000000000000000000000000000000000000000000000000000000000000000000000000000000000000000000001110000000000000000000000000000000000001
000000000100010000000000000000000000000001100000000000000000000000000000000001000000000000000000000000000000000000000000000000000000000000000000000000
000000000000000000000000000000000000000001100000000000000000000000000000000001000000000000000000000000000000000000000000000000000011000000000000000000
000000000010010000000000000000000000000000000000000000000000000000000000000001000000000000000000000000000000000000000000000000000100100000000000000000
000001110100010000000000000000000001110000000000000000000000000000000000000000000000000000000000000000000000000000000000000000000100100000000000000000
000000000100010000000000000000000000000000000000000000000000000000000000000000000000000000000110000000000001100000000000000000000011000000000000000000
000000001000100000000000000000000000000000000000000000000000000001100000000000000000000000000110000000000001100000000000000000000000000000000000001000
000000000110000000000000000000000000000000000000000000000000000001100110000000000000011100000000000000000000000000000000000000000000000000000000011000
000000000000000000000000000000000000000000000000000000000000011000000110000000000000000000000000000000000000000000000000000000000000000001110000100100
000000001000000000000000000000000000000000000000000000000000011000000000000000000001000001000000000000000000000000000000000000000000000010110001100000
000000011100000000000000000011000000000000000000000000000000000000000000000000000001000001000000000000000000000000000000000000000000000010001001100000
000000110100000000000000000100100000000000000000000000000000000000000000000001100001000001000000000000000000000000000000000000000000000001101011100000
000000000000000000000000000011000000000000000000000000000000000000000000000010010000000000000000000000011000000000000000000000000000000001110000001100
110000000000000000000000000000000000000000000000000000000000000000000000000001010000011100000000000000011000000000000000000000011000000000110000000000
001000000000010000000000000000000000000000000000000000000000000000000000000000100000000000000000000000000000000000001100000000100100000001110000000011
001001000001110000000000000000000000000000000000000000000000000000000000000000000000000000000000000000000000000000001111110000100100000001010000000001
110001110000000011000000000000000000000000000000000000000000000000000000000000000000000000000000000000000000000000010011110000011000000001001000000000
000000101000001001000000000000000000000000000000000000000000000000000000000000000000000000000000000000000000000000011111000000000000000000101000000000
000000001000010001000000000000000000000000000000000000000000000000000000000000000000000000000000000000000000000000010000000000000000000000111000000000
000000001010010010000000000000000000000000000000000000000000000000000000000000000000000000000000000000000000000000000000000000000000000000000000000000
000000000000000000000000000000000010100000000000000000000000000000000000000000001100000000000000000000000000000000000000000000000000000000000000000000
000000000000000000000000000000000000000000000000000000000000000000000000000000001100000000000000000000000000000000000000000000000000000000000000000000
000000000000000000000000000000000000010000000000000000000000100000000000000000000000000000000000000000000000000000000000000000000000000000000000000000
000000000000000000000000000000001010010000000000000000000001010000000000000000000000000000000000000000000001000000000000000001100000000000000000000000
000000000000000000000000000000011100110000000000000000000001100000000000000001110001110000000000001100000001100000000000000001100000000000000000000000
100000110000000000000000000000001100010000000000000000000000000000000000000000001100110000000011000010000001110000000000000000000000000000000000000000
010000110000000000000000000000001101101000000000000000000000000000011000110110110001001000000010001001111000011000000000000000000000000000000000000001
010000000000000000000000000000000000111000000000000000000000000000011000110110010001110000011000000001001001001100000000000000000000000000000000000001
100000000000001110000000000000001110100000000000000000000000000000000000110110000000110000011001000001001001010000000000000000000000000000000000000000
000000000000001110000000000000001000011000000000000000000000000000000000001000000000000000011100000000001000000000000000001100000000000000000000000000
000000000000001110001110000000000000101000000000000000000000000000000000000000000000000001000000000010000000000000000000010010000000110000000000000000
000000000000001010010010000000000011110000000000000000000000000000000000000000000000000001000000000110110000000000000000010011000001001000000000000000
000000000000011101100001000001000001100000000000000000000000000000000000000000000000000001000000000000000000000000000000001110000000110000000000000000
000000000000110100000001000010100111000000000000000000000000000000000000000000000000000000000000000000000000000000000000000100000000000000000000000000
000000000000010110001110000100101100000000000000000000000000000000000000000000000000000000000000000000000000000000000000000000000000000000000000000000
000000000000001100111110000110000000000000000000000000000000000000000000000000000000000000000000000000011100000000000000000000000000000000000000000000
000000000000000000000110000011000000000000000001000000000000011100000000000000000000000000000000000000100010000000001001010000000000001100000000000000
000000000000000000000110000001100000000000000001000000110000000000000000000000000000000000000000000000110001000000110101100000000000001100000000000000
000000000000000000000101000000100000000000000001000001001000000001000000000000000000000000000000000000000000100000100110000000000000000000000000000000
000000000000000000000010000000000000000000000000000000110000000001000000000000000000000000000000000000000100100000010000000000011000000000000000000000
000000000000000000000000000000000000000000000000000000000000000001000000000000000000000000000000000000000000100000000000000000011000000011000000000000
001100000000000000000000000000000000000000000000000000000000000000000000000000000000000000000000000000110001000000000000110000000000000011000000000000
001010000000000000000000000000000000000000000000000000000000011100000000000000000000000000000000000000100010000000001101100000000000000000000000000000
000101000000000000000000011000000000000000000000000000000000000000000000000000000000000000000000000000011100000000011000100000000000000000000000000000
000010000000000000001100011000000110000000000000000000000000000000000000000000000000000000000000000000000000000000100011000000000000000000000001100000
000000000000000000001100000000000110000000000000000000000000000000000000000000000000000000000000000000000010000000011100000000000000000000000010010000
000000000000000000000000000000000000000000011000000000000000000000000000000000000000000000000110000000000100100000001000000000000000000000000010100000
000000000010000000000000000000000000000000011000000000000000000000000000000000000000000000000110001110001000100000000000000000000000000000000001000000
000000000010000000000000000000000000000000000000000000000000000000000000000000100000000000000000010110011010100000000000000000000000000000000000000000
000000000010000000000000000000000000000000000000000000000000000000000000000001000000000000000000000100000000000000000000000000000000000000000000000010
000000000000000000000000000000000000000000000000000000000000100000000000000001110000000000000000111000100001100000110000000000000000000000000000000101
000000000000000000000000000000000000000000000000000000000001010000000000000000000000000000000000010000010001000000110000000000000000000000000000000101
000000000000000000000000000000001110000000000000000000000001010000000000000000000000000000000110000000001110000000000000000000000000000000000000000010
000000000000000000000000000000000000000000000000000000000000100000000000000000000000000000000110000000000000000000000000000000000000000000000000000000
001100000010000000000000000000000000100000000000000000000000000000000000000000000000000000000000000000000000000000000000000000000000000000000001100000
010010000101000000000000000000000000100000000000000000000000000000000000000000000000000000000000000000000000000000000000000000000000000001000010010000
001100000100100000000110000000000000100000000000000000000000000000000000000000000000000000000000000000000000000000000000000000000000000010100001100000
000000000011000000000110000110000000000000000000000000000000000000000000000000000000000010000001100000000000000000000000000000000000000001100000000000
000000000000000000000000000110000000000000000000000000000000000000000000110000000000000010000001100000000000000000000000000000000000000000000000000010
000000000000000000000000000000000000000000000000000000000000000000000001010000000000000010000000000000000000000000000000000000000000001100000000000101
000000000000000000000000000000000000000000000000000000000000000000000001100000000000000000000000000000000000000000000000000000000000010100000000000101
000000000000000000000000000000000000000000000000000000000000000000000000000000000000000000000000000000011000000000000000000000000000001000000000000010
000000000000000000000000000000000000000000000000000000000000000000000000000000000000000000000000000000011000000000000000000000000000000000000000000000
000000000100000000000000000000000000000000000000000000000000000000000000000000000000000000000001100000000000000000000000000000000000000000000000000000
000000001010000000000000000000000000000000000000000000000000000000000000000000000000000000000001100011000000000000000000000000000000000000000000000000
000000001010000000000000000000000000000000000000000000000000001110000000000000000000000000000000000011000000000000000000000000000000000000000000000000
000000000100000000000000001100000000000000000000000000000000000000000000000000000000000000000000000000000000000000000000000000000000000111000000000000
000000000000000000000000001100000000000000000000000000000000100000100000000000000000000000000000000000000000000000000000000000000000000000000000000000
000000000000000000000000000000000000000000000000000000000001010001010000000000000000000000000000000000000000000000000000000000000000000000000000000000
000000000000000000000000000000000000000000000000000000000001010001010000000000000000000000000000011000000000000000000000000000000000000000000000000000
000000000001000000000000000000000011100000000000000000000000100000100000000000000000000000000000011000000000000000000000000000000000000000000000001100
000000000001000000000000000000000000000000000000000000000000000000000000000000000000000000000000000000000000000000000000000000000000000000000000001100
000000000001000000000000000000000000001000000000000000000000000000000000000000000000000000000000000000000000000000000000000000000000000000000000000000
000000000000000000000000000000011000001000000000000000000000000000000000000000000000000000000000000000000000000000000000000000000000000000000000000000
000000000000000110000000000000011000001000000000000000000000000000000000000000000000000000000000000000000100000000000000000000000000000000000000000000
000000000000001001000000000000000000000000000000000000000010000000000000000000000000000000000000000000000100000000000000000000000000000110000000000000
000000000000000110000000000000000011100000110000000000000100000000000011000000000000000000010000000000000100000000000000000000000000000110000000000000
000000000000000000000001100110000000000000110000000000001001000000000011000000000000000000101000000000000000000000000000000000000000000000000000000000
000000000000000000000001100110011000000000000000000000001001000000000000000000000000000001010000000000000000000000000000000000000000000000000000000000
000000000011000000000000000000011000001100000000000000000110000000000000000000000000000001100000000000000000010000000000000000000000000000000000000000
000000000101000000000000000000000000010010000000000000000110110000000000000000000000000000000000000000000000101000000000000000000000000000000000000000
000110000010000000000000000000000000001100000000000000000000111111100000011000000000000000000000000000000001001000000000000000000000000000001100000000
000110000000000000000000000000000000000000000000000000000110100111010000000000000000000000000000011000000000110000000000011000000000000000010010000000
000000000000000000000000000000000000000000000000000000000110000000110000000000000000000000000000100100000000000000000000011000000000000000010100000000
000000000000000000000000000000000000000000000000000000010001000000100000000000000000000000000000011000000000000000000000000000000000000000001000000000
000000000000000000000000000000000000000000000000000000100001001101100000000000000000000000000000000000000000000000000000000000000000000000000000000000
000000000000000000000000001100000000000000000000000000110000111100000000000000000000000000000000000000000000000000000000000000000000000000000000000000
000000000000000000000000001100000000000000000000000000001000100100000000000000000000000000000000000000000000000000000000000000000000000000000000000000
000000000000000000000111000000000000000000000000000000000100000000000000000000000000000000000000000000000000000000000000000000000000000000000000000000
000000000000000000000000000000000000000000000000000011000010000000000000000000000000000000000000000000000000000000000000000000000000000000000000000000
000000000000000000010000010000000000000000000000000100100000100000000000000000000000000000000000000000000000000000000000000000011000000011000000000000
000000000000000000010000010000000000000000000000000011000000000000000000000000000000000000000000000000000000000000000000000000100100000100100000000000
000000000000000000010000010000000000000000000000000000000000000000000000000000000000000000000000000000000000000000000000000000011000000011000000000000
000000000000000000000000000000000000000000000000000000000100000000000000000000000000000000000000000000000000000000000000000000000000000000000000000000
000000000000000000000000000000000000000000000000000000001010000000000000000000000000000000000000000000000000000000000000000000000000100000000000000000
000000000000000000000000000000000000000000000000000000001010000000000000000000000000000000000000110000000000000000000000000000000001010000000000000000
000000000000011100000000000000000000000000000000000000000100000000000000000000000000000000000000110000000000000000000000000000000001010000000000000000
000000000000000000000000000000000000000000000000000000000000000000000000000000000000000000000000000000000000000000000000000000000000100000000000000000
000000000001000001000000000000000000000001000000000000000000000000000000000000000000000000000000000000000000000001000000000000000000000000000000000000
000000000010100010100000000000000000000010100000000000000000000000000000000000000000000000000000000000000000001000100000000000000000000000000000000000
000000000010100010100000000000000000000010100000000000000000000000000000000000001100000000000000000000000000000001100000000000000000000000000000000000
000000000001000001000000000000000000000001000000000000000000000000000000000000001100000000000000000000011100010010011100000000000000000000010000000000
000000000000000000000000010000000000000000000000000000000000000000000000000000000000000000000000000000110001000011100100000000000000000000101000000000
000000000000000000000000010000000000000000000000000000000000000000000000000000000000000000000000000001100101001000000100000000000000000000101000000000
