000000000000000000000110000000000000000000000000000000000000000000000000000011010000000000000000000000000000000000000000000000000000000000011100000000
000000000000000000001001000000000000000000000000000000000000000000000000100010100000000000000000000000000000000000000000000000000000000000000000000000
000000000000000000000110000000000000000000000000000000000000000000000000101001000000000000000000011100000000000000000000000000000000000000000000010001
000000000000000000000000000000000000000000000000000000000000000000000000000000000001100000000000000000000000000000000000000000000000000001000000100001
000000000000000000000000000000000000000000000001000000000000000000000000000000000001100000000000000000000000000000000000000000000000000010110000010001
000000000000000000000000000000000000000000000001000000100000000000000000000000000000000000000000000000000000000000000000000000000000000010000000001100
000000000110000000000000000000000000000000000001000000100000000001100000000000000000000000000000000000000000000000000000000000000000000000001100000000
000000001001000000000000000000000000110000000000000000100000000001100000110000000000000000000000000000000000000000000000000000000000110000101000000000
000000001001000000000000000000000000110000000000000000000000000000000000110000000000000000000000000000000000000000000000000000000011001000010000000000
000000000110000000000000000000000000000000000000000000000000000000000000000000000000000000000000000000000000000000000000000000000000000100000000000000
000000000000000000000000000000000000000000000000000000000000000000000000000000000000000000000000000000000000000000000000000000000010000010000000000000
000000000000000000000000000000000000000000000000000000000000000000000000000000000000000000000000000000000000000000000000000000000001110000000000000000
000000000000000000000000000000000000000000000000000000000000000000000000110000000000000000000000110000000000000000011000000000000000001011010000000000
000000000000000000000000000000000000000000000000000000000000000000000000110000000000000000000000110000000000000000100100000000000000000001101100000000
000000000000000000000000000000000000000000000000000000000000000000000000000000000000000000000000000000000000000101111000000000000000000001100000000000
000000000000000000000000000000000000000000000000000000000000000000000000000000000000000000000000000000000000000101100000000000000000000001100010000000
000000000000000000000000000000000000000000000000000000000000000000000000000000000000000000000000000000000011010000100000000000000010100110101010000000
000000000000000000000000000000000000000000000000000000000000000000000000000000000000000000000000000000001011011001000000000000000001100010100011000000
000000000000000000000000000000000000000000000000000000000011000000000000000000000000000000000000000000000000100001000000000000000001110010001000000000
010000000000000000000000000000000000000000000010000000000011000000000000000000000000000000000000000000001011001110000000000000000000000010001000000001
010000000000000000000000000000000000000000000111000000000000000100000000000000000000000000000000000000000111000100000000000000000000010000001000000001
010000000000000000000000000000000000000000001100100000000000011100000000000000000001100000000000000000000000000000000000000000000000100011000001100000
000000000000000000000000000000000000000000011000000000000000000000010100000000000010100000000000000000010100000000000000000000000000010101011010100000
000000000000000000000000000000000000000000011010011000000000011000010000000000000011000000000000000000001100000000000000000000000000000000110111000000
000000000000000000000000000000000000000000001011000100000100000000010000110000000110000000000000000000000010000000000000000000000000000000110110000000
000000000000000000000000000000000000000000011010001110001100000000001000001000000011000000000000000000001010000000000000000000000000000001101111000000
000000000000000000000000000000000000000000010110000100011100000000000100001000001000010000000000000000001010000000011000000000000000000011000010100000
000000000000000000000000000000000000000110000011011000010000000000000100000000101100001000000000000000000100000000100100000000000000110010000001100000
000000000000000000000000000000000000001100000001101001000000000000000100100000101000010000000000000000000000000000010100000000000000100110000000000000
000000010000000000000100000000000000011000001110110001000000000000000111000000100000100000000000000000000000000010010000000000000001000100000000000000
000010000100110000000100000000000000100100110001000000001000000000011100000001000000000000000000000000000000000111110110000000000001100000000000000000
000010000010110000000100000001100000011000100001000000100000001100100001000111000000000000000000000000000000000010001000000000000000000000000000000000
000010000100000001100000000001100000010110111100000000001000011000100010100110000000000000000000000000000000000001010000000000000000000010000000000000
000000010000000010010000000000000000001000100000000000000000000000100001000000000000000011000000000000000000000001001000000000000000000011000000000000
000000000000000001100000000000000000000101000000000000000000000000011001000000000000000011000000000000000110000000100000000000100001111001000000000000
000000000000000000000000000000000000000011000000000000000000000000000101000000000000000000000000000000000101000001100000000011000000110000000000000000
000000000000011000000000000000000000000000000000000000000000000000000100100000000000000000000000000000000010000000100000000011100000010000000000110000
000000000000011000000000000000000000000000000000000000000000000000000011000000000000000000000000000000000000000000010000000011000010100000000001001010
000000000000000000000000000000000000000000000000000000000000000000000000000000000000000000000000000000000000000000000000000000100010001000010000100101
100000000000000000000000000000000000000000000000000000000000000000000000000000000000000000000000000000000000000000000000000000000001111001101100101101
000000111000000000000000000000000000000000000000000000000000000000000000000000000000000000000000000000000000000000000000000000000000010000001100110100
000000000000000000000000000000000000000000000000000000000000000000000011100000000000000000000000000000000000000000000000000000000000000000011001011000
000000000000000000000000000000000000000000000000000000000000000000000000000000000000000000000000000000000000000000000000000000000000000000000001111000
000000000000000000000000000000000000000000000000000000000000000000000000000000000000000010000000000000000000000000000000000000000000000000000001110000
000000000000000000000000000000000000000000000000000000000000000000000000000000000000000101000000000000000000000000000000000000000000000000000000000000
000000000000000000000000000000000000000000000000000000000000000000000000000000000000000011000000000000000000000000000000000000000000000000000000000000
000000000000000000000000000000000000000110000000000000000000000000000000000000000000000000000000000001000000000000000000000000000000000000000000000000
000000000000000000000000000000000000000110000000000000000000000000000000000000000000000000000110000010100000000000000000000000000000000000000000000000
000000000000000000000000000000000000000000000000000000000000000000000000000000000000000000000110000010100000000000000000000000000000000000000000000000
000000000000011100000000000000000000000000000000000000000000000000100000000000000000000000000000000001000000000000000000000000000000000000000000000000
000000000000000000000000000000000000000000000000000000000000000001000110000000000000000000000000000000000000000000000000000000000000000000000000000000
000000000000000000000000000000000000000000000000000000000000000001000110000000000000000000000000110000000000000000000000001000000000000000000000000000
000000000000000000000000000000000000000000000000000000000000000000100011000000000000000000000001001000000000000000000000110110000000000000000000000000
000000000000000000000000000000000000000000000000001100000000000000001000110000000000000000000000110000000000000000000000110110001100000000000000000000
000000000000000000000000000000000000000000000000001100000000000000010000100000000000000000000000000000000000000000001111100000011100000000000000000000
000000000000000000000000000000000000000000000000000000000000000000011110000000000000000000000000000001000000000000010110101011000000000000000000000000
000110000000000000000000000000000000000000000000000000000000000000000011110000000000000000000000000010100000000000000100011101000000000000000000000000
001001000000000000000000000001101010000000000000000000110000000000000011000000000000000000000000000010100000000000111000000000000000000000000000000000
001101100000000000000000000101111001000001100000000000011000000000000000000000000000000000000000000001000000000000100100000000011100000000000000000000
000101000000000000000001100010001001000010010000000000100000000000000000000000000000000000000000000000000000000000000000000000000000000000000000000000
000000000000000000000010010001110000000001100000000000000000000000000000000000000000000000000000000000000000000000000000000000010100000000000000000000
000001100000000000000010001000110000000000000000000000000000000000000011000000000000000000000000000000000000000000000000000000001000000000000000000000
000001110000000000000011001000000000000000000000000000000011000000000011000000000000000100000000000000000000000010000000000000000000000000000000000000
000000001010100000000100010000000000000000000000000000000011000000000000000000000000000100011000000000000000100101100000010000000000000000000000000000
000000000100010000000110100000000000000000000000000000000000000000000000000000111100001011100100000000000000111101100000010000000000000000000000000000
000001010101100000000011000110000000001000000000000000000000000000000000000000110010000100011000000000000000100101100000010000000000000000000000000000
011000100100000000000000100010000000010100000000000000000000000000000000000001000010000100000000000000000000000010000000000000000000000000000000000000
101101000110000000000000101010000000010100000000000000000000000000000000000000000100000000000000000000000000000000000000000000001000000000000000000001
100001001100000000000000110010100000001000000000000000000000000000000000000001100000000000000000000000000000000000000000000000010100000000000000000001
111111001100111000000000000010011000000000000000000011000000000000000000000001000000000110000000000000000000000000000000000000000000000000000000000000
010000111000000000000110000011000000000000000000000011000000001100000000000010100000001001000000000000000010000000100100000000011100000000000000000000
000000010000000000000110000011000000000000000000000000000000010010000000000001100000000110000000000000000101011000111000000000000000000000000000000000
000100000000000000000001000010011000000000000000000000011000001100000000000000000000000000000001111100000100001000000100011101000000000000000000000000
000001000000000011000000000001100000000000000000000000011000000000000000000000000000000000000010000100000001011000010110101011000000000000000000000000
000000100000000100100000000000000011000000000000000000000000000000000000000000000000000000000100000100000101100000001111100000011100000000000000000000
000000000000001001000000000000000011000000000000000000000000000000000000000000000000000000000011011000000110000000000000110110001100000000000000000000
000000110000011000000000000000000000000000000000000000000000000000000000000000000010000000000000000000000000000000000000110110000000000000000000000000
000001000001000001000000000000000000000110000000000000000000000000000000011000000100100000000000000000000000000000000000001000000000000000000000000010
000000111001101001000000000000000000000110000000000000000000000000000000011000000100100000000000000000000000000000000000000000000000000000000001111111
100000010101000000000000000000000000000000000000000000000000000000000000000000000010010000001000000000000000000000000000000000000000000000000010001101
000000001110000000100000000000000000000000000000000000000000000000000000000000000000110000001100000000000000000000000000000000000000000000000010000000
000000000100000100100000000000000000000000000000000000000000000000000000000000000000000000001110000000000000000000000000000000000000000000000001011000
011000000000000100000000000000000000000000000000000000000000000000000000000000000000000000000001000000000000000000010000000000000011000000000000000000
001000000000000010001100000000000000000000000000000000000000000000000000000000000000000011100000000000000000000000101000000000000011000000000000000001
110000000000000011001110000000000000000000000000000000000000000000000000000000000000000001100000000000000000000000110000000000000000000000000111000001
111000000000000001101100000000000000000000000000000000000000000000000000000000000000000000100000000000000000000000000000000000000000000000000000000000
001100000000000000111000000000000000000000000000000000000000000010000000000000000000000000011100000000000000000000000000000000000000000000000000000000
001100000000000000010000000000000000000000000000000000000000000010000000000001100000110000001100000000000000000000000000000000000000000000000000000000
000000000000000000000000000000000000000000000000000000000000000010000000000001100000010000000100000000000000000000000000000000000011100000000000000000
000000000000000000000000010000000011110000000000000000000000000000000000000000000010100000000000000011100000000000000000000000000000000000000000000000
000000000000000000000001101100111011110000000000000000000000111000000000000000000010100000000000000000000000000000000000000000000000000000001100000000
000000000000000000000001100111110001100010000000000000000000000000000000000000000000000000000000000000000000000000000000000000000000000000001100000000
000000000000000000000001100001000000000010000000000000000000000010000011000000000000000000000000000000011000001110000000000000000000000000000000000000
000000000000000000000001110001110000101110000000000000000000000010000011000000000000000000000000000000100100000000000000000000000000000000000000000000
000000000000000000000001110000111101100000000000000000000000000010000000000000000000000000000000000001000100000000000000000000000000110000000000000000
010000000000000000000000000010000111000000000000000000000000000000000000000000000000000000000000000001001000000000000000000000000000110000000000000000
101000000000000000000000010110000011011000000000000000000000000000110000000000000000000000000000000001001000000000000000000000000000000000000000000000
101000000000000000000110110100000000110000000000100000000000000000110000000000000000000000000000000000110000000000000000000000000000000000000000000000
010000000000000000010000101100000000000001110000100000000000000000000000000000000000000000000000000000000000000000000000000000000000000000000000000000
000000000000010000010000001100000000000001010000100000000110110000000000000000000000000000000000000000000000000000000000000000000000000000000000000000
000000000000101000010000101000000000000001110000000000000110110000000000000000000000000000000000000000000000000000000000000000000000000000000000000000
000000111001001000011000001100000000000000000000000000000000000000000000000000000000000000000000000000000000000000000000000000000000000000000000000000
000000000000110000011000010010000000000000000000000000000000000000011000000000000000000000000000000000000000000000001000000000000000000000000000000000
000000000000000000000000111100000000000000000000000000000000000000100100000000000000000000000000000000000000000000010100000000000000000000000000000000
000000000000000000001001011000000000001010000000000110000000000000011000000000000000000000000000000000000000000000100100000000000000000000000000000000
000000000000000000000010000000000000000001010000001100000000000000000000000000000000000000000000000000000000000000011000000000000000001100000000000000
000000000000000000000000000000000000000011111000000000000000000000000000000000000000000000000000000000000000000000000000000000000000010100000000000000
000000000000000000000000000000000000011101110000000000000000000000000000000000000000000000000000000000000000000000000000000000000000001000000000000000
000000000000000000000000000000000000010001000001010000000000000000000000000000000000000000000000000000000000000000000000000000000000000000000000000000
000000000000000010000000000000000000000001000001011000000000000000000000000000000000000000000000000000000000000000000000000000000000000000000000000000
000000000000000101000000000000000000000001000110010001000000000000000000000000000000000000000000000000000000000000000000000000000000000000000000000000
000000000000001001000000000000000000000000000010100001100000000000000000000000000000100000000000000000000000000000000000000000000000000010000000000000
000000000000000110000000000000000000000001000110100000110000000000000000000000000001010000000000000000000000000000000000000000000000000010000000001100
000000000000000000000000000000000000000001110000000000111000000000000000000000000010010000000000000000000000000000000000000000000000000010000000001100
000000000000000000000000000000000000000001110000000011001000000000000000000000000001100000000000000000000000000000000000000000000000000000000000000000
000000000000000000000000000000000000000000000000000101110000000000000000000000000000000000000000000000000000000000000000000000000000000000000000000000
000000000000000000000000000000000000000000000000001101010000000000000000000000000000000000000000000000000000000000000000000000000000000000000000001100
000000000000000000000000000000000000000000001100011100110000000000000000000000000000000000000000000000000000000000000000000000000000000000000000001100
000000000000000000000000000000000000000000001100001000101000000000000000000000000000000000000000000000000000000000000000000000000000000000000000000000
000000000000000000000000000000000000000000000000001000111000000000000000000000000000000000000000000000000000000000000000000000000000000000000000000000
000000000000000000000000000000000000000000000000000000000000000000000000000000000000100000000000000000000000000000000000000000000000000000000000000000
000000000000000000000000000000000000000000000000000110000000000000000000000000000001010000000000000000000000000000000000000000000000000110000000000000
000000000011000001100000000000000000000000000000000000001001100000000000000000000001010000000000000000000000000000000000000000000000000110000000000000
000000000011000001100000000000000000000000000000000000010101100000000010000000000000100000000000000000000000000000000000000000000000000000000000000000
000000000000000000000000000000000000000000000000000000011000000010101011000000000000000000000000000000000000000000000000000000000000000000000000000000
000000000000000000000000000000000000000000000000000000000000000010011011000000000000000000000000000000000000010000000000000000000000000000000000000000
000000000000000000000000000000000000000000000000000000000001100111001100000110000000000000000000000000000000101000000000000000000000000000000000000000
000000000000000000000000000000000000000000000000000000000101100110000000000110000000000000000000000000000001001000000000000000000000000000001100000000
000001100000000000000000000000000000000000000000000000001100011000001000000000000000000000000000000000000000110000000000011000000000000000010010000000
000000010000000000000000000000000000000000000000000000001000111010000111100000000000000000000000000000000000000000000000011000000000000000010100000000
000000000000000000000000000000000000000000000000000000010001100000000101000000000000000000000000000000000000000000000000000000000000000000001000000000
000000000000000000000000000000000000000000000000000000000001000000000110000000000000000000000000000000000000000000000000000000000000000000000000000000
000000000000000000000000000000000000000000000000000000001101100000000000000000000000000000000000000000000000000000000000000000000000000000000000000000
000000000000000000000000000000000000000000000000000000000001111000000000000000000000000000000000000000000000000000000000000000000000000000000000000000
000000000000000000000000000000000000001100000000011000000110101000000000000000000000000000000000000000000000000000000000000000000000000000000000000000
000000000000000000001100000000000000001100000000011000010110100000000111000000000000000000000000000000000000000000000000000000000000000000000000000000
000111000000000000001100000000000000000000000000000000110001100000000100010000000000000000000000000000000000000000000000000000011000000011000000000000
001101100000000000000000000000000000000000000000000000100000000000000100000000000000000000000000000000000000000000000000000000100100000100100000000100
001001100000000000000000000000000000000000000000000000000000000000000010001000000000000000000000000000000000000000000000000000011000000011000000001010
000110000000000000000000000000000000000000000000000000000000000000000001110000000000000000000000000000000000000000000000000000000000000000000000001010
000000000000000000000000000000000000000000000000000000000000000000000000000000000111000000000000000000000000000000000000000000000000100000000000000100
000000000000000000000000000000000000000000000000000000000000000000000000000000000000100000000000110000000000000000000000000000000001010000000000000000
000000000000000000000000000000000000000000000000000000000000000000000000000000000100110000000000110000000000000000000000000000000001010000000000000000
000000000000000000000000000000000000000000000000000000000000000000000000000000000010110000000000000000000000000000000000000000000000100000000000000000
000000000000000000001100011000000000000000000000000000000000000000000000000000000010100100000000000000000000000000000000000000000000000000000000000000
000000000000000000010010011000000000000000000000000000000000000000000000000000000011011000000000000000000000000000000000000000000000000000000000000000
000000000000000000010100000000000000000000000000100000000000000000000000000001000001011000000000000000000000000000000000000000000000000000000000000000
000000000000000000001000000000000000000000000001010000000000000000000000000001001011000000000000000000000000000000000000000000000000000000000000000000
000000000000000000000000000000000000000000000001010000000000000000000000000011001000000000000000000000000000000000000000000000000000000000000000000000
000000000000000000000000000000000000000000000000100000000000000000000000001000011000000000000000000000000000000000000000000000000000000000000000000000
