00000000000010010000000001111110000000100010011000
00001000000001011110000000111011111000010010000011
00000000000000101000010000111011010000001100000000
00000000000000001000010000000000010100000000000000
10001000000000001101000000000000001010000000000011
01111000011000000110000000000000000110000000111011
11001100011001111110000111000000000000000000010110
00010000000000000010100010000000000000000000000000
11000000000010000000000000010000000010000000100100
00000000001010000000000011100000000100110000111000
00000110010001010010101101000000000001101100000000
00000110001010011100000000000000000001101100000000
00001001000100000000000000000000000000000010000000
01000010000000000000000000000000010011010100000000
00100000000000000001100000000000110011010100000000
01000100000000000100100000010001100000000000000000
00100000000000001001000000010011000000000000000000
00000010000000100100000000100011011101110000000000
00000011000001000000000000000000001000110000000000
00000010010001000000001000000000000000000000000000
00000001010000101000000010000001001000000001000001
11000001000000010000000110000000100000000001111010
11000000011000000000000000000000100000000010010000
00100001011000000000000000000101100010000000000000
01000000000000000000000000110000101100000000111000
01000100100000000000000010011000100000000000000110
00001000000010011000011010000010110100000000000001
00000000000110000000000000011111000010000000000000
00000000000110000010110001100001110000000000000000
00000000000000000011000001000001010110000000000000
00000000000001100011111001011100100001000000000000
00000000000001100100111011010111111110000000000000
00100100000010000000000100010111100001000000000000
01000100000000000000001110000011011101100000010000
10000010000000000000001101000000010101000001110000
11000110000000000000000001101100001011000010010101
00100000000000000000000001101110000000100000100110
00100000000011111000000000000110000000000100100110
00010000000001011001000000000000000000001100100010
00011001110000010000100000000000000000011000100010
01100110010000001000100000000000000000100000100101
00011010000110011010100000000000000000100010000001
00001000001111111011000000000000000011000010000010
00000100100001000100000000000000001101000100000111
00000101101101000000001010000000110110000000000000
10000110010111100000010000100000001110000000001011
00010111111100100000100000100110000000000000010011
01101101100011100000101010000111000000000000101010
00101000000011000000101101000000000000010000001000
00010000000001000000000010000110000000100000001000
