00000000000000001000000011001100011000000000010101
00000000000000000100000001110001000000000000001000
00000000000000000000000001110001100100000000000000
00000000000000000000000000000000100100000000000000
00000000000000000000000000000000111000000000000000
00000000000000000000011000000000000000000000000000
00000000000000000000101000000000000100000000000000
10010101000000000000010000000000000100000000000110
00010100100000000000000000000000000100000000000010
00000101001100110000000000000000000000100000000000
00000000001100110000000000110000000000100000000000
00000000000000000000001101110000000000100000000000
10001100000000000000010010000000000000000000000011
00000000000000000000001100000000000000000000000010
11011000000000000000000000000000000000000000011001
00010000000000000000000000000000000000000000011000
00000000000000000000000000000000000000000000011000
00100000000000000000000000000000000000000000000000
01010000000000000000000000000000000000000000000000
01001000000000000001000000000000000000000000000000
01010000000000000010100000000000000000000000000111
11100000000000000010110000000000000000000000000111
01100000000000000010000001100000000000000000010110
00000000000000000001010001100000000000000000010000
00000000000000000000010000000000000000000000000000
00000000000000000001110000000000000000000000000000
00001000000000000001110000000000000000000000000101
00011100000000000000111000000000000000000000001000
00011110000000000000001010000000000000000000001000
11000000000000000000110001000000000000000000001000
00010011000000000000010101000000011000000000000100
00010000000000000000001110000000011000000000000010
01010000000011100000000100000000000000000000000000
00000000000001111000000000000000000000000000000000
00000000011000110100000000000000000000000000000000
00000000011000000000001000010000000000000000000010
10000000000000011100011110110000000000000000000111
11110000000000000000100010000000100000000000000111
10001100000000000001000100101010010000000001000000
01100111000000000011000010011001110000000010110001
00000001100000000111001100000000000000000010000111
00000010110000000011011100000000000000000010110111
00000110110001100001100000000000000000000010010000
00000111001010110000111000000000000001100010100110
00000110001111000000010000000000000010010011000110
00000011001110000000000000000000000000000000000000
00000000000100100000000000001100000100000000000000
00000000000010100000000000110010000000000000000111
10000000000011100000000010010000000010100000001000
01000000000000000100000101110000000000000000010000
