000000000000000000000000000000000000000000000000000000000000000000000000000000000000000000000011000000000000100000000000000000000000100000000000000000
000000000000000000000000000000000000000000000110000000000000000000000000000000000000000000000011000000000101100000000000000000000000000000000000000000
000000000000000000000000000000000000000000000110000000000000000000000000000000000000000000000000000000000111000000000000000000000000000000000000000000
000000000000000000000000000000000000000000000000000000000000000000000000000000000000000000000000000000000010000000000000000000000000000000000000000000
000000000000000000000000000000000000000000000000000000000000000000000000000000000000000000000000000000000000000000000000000000000000000000000000000000
000000000000000000000000000000000000000000000000000000000000000000000000000000000000000000000000000000000000000000000000000000000000000000000000000000
000000000110000000000000000000000000000000000000000000000000000001100000000000000000000000000000000000000000000000000000000000000000000000000000000000
000000001001000000000000000000110000000000000000000000000000000001100000000000000000000000000000000000000000000000000000000000000000000000000000000000
000000001001000000000000000000110000000000000000000000000000000000000000000000000000000000000000000000000000000000000000000000000000000000000000000000
000000000110000000000000000000000000110000000000000000000000000000000000000000000000000000000000000000000000000000000000000000000000000000000000000000
001100000000000000000000000000000000110000000000011000000000000000000000000000000000000000000000000000000000000000000000000000000000000000000000000000
001100000000000000000000000000000000000000000000011000000000000000000000000000000000000000000000000000000000000000000000000000000000000000000000000000
000010000000000000000000000000000000000000000000000000000000000000000000000000000000000000000000000000000000000000000000000001110000000000000000000001
011100000000000000000000000000000000000000000000000000000000000000000000000000000000000001100000000000000000000000000000000000000000000000000000000000
001100000000000000000000000000000000000100000000000000000000000000000000000000000000000010010000000000000000000000000000000000000000000000000000000100
100000000000000000000000000000000000001010000000000000000000000000000000000000110000000001100000000000000000000000000000000000000000000000000000001000
100000000000000000000000000000000000001010000000000000000000000000000000000000110000000000000000000000001100000000000000000000000000000000000000011000
101100000000000000000000000000000000000100000000000000000000000000000000000000000001100000000000000000001100000000000000000000000000000000000000001000
100010000000000000000000000000000000000000000000000000000000000000000000000000000001100000000000000000000000000000000000000000000000000000000000001000
100110000000000000000000000000000011000000011000000000000000000000001000000000000000000000000000000000000000000000000000000000000000000000000000000000
100000110000000000000000000000000100100000100100000000000000000000010100000100000000000000000000000000000000000000000001000000000000000000000000000110
010101010100000000000000000000000011000000011000000000000000000000001000000100000000000000000000000000000000000000000001000000000000000000000000000010
001000000100000000000000000000000000000000000000000000000000000000000000000110000001110000000000000000000000000000000001000000000000000000000000000000
001000010000000000000000000000000000000100000000000000000000000000000000000000000001111100000000000000000000000000000000000000000000000000000000000000
000000000000000000000000000000000000001010000000000000000000000000000000001111100010000100000000000000000000000000000000000000000000000000000000100000
010001000000000000000000000000000000001010000000000000000000000000000000000010100001001100000000000000000000000000000000000000000000000000000001010000
100000000000000000000000000000000000000100000000000000000000000000000000000001110001110000000000000000000000000000000000000000000000000000000000100000
010010000000000000000000000000000000000000000000000000000000000000000000000001100000100000000000000000000000000000000000000000000000000000000000000000
001000000000000000000000000000000000000000000000000000000000000011000000000000000000000000000000000000000000000000000000000000000000000000000000000000
000000000000000000000000000000000000000000000000000000000000000011000000000000000000000000000000000000000001000000000000000000000000000000000000000000
000000000000000000000000011000000000000000000000000000000000000000000000000000000000000000000001100000000010100000000111000000000000000000000000000000
000000000001100000000000011000000010000000000000000000000000000000000000000000000000000000000001100000000010100000000000000000000000000000011000000000
000000000001100000000000000000000010000000000000001110000000000000000000000000000000000000000000000000000001000000010000010000000000000000000000000000
000000000000000000000000000000000010000000000000000000000000000000000000000000000000000000000000000000000000000000010000010000000000000000000000000000
000000000000000000000000000000000000000000000000000000011000000000000000000000000000000000000000000000000000000000010000010000000000000000000000000000
000000000000000000000000000000000000000000000000000000100100000000000000000000000000000000000000000000000000000000000000000000000000000000000000000000
000000000000000000000000000000000000011000000000000000011000000000000000000000000000000000000000000000000000000000000111000000000000000000000000000000
000000000000000000000000000000000000011000000000000000000000000000000000000000000000000000000000000000000000000000000000000000000000000000000000000000
000000000000000000000000000000000000000000000000000000000000000000000000000000000000000000000000000000000000110000000000000000000000000000000000000000
000000000000000000000000000000000000000000000000000000000000000000000000000000000000000000000000000000000000110000000000000000000000000000000000000000
000000000000000000000000000000000000000000000000000000000000000000000000000000000000000000000000000000000000000000000000000000000000000000000110000000
000000000000000000000000000000000000000000000000000000000000000000000000000000000000000000000000000000000000000000000000000000000000000000000100000000
000000000000000000000000000000000000000000000000000110000000000000000000000000000000000000000000000000000000000000000000000000000000000001100001000000
000000000000000000000000000000000000000000000000001001000000000000000000000000000000000000000000000000000000000000000000000000000000000010100011000000
000000000000000000000000000000000000000000000000001010000000000000000000000000000000000000000000000000000000000000000000000000000000000010000000000000
000000000000000000000000000000000000000000000000000100000000000000000000000000000000000100100000000000000000000100000000000000000000000010000011010000
000000000000000000000000000000000000000000000000000000000000000001110000000000000000000000000011000000000000000100000000000000000000000001001010001000
000000000000000000000000000000000000000001100000000000000000000001110000000000000000000100100110100000000000000100000000000000000000000000100101001000
000000000000000000000000000000000000000001100000000000000000000010001000000000000000000011000010110000000000000000000000000000000000000000011000011000
000000000000000000000000000000000000100000000000000000000000000001110000000000000000000000010110100000000000000000000000000000000000000000000000000000
000000000000000000000000000000000000100000000000000000000000000000000000001000000000000000101101000000000000000000000000000000000000000000000000000000
000000000000000000000000000000000000100000000000000000000000000001110000010000000000110000000000000000000001100000000000000000000000000000000000000000
000000000000000000000000000000000000000000000000000000000000000010000000011100000000111001001000000000000001100000000000000000000000000000000000000000
000000000000000000000000000000000000000000000000000000000000000001100010011100000000010011010000000000000000000000000000001000000000000000000000000000
000000000000000000000000000000000000000000000000000000000000000001100001010000000000000100100000000000000000000000000000001000000000000000000000110000
000000000000000000000000000000000000000000000000000000000000000000001111000000000000001100010000000000000000000000000000001000000000000000100000110000
000000000100000000000000000011000000000000000000000000000000000011000000000000000000101101100000000000000000000000000000000000000000000011011000000000
000000001010000000000000000100100000000000000000000000000000000010100000000000000001111101100000000000000000000000000000000000000000000011000000110000
000000010000000000000000000011000000000000000000000000000000000010000000000000000001010011000000000000000000000000110000000000000000000001000101100000
000000010110000000000000110000000000000000000000000000000000000000000000000000000000100000000000000000000000000000110000000000000000000001001000000000
000000001000000000000001010000000000000000000000000000000000000000000000000000000001110000000000000000000000000000000000000000000000000000110000000000
000000000000000000000000100000000000000000000000000000000000000000000000000000000000110000000000000000000000000000000000000000000000000000000000000000
000000000000000000000000000000000000000000000000000000001000000000000000000000000001000000000000000000000000000000000000000000000011000000000000000000
000000000000000000000000000000000000000000000000000000010100000000000000000000000001110000000000000000000000000000000000000000000011000000000000000000
000000000000011000000000000000000000000000000000000000110100000000000000000000000000110000000000000000000000000000000000000000000000000000000000000000
000000000000011000000000000000000000000000000000000000100000000000000000000000001100110000000000000000000000000000000000000000000000000000000000000000
000000001110100100000000000000000000000000000000000011100011100000000000000000001100000000000000000000110000000000000000000000000000000000000000000000
000000001010010100000000000000000000000000000000000000100100000001100000000000001001000000000000000000110000000000000000000000000000000000000000000000
000000001000001100000000000000000000000000000000000000001101100001011000000000001001000000000000000000000000000000000000000000000000000000000000000000
000000000000011000000000000000000000000000000000000000110110000011011000000000000100000000000000000000000000000000000000000000000000000000000000000000
000000000000011000000000000000000000000000000000000100100000000001000000000000000010000000000000000000000000000000000000000000000000000000000111000000
000000001011011000000000000000000000000000000000011000011000000001100100000000001000000000000000000000000000000000000000000000000000000000000000000000
000000000100010000000000000000000000000000000000000100100000000000100100111000001000000000000000000000000000000000000000000001100000000000000000000000
000000100000000000000000000000000000000000000000000000110110000000010101000111000000000000000000000000000000000000000000000010010000000000000000000000
100110101011000000000000000000000000000000000000000000001101100000001111110011000000000000000000000000110110000000000000000001100000000001100000000000
110010000000000000000000000000000000000000000000000000100100000000100111100010101100000000000111000000110110010100000000000000000000000010010000000001
001111111000000000000000000000000000000000000000000011100011100000001100000010000000000000000000000000000000000010000000000000000000000001100000000110
101100010000000000000000000000000000000000000000000000100000000000100100100010101100000000000000000000000000010100000000000000000000000000000101001010
000000000000000000000000000000000000000000000000000000110100000000111000111010001000000000110000000000000000001000000000000000110000000000000000000111
011000000000000000000000000000000000000000000000000000010100000000000000110001101100000000110000000000000000000000000000000001001000000000011100000010
000000000000000000000000000000000000000000000000000000001100000001011100011001110110000000000000000000000000000000000000000000101000000000001100000000
000000000000000000000000000000000000000000000000000000000011000001110010000000110110000000000000000000000000000000000000000000010000000000000111000000
000000000000000000001100000000000000000000000000000000000110100000000101000000001000000000000000000000000000000000000000000000000000000000000011000000
000000000000000000001100000000000000000000000011100000000000111100000001110000000000000000110000000000000001000000000000000000000000000100000001000000
000000000000000000000000000000000000000000000000000010001000011000000010000000000000000000111100000000000011011100000000000000000000001010000000000000
000000000000000000000000000000000000000000000000000111010001010000100010000000000000000001000110000000000110011010000000000000000000011011000000000000
000000000000000000000000000000000000000000000000001101110101110000110001001000000000000000111101000000000000001010000000000000011100011100000000000000
001100000000000000000000000000000000000000000000000101110100011110100000111000000000000000000111000000000000001010000000000000011100001110000000000000
001010000000000000000000000000000000000000000000000011111000000111000000000000000000011000100010000000000000001110000000000001101000000000000001000000
000101000000000000000000011000000000000000000000000001110000000000000000000000000000011000101100000000000000000000000000000001000000000111110110100000
000010000000000000001100011000000110000000000000000000000000000000000000000100000000000000011000000000000000000000000000000001000011001010000000010000
000000000000000000001100000000000110000000000000000000000000000000000000001111000000000000000000000000000010000000000000000000100000000000000100010000
000000000000000000000000000000000000000000011000000000000000000000000000010000100000000000000000000000000101000000000000000000011000000000110001110000
000000000000000000000000000000000000000000011000000000000000000000000000000001100000000000000000000000001101100000000000000000000000000000100100100000
000000000111000000000000000000000000000000000000000000000000000000000000000001100000000000000000000000001001000000000000000000000000100001101110000000
000000000000000000000000000000000000000000000000000000000000000000000000000000010000000000000000000000011011000000000000000000000001000000101110000010
000000000000000000000000000000000000000000000000000000000000000001000000000000001000000000000110000000001010000000000000000000000000100000001000000101
000000000000000000000000000000000100000000000000000000000000000010100110000000110000001100000000000000000100000000000000000000000000000000001000000101
000000000000000000000000000000000100000000000000000000000000000000001001000000110000100010110110000000000000000000000000000000000000001000001000000010
000000000000000000000000000000000100000000000000000000000000000000001000000000000001100010110100000001100000000000000000000000000000000110001000000000
001100000010000000000000000000000000000000000000000000000000011000000101000001100001100111001000000011010000000000000000000000000000000111011001100000
010010000101000000000000000000000001110000000000000000000000100100010000011011000000001010111000000010110000000000000000000000000000000000111010010000
001100000100100000000110000000000000000000000000000000000001101000000100111001110000101100010000001110000000000000000000000000000000000010010001100000
000000000011000000000110000110000000000000000000000000000000100000000100010000111111111000000000001110000000000000000000000000000000000001100000000000
000000000000000000000000000110000000000000000000000000000001000000110000001110001111100000000000001110000000000000000000000000000000000000000000000010
000000000000000000000000000000000000000000000000000000000000100010000000000100000000000000000000000100000000000000000000000000000000001100000000000101
000000000000000000000000000000000000000000000000000000000000111000000000000000000000000000000000001000000000000000000000000000000000010100000000000101
000000000000000000000000000000000000000000000000000000000000000000000000000000000000000000000000000000000000000000000000000000000000001000000000000010
000000000000000000000000000000000000000000000000000000000000000000000000000000000000000000000000000000000000000000000000000000000000000000000000000000
000000000100000000000000000000000000000000000000000000000000000000110000000000000000000000000000000000000000000000000000000000000000000000000000000000
000000001010000000000000000000000000000000000000000000000000000001101000000000000111110000000000000011000000000000000000000000000000000000000000000000
000000001010000000000000000000000000000000000000000000000000000000001000000000000000100000000000000011000000000000000000000000000000000010000000000000
000000000100000000000000001100000000000000000000000000000000000001001100000000000100000000000000000000000000000000000000000000000000000010000000000000
000000000000000000000000001100000000000000000000000000000000011000010000000000000000100011100000000000000000000000000000000000000000000010000000000000
000000000000000000000000000000000000000000000000000000000000100000010000000000000100100000000000000000000000000000000000000000000000000000000000000000
000000000000000000000000000000000001000000000000000000000000010010101000000000000010000000000000011000000000000000000000000000000000000000000000000000
000000000000000000000000000000000001000000000000000000000000010110101000000000000000000000000000011000000000000000000000000000000000000000000000001100
000000000011100000000000000000000001000000000000000000000000001000011000000000001010000000000000000000000000000000000000000000000000000000000000001100
000000000000000000000000000000000000000000000000000000000000000100000000000000001100000000000000000000000000000000000000000000000000000000000000000000
000000000000000000000000000000011000011100000000000000000000011111000000000000000100000000000000000000000000000000000000000000000000000000000000000000
000000000000000110000000000000011000000000000000000000000000001101000000000000000000000000000000000000000000000000000000000000000000000000000000000000
000000000000001001000000000000000001000000000000000000000000001110000000000000000000000000000000000000001110000000000000000000000000000110000000000000
000000000000000110000000000000000001000000110000000000000000000010000011000000000000000000010000000000000000000000000000000000000000000110000000000000
000000000000000000000001100110000001000000110000000000000000000000000011000000000000000000101000000000000000000000000000000000000000000000000000000000
000000000000000000000001100110011000000000000000000000000000000000000000000000000000000001010000000000000000000000000000000000000000000000000000000000
000000000011000000000000000000011000001100000000000000000000000000100000000000000000000001100000000000000000010000000000000000000000000000000000000000
000000000101000000000000000000000000010010000000000000000000000001010000000000000000000000000000000000000000101000000000000000000000000000000000000000
000110000010000000000000000000000000001100000000000000000000000001010000000000000000000000000000000000000001001000000000000000000000000000001100000000
000110000000000000000000000000000000000000000000000000000000000000100000000000000000000000000000011000000000110000000000011000000000000000010010000000
000000000000000000000000000000000000000000000000000000000000000000000000000000000000000000000000100100000000000000000000011000000000000000010100000000
000000000000000000000000000000000000000000000000000000000000000000000000000000000000000000000000011000000000000000000000000000000000000000001000000000
000000000000000000000000000000000000000000000000000000000000000000000000000000000000000000000000000000000000000000000000000000000000000000000000000000
000000000000000000000000001100000000000000000000000001000000000001100000000000000000000000000000000000000000000000000000000000000000000000000000000000
000000000000000000000010001100000000000000000000000010100000000001100000000000000000000000000000000000000000000000000011000000000000000000000000000000
000000000000000000000010000000000000000000000000000010100000000000000000000000000000000000000000000000000000000000000011000000000000000000000000000000
000000000000000000000010000000000000000000000000000001000000000000000000000000000000000000000000000000000000000000000000000000000000000000000000000000
000000000000000000000000000000000000000000000000000000000000000000000000000000000000000000000000000000000000000000000000000000011000000011000000000000
000000000000000000111000111000000000000000000000110000000110000000000000000000000000000000000000000000000000000000000000000000100100000100100000000000
000000000000000000000000000000000000000000000001001000001001000000000000000000000000000000000000000000000000000000000110000000011000000011000000000000
000000000000000000000000000000000000000000000000110000000110000000000000000000000000000000000000000000000000000000001001000000000000000000000000000000
000000000000000000000000000000000000000000000000000000000000000000000000000000000000000000000000000000000000000000001010000000000000100000000000000000
000000000000001000000000000000000000000000000000000001000000000000000000000000000000000000000000000000001000000000000100000010000001010000000000000000
000000000000001000000000000000000000000000000000000010100000000000000000000000000000000000000000000000010100000010000000000010000001010000000000000000
000000000000001000000000000000000000000000000000000010100000000000000000000000000000000000000000000000010100000010000000000010000000100000000000000000
000000000001000001000000000000000000000001000000000001000000000000000000000000000000000000000000000000001000000010000000000000000000000000000000000000
000000000010100010100000000000000000000010100000000000000000000000000000000000000000000000000000000000000000000000000000111000111000000000000000000000
000000000010100010100000000000000000000010100000000000000000000000000000000000001100000000000000000000000000000000000000000000000000000000000000000000
000000000001000001000000000000000000000001000000000000000000000000000000000000001100000000000000000000000000000000000000000010000000100000000000000000
000000000000000000000000000000000000000000000000000000000000000000000000000000000000000000000000000000000000000000000000000010000001010000000000000000
000000000000000000000000111000000000000000000000000000000000000000000000000000000000000000000000000000000000111000000000000010000001010000000000000000
