00000000000000000000000000000000000000000000000000
00000010000000000000000000000000000000000000000000
00000010000000000000000000000000000000100000000000
00000010000000000000000000000000000001010000000000
00000000000000000000000000000000000000110000000000
00000000000000000000000000000000000000000000000000
00000000000000000000000000000000000000000000000000
00000000000000000011000000000000000000000000000000
00000000000000000101000000000100000000000000000000
00000000000000000010000000010010000000000000000000
01000000000000000000000000010001000000000000000000
01000000000000000000000000100001000000000000000000
01000000000000000000000001110110000000000000000000
00000000000000000000000011101000000000000000000000
00011100000000000000000110001011000000000000000111
00000000000000000000000100111101110000000000000000
01000000000000000000000011110000000000000000000000
01000000000000000000000001100000000000000000000000
01000000000000000000000000000000000000000000000000
00000000110000000000000000000000000000000000000000
00000001001001100000000000000000000000000000000000
00000000110001100000000000000000000000000000000000
00000000000000000000110000000000000000000000000000
00000000000000000000110000000000000000000000000000
00000100000000000000000001100000000000000000000000
00001110000000000000000001100000001100000000000000
00011010000000000000000000000000001100000000000000
00000000000000000000000000000000000000000000011000
01110000000000000000000000000000000000000000010100
11100101000000000000000000000000000000000000001100
11000000000000000000000000000000000000000000000000
10000000000000000000000000100000000000001000000001
11000000000000000000000111110000000000010100000000
00001100000000000000001000000000000000001100000000
00001100000000000000000000000000000000000000000000
00001000000000000000000100010000000000000000000000
00000000000000000000000011100000000000000000000000
00000001000000000000000000000000000000000000000000
00000011000000000000000000000000000000000000000000
00000110000000000001000000000000000000000000000000
00001110000000000010100000000000001100000000000000
00001110000000000010100000000000001100000000000000
00000000000000000001000000000000000000000000000000
00000000010000000000001110000000000000000000000000
00000000110000000000000000000000000000000000000000
00010000100000000000000000000000000000000000000000
00101000000000000000110000000100000000000000000000
00101000000000000000110000000100000000000000000000
00010000000000000000000000000100000000000000000000
00000000000000000000000000000000000000000000000000
