000000000000000000000001000001001010000110000000000000000000000000000000000000000000000000000000000000000000000000000000000000000000001000010000000000
000000000000000000000000000000100010110100000000000000000000000000000000000000000000000000000000001000000000000000000000000000000000001000000000000000
000000000000000000000111000000000100011000000000000000000000000000000000000000000000000000000000001000000000000000000000000000000000001000000000000000
000000000000000000000001000000000000000000000000000000000000000000000000000000000000000000000000001000000000000000000011000000010000000000000000000000
000000000000000000000000000000000000000000000000000000000000000000000000000000000000000000000000000000000000000000000100100000010000000000000000000000
000000000000000000000000000000000000000000000000000000000000000000000000000000000000000000000000000000000000000000000010100000010000000000000000000000
000000000110000000000000000000000000000000000000000000000000000001100000000000000000000000000000000000000000000000000001000000000000000000000000000000
000000001001000000000000000000000000000000000000000000000000000001100000000000000000000000000000000000000000000000000000000000000000000000000000000000
000000001001000000000000000000000000000000000000000000000000000000000000000000000000000000000000000000000000000000000000000000000000000000000000000000
000000000110000000000000000000000000000000000000000000000000000000000000000000000000000000000000000000000000000000000000000000000000000000000000000000
000000000000000000000000000000000000000000000000000000000000000000000000000000000000000000000000000000000000000000000000000000000000000000000000000000
000000000000000000000000000000000000000000000000000000010000000000000000000000000000000000000000000000000000000000000000000000000000000000000000000000
000000000000000000000000000000000000000000000000000000010000000000000000000000000000000000000000000000000000000000000000000000000000000000000000000000
000000000000000000000000000000000000000000000000000000010000000000000000000000000000000000000001000000000000000000000000000000000000000000000000000000
000000000000000000000000000000000000000000000000000000000000000000000000000000000000000000000010100000000000000000000000000000000000000000000000000000
000000000110000000000000000000000001100000000000000000000000000000000000000000000000000000000010100000000000000000100000000000000000000000000000000000
000000000110000000000000000000000001100000000000000000000000000000000000000000000000000000000001000000000000000001010000000000000000000000000000000000
000000000000000000000000000000000000000000000000000000000000000000000000000000000000000000000000000000000000000000100000000000000000000000000000000000
000000000000000000000000000000000000000000000000000000000000000000000000000000000000000000110000000000000000000000000000000100000000000000000000000000
000000000000000000000000000000000000000000000000000000000000000000001000000000000000000001001000000000000000000000000000011011000000000000000000000000
000000000010000000000000000000000000000000000000000000000000000000010100000000000000000000110000000000000000000000000000011011000000000000000000000000
000000000101000011000000000000000000000000000000000000000000000000001000000000000000000000000000000000000000000000000000010000000000000000000000000000
000000000101000011000000000000001000000000000000000000000000000000000000000000000000000000000001000000000000000000000011010000000000000000000000000000
000000000010000000000000000000001000000000000000000000000000000000000000000001000000000000000010100000000000000000000110110000000000000000000000000000
000000000000000000000000000000001000000000000000000000000000000000000000000010100000000000000010100000000000000000001000000011100000000000000000000000
000000000000000000000000000000000000000000000000000000000000000000000000000010010000000000000001000000000000000000001011000000100110000000000000000000
000000000000000000000000000000000000000000000000000000000000000000000000000001100000000000000000000000000000000000000111111111001001000000000000000000
000000000000000000000000000000000000000000000000000000000000000000000000000000000000000000000000000000000000000000000000011010000110000000000000000000
000000000000000000000000000000000000000000000000000000000000000110000000000000000000000000000000000000000000000000000000010100000000000000000000000000
000000000000000000000000000000000000000000000000000000000000001001000000000000000000000000000000000000000000000000000000000000000000000000000000000000
000000000000000000000000000000000000000000000000000000000000000110000000000000000000000000000000000000000000000000011000000100000000000000000000000000
000000110000000000000000000000000000000000000000000000000000000000000000000000000000000000000000000000000000000000001100111100000000000000000000000000
000000110000000000000000000000000111000000000000000000000000000000000000000000000000000000000000000000000000000000001000101100000000000000000000000000
000000000000000000000000000000000000000000000000000000000000000000000001000000000000000011000000000000000000000000110001010000000000000000000000000000
000000000000000000000000000000000000000000000000000000000000011000000001000000000000000011000000000000001100000001100000000000000001100000000000000011
000000000000000000000000000000000000000000000000000000000000011000000010100000000000000000000000000000001100000000001000000000000000100000000000000011
000000000000000000000000000000000000011000000100000000001000000000000000000000000000000000000000000000000000000000101000010000000100000000000000000000
000000000000000000000000000000000000011000001011000000011100000000000001110000000100000000000000000000000000000000000000110000000110000000000000000000
000000000000000000000000000000000000000000000001000000110110000000000000101000000110000000000000000000000000000000000000010000000000000000000000000000
000000000000000000000000000000000000000000001111000000000011000000000000001000000001000000000000000000000000000000000000110000000000000000000000000000
000000000000000000000000000000000000000000000000000000000011100000000001011000011010000000000000000000000000000000000000110000000000000000000000000000
000000000000000000000000000000000000000000000100000000000011000000000001100000011000000000000000000000000000000000000000001000000000000000000000000000
000000000000000000000000000000000000000000000100000000110110000000000000000000100000000000000000000000000000000000000000100111100000000000000000000100
000000000000000000000000000000000000000000000000000000011100000000000000000000000000000010000000000000000000000000000000011100100000000000000000001010
000000000001000000000000000000000000000000010101000000001000000011000000000000000000000101000000000000000000000000000001000000100000000000000001110110
100000000010100000000001100000000000000000011111000000000000000100110000000000000000000011000000000000000000000000000001111001000000000000000010010100
110101000010010000000010010000000000000001101110110000000000000110111110000000000000000000000000000001000000000000000000000000100000000000000010000011
001111000001100000000001100000000000000000110101100000000000000110110001000001000000000000000110000010100000000000000000100000100000000000000001111010
100100000000000000000000000000000000001101111011110110000000000001000110000001000000000000000110000010100000000000000000110100000000000000000000101001
110000000000000000000000000000000000000000110101100000000000000000000000000001000000000000000000000001000000000000000000000001000000000000000000000011
000000000000000100000000000000000000000001101110110000000000000000000000000000000000000000000000000000000000000000000000000110000000000000000000001100
000000000000001010000000000000011000000000011111000000000000000000000000000000000000000000000000110000000000000000000000000100000000000000000000000000
000000000000010010000000000000011000000000010101000000000000000000000000000000000000000000000001001000000000000000000000100000000000000000000000000000
000000000000001100000000000000000000000000000000001100000000000000000000000000000000000000000000110000000000000000000001011000000000000000000000000000
000000000000000000000000000000000000000000000100001100000000000000000000000000000000000000000000000000000000000000000001011000000000000000000000000000
111000000000000000000000000000000000000000000100000000000000000000000000000000000000000000000000000001000000000000000000110000000010000000000000000000
111000000000000000000000000110110000000000000000000000000000000000000000000000000000000000000000000010100000000000000000110001100101000000000000000000
111000000000000000000000001000100000000000000000000000000000000000011100000001100000000000000000000010100000000000000000110001101011100000000000011000
000000000000000000000000001001010000000000000000000000000000000000000000000010010000000000000000000001000000000000000000000001101010100000000000100100
000000000000000000000000000100001100000000000000000000000000000000000000000001010000000000000000000000000000000000000000000000110001100000000000011000
000000000000000000000000000000011000000000000000000000000000000000000000000000100000000000000000000000000000000000000000000000000000000000000000000000
000000000000000000000000000000100000000000000000000000000000000000000000000000000000000000000000000000000110000000000000000000000000000000000000000000
000000000000000000000000000000010000000000000000000000000011000000000000000000000000000000000000000000000110000000000000000000000110000000000000000000
000000000000000000000000000000001000000000000000000000000011000000000000000000000000000000000000000000000000000000000000000000011011000000000000000000
000000000000000000000000000000001110000000000000000000000000000000000000000000000000000000000000000000000000000000000000000000101011000000000000000000
000000000000000000000000000000000000000000000000000000000000000000000000000000000000000000000000000000000110000000000000000000111100000000000000000000
000000000000000000000000000000001110000001100000000000000010000000000000000000000000000100000000000000000110000000000000000001010000000000000000000000
000000000000000000000000000000000000000001100000000000100011000000000000000000000000001010000000001000000000000000000000000001100000000000000000000000
000000000010000000000000000000000000000000000000000011000001100000000000000000000000000100000000010100000000000000000000000000000000000000000000000000
000000000101000000000000000000000000000000000000000010000011000000000000000000000000000000000000010010000000000000000000000000000000000000000000000000
000000000101000000000000000000000000000000000000000011100011000000000000000000000000000000000000001100000000000000000000000000000000000000000000000000
000000000010000000000000000000000000000000000000000010000011000000000000001100000000000000000000000000000010000000000000000000001000000000000000000000
000000000000000000000000000000000000000000000000000001100000000000000000001010000000000000000000000000000010000000000000000000010110000000000000000000
000000000000000000000000000000000000000000000000000001100000000000000000000110000000000000000000000000000010000000000010000001000000000011000000000000
000000000000000000000000000000000010000000000000000000011000000000000000000000000000000000000000000000000000000000000011000001000000100100100000000000
000000000000000000000000000000000101000000000000000000001100000000000000000000000000000000000000000000000000000000000101000001000000100011000000000000
000000000000000000000000000000001001000000000000000000001100000000000000000000000000000000000000000000000000000000000011100001000111100000000000000000
000000000000000000000000000000011010000000101000000000000000000000000000000000000000000000000000000000000000000000000001100000101100000000000000011000
000000000000000000000000000000001100110000100100000000000000000000000000000000000000000000000000000000000110000000000000010000010000100000000000011000
000000000000000000000000000000000001101000101100000000000000000000000000000000000000000000000000000000000110000000000000010000000000000000000000000000
000000000000000000000000000000000000001000011111100000000000000100000000000000000000001100000000000000000000000000001000100000000000000000000000000000
000000000000000000000000000000001000000000111000100000000000001010000000000000000000001100000000000000000000000000010010000000000000000000000000000000
000100000000000000000000000000001000000001000001000000000000001010000000000000000000000000000000000000000000000000001100000000000000000000000000000000
110001000000000000000000000000010000000010000010000000000000000100000000000000000000000000000000000000000000000000000000001100000000000000000000000000
100101100000000000000000000000001100000000011100000000000000000000000000000110000000000000000000000000000000000000001000001100000000000000000000000000
000101000000011000000000000000000110001000101001000001000011000000011000000110000000000000000000000000000000000000001010000000000000000000000000000001
001110000000011000000000000000000000110001100101000001000100100000100100000000000000000000000000000000000000000000001010000000000000000000000000000001
000110000000000000000000000000000000000011100001101001000011000000011000000000000000000000000000000000000000000000000000000000000001000000000000000010
000110000000000000000000000000000000000011100011101100000000000000000000000000000000000000000000000000000000000000000000000000000001000000000000000010
111100000000010000000000000000000000001101101101011000000000000100000000000000000000011100000000000000000000000000000000000000000001000000000000000010
000000000000011100000000000000000000000100101000010000000000001010000000000000010000100010000000000000000000000000000000000000000000000000000000000110
000000000111001100000000000000000000000100000101001000000000001010000000000000010000101100000000000000000000000000000000000000000000000000000000000000
011101011000100010000110000001000000000010110000110000000000000100000000000000010000011000000000000000000000000000000000000000000000000000000000000000
011010000001111010000110000010100000000000000000000000000000000000000000000000000010000000000000000001100000000000000000000000000000000000000000000000
001010101001111100000000000011000000000000000000000010000000000000000000000000000111000000000000000001100000000000000000000000000000110000000000000000
000110100000000000000000000000000000000000000000000101000000000000000000000000001010100000000000000000000000000000000000000000000000110000000000000000
000001100000000000000000000000000000000000000000000101000000000000000000000000011101110000000000000000000000000000000000000000000000000000000000000000
000000000000000000000000000000000000000000000000000010000000000000000000000000001010100000000000000000000000000000000000000000000000000000000000000000
000000000100000000000000000000000000000000000000000000000000000000000000000000000111000000000000000000000000000000000000000000000000000000000000000000
000000011101000000000000000000000000001100000000000000000000000011000000000011011110000000000000000000000000000000000000000000000000000000000000000000
000000100110000000000000000000000000001100000000000000000000000010100100000001111100000000000000000000000000000000000000000000000000000000000000000000
000000000000000000000000000000000000000000000000000000000000000000110111000000000100000000000000000000000000000000000000000000000000000000000000000000
000000000000000010000110000000000000000000000000000000000000000010000000100011101001100000000000000000000000000000001000000000000000000000000000000000
000000000001110101000110000110000000000000000000000000000000000010100001011000101101001000000000000000000000000000010100000000000000000000000000000000
000000000001111100100000000110000000000000000000000000000000000001001101011000011010110000000000000000000000000000100100000000000000000000000000000000
000000000000011001000000000000000000000000000000000000000000110000001001000010000100000000000000000000000000000000011000000000000000001100000000000000
000000000000001001000000000000000000000000000000000000000000110000011110110000000000000000000000000000000000000000000000000000000000010100000000000000
000000000000000110000000000000000000000000000000000000000000000000100111000000100001000000000000000000000000000000000000000000000000001000000000000000
000000000000000000000000000000000000000000000000000000000000000001000000011000100110100000000000000000000000000000000000000000000000000000000000000000
000000000000000000000000000000000000000000000000000000000000000000110000011000100110101100000000000000000000000000000000000000000000000000000000000000
000000000000000000000000000000000000000000000000000000000000000000000000010001000010101011100000000000000000000000000000000000000000000000000000000000
000000000000000000000000000000000000001100000000000000000000000000000011100010000010010111100000000000000000000000000000000000000000000000000000000000
000000000000000000000000001100000000001100000000000000000000000000000001101100000000000111110000000000000000000000000000000000000000000111000000000000
000000000000000000000000001100000000000000000000000000000000000000000001100000000000000000010000000000000000000000000000000000000000000000000000000000
000000000000000000000000000000000000000000000000000000000000000000000000000000000000001000010000000000000000000000000000000000000000000000000000000000
000000000000000000000000000000000000000000000000000000000011100000000000000000000000011000000000000000000000000000000000000000000000000000000000000000
000000000001000000000000000000000011100000000000000000000000000000000000000000000000000000000000000000000000000000000000000000000000000000000000001100
000000000001000000000000000000000000000000000000000000000000000000000000000001110000000000000000000000000000000000000000000000000000000000000000001100
000000000001000000000000000000000000001000000000000000000000000000000000000000000000000000000000000000000000000000000000000000000000000000000000000000
000000000000000000000000000000011000001000000000000000000000000000000000000000000000000000000000000000000000000000000000000000000000000000000000000000
000000000000000110000000000000011000001000000000000000000000000000000000000000000000000000000000000000000000000000000000000000000000000000000000000000
000000000000001001000000000000000000000000000000000000000000001000000000000000000000000000000000000000000000000000000000000000000000000110000000000000
000000000000000110000000000000000011100000110000000000000000001000000000000000000000000000000000000000000000000000000000000000000000000110000000000000
000000000000000000000001100110000000000000110000000000001000001100000000000000000000000000000000000000000000000000000000000000000000000000000000000000
000000000000000000000001100110011000000000000000000011111000000000000000000000000000000000000000000000000000000000000000000000000000000000000000000000
000000000011000000000000000000011000001100000000000010000001100100000000000000000000000000000000000000000000010000000000000000000000000000000000000000
000000000101000000000000000000000000010010000000000100000001010000000000000000000000000000000000000000000000101000000000000000000000000000000000000000
000110000010000000000000000000000000001100000000000011010001010000000011000000000000000000000000000000000001001000000000000000000000000000001100000000
000110000000000000000000000000000000000000000000000010000000000001000011000000000000000000000000000000000000110000000000011000000000000000010010000000
000000000000000000000000000000000000000000000000000010110000000010100011000000000000000000000000000000000000000000000000011000000000000000010100000000
000000000000000000000000000000000000000000000000000010000000000011000000000000000000000000000000000000000000000000000000000000000000000000001000000000
000000000000000000000000000000000000000000000000000010110000001101000000000000000000000000000000000000000000000000000000000000000000000000000000000000
000000000000000000000000001100000000000000000000000001100000010100000000000000000000000000000000000000000000000000000000000000000000000000000000000000
000000000000000000100000001100000000000000000000000000000000011000000000000000000000000000000000000000000000000000000000000000000000000000000000000000
000000000000000000100000000000000000000000000000000000000000000000000000000000000000000000000000000000000000000000000000000000000000000000000000000000
000000000000000000000000000000000000000000000000000000000000000000000000000000000000000000000000000000000000000000000000000000000000000000000000000000
000000000000000000000110000000000000000000000000000000000000000000000000000000000000000000000000000000000000000000000000000000011000000011000000000000
000000000000000000000110000000000000000000000000000000000000000000000000000000000000000000000000000000000000000000000000000000100100000100100000000000
000000000000000000000000000000000000000000000000000000000000000000000000000000000000000000000000000000000000000000000000000000011000000011000000000000
000000000000000000000000000000000000000000000000000000000000000000000000001100000000000000000000000000000000000000000000000000000000000000000000000000
000000000000000000011000000000000000000000000000000000000000000000000000001011000000000000000000000000000000000000000000000000000000100000000000000000
000000000000000000010100000000000000000000000000000000000000000000000000001001000000000000000000110000000000000000000000000000000001010000000000000000
000000000000000000000100000000000000000000000000000000000000000000000000000000000000000000000000110000000000000000000000000000000001010000000000000000
000000000000000010011100000000000000000000000000000000000000000000000000000010000000000000000000000000000000000000000000000000000000100000000000000000
000000000000000101100000000000000000000000000000000000000000000000000000000101000000000000000000000000000000000000000000000000000000000000000000000000
000000000000000101100000000000000000000000000000000000000000000000000000000110000000000000000000000000000000000000000000000000000000000000000000000000
000000000000000010011000000000000000000000000000100000000000000000000000000100000000000000000000000000000000000000000000000000000000000000000000000000
000000000000000000010100000000000000000000000001010000000000000000000000000000000000000000000000000000000000000000000000000000000000000000010000000000
000000000000000000010010000000000011000000000001010000000000000000000000000000000000000000000000000000000000000000000000000000000000000000101000000000
000000000000000000000000000001100111001100000000100000000000000000000000000000000000000000000000000000000000000000000000000000000000000000101000000000
