00000000000000000000000000000000000000000000000000
00000010000000000000000000000000000000000000000000
00000010000000000000000000000000000000100000000000
00000010000000000000000000000000000001010000000000
00000000000000000000000000000000000000110000000000
00000000000000000000000000000000000000000000000000
00000000000000000000000000000010000000000000000000
00000000000000000011000000000111000000000000000000
00000000000000000101000000000100000000000000000000
00000000000000000010000000011011100000000000000000
01000000000000000000000000110110100000000000000000
01000000000000000000000000101001000000000000000000
01000000000000000000000010001011000000000000000000
00000000000000000000000101101000001100000000000000
00011100000000000000001010101001001100000000000111
00000000000000000000001011000000000000000000000000
01000000000000000000000110000000000000000000000000
01000000000000000000000000000000000000000000000000
01000000000000000000000000000000000000000000000000
00000000000000000000000000000000000000000000000000
00000000000001100000000000000000000000000000000000
00001000000001100000000000000000000000000000000000
00001100000000000000110000000000000000000000000000
00001000000000000000110000000000000000000000000000
00000000000000000000000001100000000000000000000000
00000000000000000000000001100000001100000000000000
00000000000000000000000000000000001100000000000000
01110000000000000000000000000000000000000000011000
10010000000000000000000000000000000000000000010100
00000000000000000000000000000000000000000000001100
11000000000000000000000000000000000000000000000000
00111000000000000000000000000000000000001000000000
10111000000000000000000000000000000000010100000000
00000100000000000000000000000000000000001100000001
00000110000000000000000111000000000000000000001100
00010110110000000000000010100000000000000000000110
00001100101100000000000100100000000000000000000000
00000110101100000000000100100000000000000000000000
00000100101100000000000101000000000000000000000000
00000101100000000001000100100000000000000000000000
00001101000000000010100011000000001100000000000000
00001100100000000010100011000000001100000000000000
00000011100000000001000000000000000000000000000000
00000000000000000000001110000000000000000000000000
00000000000000000000000000000000000000000000000000
00010000000000000000000000000000000000000000000000
00101000000000000000110000000100000000000000000000
00101000000000000000110000000100000000000000000000
00010000000000000000000000000100000000000000000000
00000000000000000000000000000000000000000000000000
