001110000010110000000000000000000000000000000000000000000000000000000000000000001000000000000000011001000000000000000000000000000000000000001000000000
000000000000000000000000000000000000000011000000000000000000000000000000110000010100000000000000001000100000000000000000000000011000000000001000000000
000000000000000000000000000000000000000011000000000000000000000000000000110000001100000000000000001001000000000111000000000000100000000000000000110000
000000000000000000000000000000000000000000000000000000000000000000000000000001011000000000000000000111000000001000100000000001100000000000000000101000
000000000000000000000000000000001110000000000000000000000000000000000000000101000000000000000000000000000000000000100000000001100100000000000010100000
000000000000000000000000000000001110000000000011100000000000000000000000000110001100000000000000000000000011001101100000000000100000000000000100111000
000000000000000000000000000000000101100000000000000001110000000001100000000110000100000000000000000000000100100010000000000000011100000000000100101010
000000000000000000000000000000000000100000000000000000000000000001100000000011010010000000000000000000000100100000000000000000010100000000000001110000
000000000000000000000000000000000100100000000000000000000000000000000000000111001110000000000000000000000011000000000000000000000000000000000000010000
000000000000000000000000000000001001000000000000000000000000000000000000000111010010000000000000000000000000000000000000000000000000000000000000010110
000000000000000000000000001100000110000000000000000000000000000000000000111000000000000000000000000000000000000000000000000000000000000000001000000000
000000000000000000000000010010000000000000000000000000000000000000000000000000010010000000001110000000000000000000000000000000000000000000001100000110
000000000000000000000000001100000000000000000000000000000000000000000000000000001001100000000001101000100000000000000000000000000000000000010100010000
000000000000000000000000000000000000000000000000000000000000000000000000000000000001100000010001100100010000000000000000000000000000000000000000000100
011000000111000000000000000000000000000000000000000000000000000000000000000000000011100000001110000000010100000000000000000000000000000000000000000000
011000000000000000000000000000000000000000000000000000000000000000000000000000000000000000000000000000000000000000000000000000000000000000000000000101
001000000000000000000000000000000000000000000000000000000000000000000000000001100000000000000000000000000001000000000000000000000000000000000000000000
100000000000000000000000000000000000000000000000000000000000000000000000000001100000000000000000000000000011100000000000000000000000000000000000100011
100000000000000000000000000000000000000000000000000000000011000000000000000000000000000000000000000000000010100000000000000000000000000000000000100111
000000000000000000000000000000000000000000000000000000000011000000000000000000000000000000000000000000000011000000000000000000000000000010100000011000
000000000000000000000000000000000000000000000000000000000000000000001100000000000000000000000000000000000000000000000000000000000000000000000000000000
000110000000000000000000000000000000000000000000000000000000000000011101000000000000000000000000000000000000000000000000000000000000100010000000000000
001001000000000000000000000000000000000000001100000000000000000000110000000000000000000000000000000000000000000000000000000000000001110001110010000000
000101000000000000000000000000000000000000001100000000000000000001001101100000000000000000000000000000000000000000000000000000000001100100000001000000
000010000000000000000000000000000000000000000000000000000000000011000111000000000000000000000011000000000000000000000000000000000000010100001101100000
000000000000000000000000000000000000000000000000000000000000000010000100000000001000000011000011000000000000000000000000000000000000000111011111000000
000000000000000000000000000000000000000000000000000000000000000010110000000000011000000011000000000000000000000000000000000000000000000101000000000000
000000000000000000000000000000000000000000000000000000000000000001110000000000010110000000000000000000000000000000110000000000000000000110110100000000
000000000000000000000000000000000000000000000000000000000000000000000000000000000110000000000000000000000000000000110000000000000000000000010000000000
000000000000000000100000000000000000000000011000000000000000000000000000000000111110000000000000000000000000000000000000000000010000000000000000000000
000000000000000000100000000000011000000000011000000000000000000000000000000000110000000000000000000000000000000000000000000000101000000000000000000000
000000000000000000000000000000011000000000000000000000000000000000000000000000011110000000000000000000000000000000000000000000010000000000000000000000
000000000000000000000000000000000000000000000000000000000000000000000000000000000100000000000000000000000000000000000000000000001111000000000000000000
000000000000001100000000000000000000000000000000000000000000000000000000000000000000000000000000000000000000000000000000000000001111100000000000000000
100000000000000000000000000000000000000000000000000000000000000000000000000000000000000000000000000000000000000000000000000000010101100000000000000000
010000000000000000000000000000000000000000000000000000000000000000000000000000000000000000000000000000000000000000000000000000001000000000000000000001
001000000000000000000000000000000000000000000011000000000000000000000000000000000000000000000001100000000000000000000000000000000000000000000000000000
010000000000000000000000000000000000000000000100100000000000000000000000000000000000000000000001001000000000000000000000000000000000000000000000000100
100000000000000110000000000000000000000000000011000000000000000111000000000000000000000000000001101100000000000001110000000000000000000000000000000101
100000001100000110000000000000000000000000000000000000000000000000000000000000000000000000000000101000000000000010010000000000000000000000000000000100
100000001100000100000000000000000000000000000000001100000000010000010000000000000000000000111000000100000011100000001000000000000000000000000001110010
100000000000000000011000000000000000000000000000010010000000010000010000000000000000000000010000010100000100000100000000000000000000100000000000000010
000000000000000000011000000000000000000000000000001100000000010000010000000000000000000000011100000000001000010010100000000000000000100000000000000001
000000000000011100000000000000000000000000000000000000000000000000000000000000000000000000011100000100000000000001000000000000011000100000000000000000
000000000000100100000000000000000000000000000000000000000000000111000000000000000000000000011001001000001010100000001000000000011000000000000000000000
000000000001110100000000110000000000000000001010000000000000000000000000000000000000000000010010100000001000000001000000000000000000000000000000000000
000110000101000110000000110000000000000000001001000000000000000000000000000000000000000001000000000000000000000000001000000000000000000000000000000000
000001000000001101000000000000000000000000000010000000000000000000000000000000000000000001101100000000000000000001010000000000000000011100001110000000
001110000000101100100000000001100000000100001000000000000000000000000010000000000000000000110000000000000000000000100000000000001000011100000000000000
001110000010000010110000000001010000001101100001000000000000000000000101000000000000000000000000000000000000000000000000000000011100010001100000000000
000000000000100110100000000000010000001001001000100000000000000000000110000000000000001000000000000000011100000000111100000000101001000010010000000000
000000000000001101000000000001001000000010001000100000000000000000000000000000000000010100000000000000000100110000100010000001101101000001100000000000
000000000000001110000000001000000011000000000001000000000000000000000000000110000010110100000000000000011001001001100000000000110000000000000000000000
000000000000000000000000011001001111000000000000001100000000000000000000000110000101001000000000000011111100100000100000000001000000000000000000000000
000000001000000000000000000000101001000000110000001100000000000000000000000000001100100000000000000000011000000000100100000001010000000000000000000000
000000000010000000000000000000000111000001011000000000000000000000000000000000000100100000000000000000000100000000010100000001000100000111000000000000
000000000010000000000000000000000000000001011000000000000000000000001100000000000000000000000000000000011100000100000000000000111100011111110010000000
000000000001000000000000000001000000000000100000000000000000000000000001000000000000000000000000000000000000001010000000000000001000101100000001000000
000000000110000000000000000001110100000000000000000000000000000000001001000000000000000000000000000010000000001010000000000000000000010000000001000000
000000000110000000000000000001111100000000000000000000000000000000000110000000000000000000000000000101000000000100000000000000000000110010000101000000
000000000000000000000000000000001000000000000000000000000000000000000000011000000000000000000000000000000000000000000000000000000000000000111111000000
000000000000000000000000000000000000000000000000000000000000000000000000100100000000000000000000000000000000000000000000000000000000000000110000010000
000000000000000000000000000000000000000000000000000000000000000000000001001000000000011100000000000000000000000000000000000000110000000000000000011100
000000000000000000000001000000000000000000000000000000000000000000000000001000000000011000011000000000000000000000000000000000000000000000000110000100
000000000000000000000101100000000000000000000000000000000000000000000001000000000001000010011000000000000000000010001000111000000000000000001001110010
000000000000000000001001000000000000000000000000000000000000000000000000000000000001001100000000000000000000000101010000001000000000000000000101000100
100000000000000000011100000000000000000000000000000000000000000000000000000000000001010100000000000101000000000101011000001000000000000000000100000000
100000000000000000010100000000000000000000001100000000000000000000000000000000000000000000000000000010000000000011110011101100000000000000000001001000
100000000000000000010100000000000000000000001111111000100000000000000000000000000000000000000000000000000000000000011100000110000000000000000011000000
000000000000000000011100000000000000000000000010001000010000000000000000000000000000000000000000000000000000000000000110000010000000000000000000000000
000000000000000000000000000000000000000000000010010000001000000000000000000000000001000000000000000000000000000000000000101000000000000000000010000000
000000000001000000000000000000000000000000010011100100000100000000000101000000000010100000000000000000000000000000000000000000000000000000000001000000
000000000001100000000000000000000000000000010011000000001000000000001100110000000100000110000000110000000000000000000000000000000000000001000010001000
000000000001010000000000000000000000000000000001000100010000000000011100110000000100001100000011110000000000000000000000000000000000000001000000010000
000000000000010000000000000000000000110000000000000100010000000000001100000000000101100100000010000011000000000000000000000000000000000001000001100001
100001001110111100000000000000000000110000000000000001000000000000000111100000000100000000000100100011100010000000100000000100000000000000000000000010
010001111000011010000000000000000000000000000000000000000000000000000011000000000001100000000110100010000100001101100001101010000000000000000000000100
110000100010010111000000000000000000000000000000000000000000000000000001000000000101100000000110000000000000001011100010101000000000000000000000000100
110000000000110110000000000000000000000000000000000000000000000000000000000000001111001000000110110000000001010010000001000000000000001100000000001111
110000000001100000000000000000000000000000000000000000000000000000000000000000001001001000000010110000001001001100000010011100000000001100000000001111
100000000000110000000000000000000001000000000000000000000000000000000000000000000110010000000000100000001001011110000010000000000000000000000000001101
000000000000000000000000000000000000100000000000000000000000000000000000000000001000100000000000000000010000100000000000011000000000000000000000000010
000000000000000000000000000000000001000000000000000000000000000000000000000000011001100000000000000000010000010000000000011000000000000000000000000000
000000000000000000000000000000000000000000000000000000000000000000000000000000010001100000000000000000011110010000000010000000000000000000000000000000
000000000000000000000110000000000000000000000000000000000000000000000000000110110001100000000000000000000001000000001110000000000001100000000011000000
000000000000000000000101100010000000000000000000000000000000000000000000001000110001000000000000000000000001000000011010000000000001100000000011000000
000000000000000000000001100010000000000000000000000000000000000000110000000110000010000000000000000000000001000000100110000000000000000000000010000000
100000000000000000000101100010000000000000000000000000000000000000110000000000000000000011100000011000000000000101000000000000000000000000011000000000
100000110000000000000110000000000000000000000000000000000000000000000000001100100000000100100000100100000000111011000100000000000000000000001000000000
100000111000000000000000000000000000000000000000000000000000001000000000001000100000001100100000011000000000000011000100000000000000000000000000000000
000110101000000000000000000000000000000000000000000000000000001000000000000010100000001000100000000000000000000000000100000000000000000000000000000000
001110110000000001000000000000000000000011000000000000000000001000000000000000000000000101000000000000000000000000111000000000000000000000000001010000
011111000000000110110000000001100000000011000000000000000000000000000000000000000000001110000000000000000000000000000000000000000000000000000000000000
011001100000000110110000000001100000000000000000000000000000000000000000000000000000010100000000000000000000000000000000000000000000000000000001001100
011011000000000010100000000000000000000000000000000000000000000000000000000000000001010110000000000000000000000000000000000000000000000000000000000000
000110000000000100001000000000000000000000000000000000000000001100000000000000000010011000000000000000000000000000000000000000001100000000000001000100
000000000000000101101000000000000000000000000000000000000000001100000000000000001100010000000000000000000000000000000000000000010011010000000001000000
000000000000000100001000000000000000000000000000000000000000000000000000000000000000100000000000000000000000000000000000000000111001010000000001001000
000000000000000001010000000001000000000000000000000000000000000000000000000000000010100000000000000000000010000000000000000000000000010000000100110000
000000000000000011011000000001000000000000000000000000000000000000000000000000011000011110000000000000000101000000000000000010000000100000001010000000
000000000000000011011000000001000000000000000000000000000000000000000000000001110100011111000001000000000011000000000000000010000000100000000100000000
000000000000000000100000000000000000000000000011000000000000000000000000000000110110000000100011100000000000000000000000000001011001000000000000000000
000010000000000000000000000000000000000000000011000000000000000000000000000100010001000111000101010000000000000000000000000000010010000000000000000000
000010000000000000000000000000000000000000000000000000000000000000000000000100000110101010001110111000000000000000000000000000010101000000000000000000
000010000000000000000000000000000000110000000000000000000000000000000000000100000010101000000110000000000000000000000000000000000000000000000000000000
010000000000000000000000000000000000110000000000000000000000000000000000000000110000101100000000000000000000000000000000000000000000000000000000000000
001100000000000000000000000011000000000000000000000000000000000000000000000001001001101010000001000000000110000000000000000000000000000000000000000000
011100000000000000000000000100100000000000000000000000000000000000000000000001001000110000000011100000000110000000000011100000000000000000000000000000
000000000000000000000000000101000000100100000000000000000000000000000000000000110001110000001000010000000000000000000010100000000000000000000000000000
000000000000000000000000000010000000100010000000000000000000000000000000000000010000100000000001100000000000000000000010010000000000000000000000111000
000000000000000000000000000000000001000010000000000000000000000000000000000000001110100000001101000000000000000000000001010000000000000000110000111000
000000100000000000000000000000000001000111111000000000000000000000000000000000010000001000000000000000011000000000000001110000000000000000011011001000
000001010000000000000000000000000000010011011000000000000000000000000000000000000100010000000000010000100100000000000000000000000000000000001100010000
000010010000000000000000000000000001110011111000111000000000000000000000000000000111100000000000010000011000000000000000000000000000000000101000001000
000001100000000000000000000000000000110010001100000000000000000000000000000000000000000011000000010000000000000000000011100000000000000001100100001000
000000000001000000000000000000000001001000000100000000000000000000000000000000000000000101000000000000000000000000001101111000000000000000100011000100
000000000001000000000000000000000000110010000000000000000010000000000000000000000000000001000000000000000000110000000010110100000000000010100001010100
001100000001000000000000000000000000000001000000000000000111110100000000000000000000000000000000000000000001001000000010000110000000000010100000111000
010010000000000000000000000000000000010010000000000000001100010110000000000000000000000000000000000000000001010000000000110000000000000001110000000000
001010000000000000000000000000000000000010000000000000000110000100000000000000000000000000000000000000000000100000000000100001000000000000011000000000
000100000000000000000000000000000110101100000000000000000010000110010000000000011000000000000000000000000000000000000000000000100000000001101100000000
000000000000000000000000000000000111101000000000100000000001111110011000000000100100000011100000100000000000000000000000100011000000000011110000000000
000000000000000000000000000000001000001100000100000000000000000000000100000000011000000000000001010000000000000000000001001100000000000110110000000000
000000000000000000000000000000000000000110001001100000000000000000111000000000000000000000000001010011000000000000000110100000000001010100100000000000
000000000000000000000000000000000010100110000111000000000000001001010000000000000000000000000000100011000000000000000111111000000000111010100000000000
000000000000000000000000000000000011000000001010000000000000001101100000000000000000000000000000000000000000000000011111001000000000000010100000000000
001100000000000000000000000000000011100000111000000000000000000101000000000000000000000000000000000000000000000000111000011000000000000000000000001100
001100000000000000000000000000000000000000000000000000000000000010000000000000000000000000000000000001000001100000011111000000000000001000000000011110
000000110000000000000000000000000000000000000000000000000000000000000000000000001110000000000000000010001111110000001110000100000000001000000000100011
100001001000000000000000000000000000000000000001000000000000000000000000000000000000000000000000010000001110011000000100000000000000000000000001101000
000001010000000000000000000000000000000000000001000000000000000000000000000000000000000000000011011100000000011100000000000000000000000110000001101111
000000100000000000110000000000000000000000000001000000000000000000000000000000000000000000000010000101111100011000000000000000000000001111110001110110
000000000000000001010000000000001100000000000000000000001100000000000000000000000000000000000011110000110010001110000000100000000000000101110001000000
000000000000000001100000000000010110000000000000011100010010000000000000000000000000000000000010000000000000000010000000010000000000000000010001001110
000000010000000000000000000000110000100000000000000000001100000000000000000000000000000000000111111110000000000010000011010000000000000000000000101110
000000101000000000000000000000010000010000000000000000000000000000000000000000000000000000001100000010000000000000001101100000000000000000011000000000
000000100100000000000000000000000000010000000000000010000000000000000000000000000000000000000000110111000000000000000011000000000000000000000011000000
011000011000000000000000110000001000000000000000000101000000000000000000000000000000000000000000011000000000000000100000000000000001000000000111000000
100100000000000000000000110000001100000000001100000101000000000000000000000000000000010000000000000000000000000000101000000000000010100000000010000000
011000000000000000000000000000000000000000001100000010000000000000000000000000110000010000000000000000000000000000000000000000000010100000000000000000
000000000000000000000000000110000000000000000000000000000000000000000000000000110000010000000000000000100000010000000000001110000001000000000000000000
000000010000000000000000000110000000000000000000000000000000000000000000000000000010000000000000000000000001100010000000010001000000000011000000000000
000000100000000000000000000000000000000000000000001100000000000000000000000000000010000000000000000011000011000111000000010001000000000011000000000000
000000000000011000000000000000000000000000000000001100000000000000000000000110000010000000000000000100000011000011000000001110000000000000000000000000
000000000001010000010000000000000000000000000000000000000000000000000001000110000000000000000000000010100001110001000000000000000000000000000000000000
000100000011010000001100000000000000001110000000000000000000000000000010100000000000000000000000000010100000001010000000000000000000000000000000000000
000000000001100110000100000000000000000000000000100000000000000000000001000000000000000000000000000010000000000110000000000000000000000000000000000000
011000000010000101100100000000000000000010000001010000000000000000000000000000000000000000000000000110110000000000000000000000000000000000000000000000
010011001010010011101000000000000011000000000001010000000000000000000000000000000000000000000000000010010000000000000000000000000000000000000000000000
010010000111010110010000000000000011000000000000100000000000000000000000000000000000000000000000000001000000000000000000000000000000000000001000000000
