000000000000000000000110000000000000000000000000000000000000000000000000100000000000000000000000000000000000000000000000000000000000000000011100000000
000000000000000000001001000000000000000000000000000000000000000000000000000000000000000000000000000000000000000000000000000000000000000000000000000001
100000000000000000000110000000000000000000000000000000000000000000000000010000000000000000000000011100000000000000000000000000000000000000000000000110
100000000000000000000000000000000000000000000000000000000000000000000000000000000001100000000000000000000000000000000000000000000000000001000001111110
000000000000000000000000000000000000000000000001000000000000000000000000000000000001100000000000000000000000000000000000000000000000000010100010100111
000000000000000000000000000000000000000000000001000000100000000000000000000000000000000000000000000000000000000000000000000000000000000001001000010000
000000000110000000000000000000000000000000000001000000100000000001100000000000000000000000000000000000000000000000000000000000000000110000001000101000
000000001001000000000000000000000000110000000000000000100000000001100000110000000000000000000000000000000000000000000000000000000001001000000100001000
000000001001000000000000000000000000110000000000000000000000000000000000110000000000000000000000000000000000000000000000000000000000110000000010001000
000000000110000000000000000000000000000000000000000000000000000000000000000000000000000000000000000000000000000000000000000000000000000000000001110000
000000000000000000000000000000000000000000000000000000000000000000000000000000000000000000000000000000000000000000000000000000000000000000000000000000
000000000000000000000000000000000000000000000000000000000000000000000000000000000000000000000000000000000000000001110000000000000000000000000000000000
000000000000000000000000000000000000000000000000000000000000000000000000110000000000000000000000110000000000000010001000000000000000000000000000000000
000000000000000000000000000000000000000000001000000000000000000000000000110000000000000000000000110000000000000010001000000000000000000000000000000000
000000000000000000000000000000000000000000011100000000000000000000000000000000000000000000000000000000000000000010000110000000000000000000000000000000
000000000000000000000000000000000000000000111010000000000000000000000000000000000000000000000000000000000000000000100001000000000000000000000000000000
000000000000000000000000000000000000000001000011000000000000000000000000000000000000000000000000000000000110000001010001000000000000000000000000000000
000000000000000000000000000000000000000011000010000000000000000000000000000000000000000000000000000000000110000000100001000000000000000000000000000000
000000000000000000000000000000000000000001011010000000000000000000000000000000000000000000000000000000000110000000000110000000000001110000000000000000
000000000000000000000000000000000000000000000010000000000000000000000000000000000000000000000000000000000000000010001000000000000000000010000000000000
000000000000000000000000000000000000000000011100000000000000000000000000000000000000000000000000000000000000000100001000000000000001011110000000000000
000000000000000000000000000000000000000000001000000000000000000000000000000000111000000000000000000000000000000010110000000000000000000000000000000000
000000000000000000000000000000000000000000000000000000000000011000000100000000111000000000000000000000000000000000000000000000000001111100000000000000
000000000000000000000000000000000000000000000000000000000000100010001111100000100100000000000000000000000000000000000000000000000001001101110000000000
000000000000000000000000000000000000001110000000000000001100010011101010010000011100000000000000000000000000000000000000000000000000100000101000000000
000000000000000000000000000000000000000001100000000000001100010000000001101000000000000000000000000000000000011100000000000000000000110100000000000000
000000000000000000000000000000000000010000010000000000000000000011000000001000010000000000000000000000000000000000000000000000000000110111000101100000
000000000000000000000000000000000000000000001000000000000000000000000010110000000011000000000000000000000000000000000000000000000000110101100101100000
000000000000000001000000000000000000000000001000000000000000000000011010100000001000100000000000000000000000000000000000000000000000011000001100000000
000000000000000011010000000000000000000101001000000000000000000000000100110000000001100000000000000000000000000000000000000000000000000000011100000000
000010000010000000000000000000000000100100010000000000000000000001000000011000000000000000000000000000000000000000000000000000000000000000000000000000
000010000101000100011000000001100001010110000000000000000000000010100000001000000000000000000000000000000000000000000000000000000000000000101000000000
000010000110000010000100000001100010000000000000000000000000000010010000000000000000000000000000000000000000000010100000000000000000000000101000000000
000000000000000000001100000000000001100011101000000000000000000001110000100000000000000011000000000000000000000010100000001100000000000000000000000000
000000000000000001011100000000000000101011011100000000000000000000100011011000000000000011000000000000001100000011000000011010000000000000000000001110
000000000000000001000000000000000000010010000100000000000000000000000000001000000000000000000000000000001100000000000000100001000000010001011000010010
000000000000000001000000000000000000010010101000000000000000000000000010000000000000000000000000000000000000000000000000100000000000101010010000010001
000000000000000000000000000000000000001010100000000000000000000000000011111010000000000000000000000000000000000000000000100000001001100000000000110101
000000000000000000000000000000000000000000000000000000000000000000000010000000000000000000000000000000000000000000000000000000101000100110000000110110
000000000000000000000000000000000000000000000000000000000000000000000011001000000000000000000000000000000000000000000000001011000110100000000000011100
000000111000000000000000000000000000000000000000000000000000000000000010010000000000000000000000000000000000000000000000000000101100110000000000000000
000000000000000000000000000000000000000000000000000000000000000000000000010000000000000000000000000000000000000000000000000000000000000000000000000000
000000000000000000000000000000000000000000000000000000000000000000000000000000000000000000000000000000000000000000000000000000000110000000000000000000
000000000000000000000000000000000000000000000000000000000000000000000000000000000000000010000000000000000000000000000000000000000000000000000000000000
000000000000000000000000000000000000000000000000000000000000000000000011100000000000000101000000000000000000000000000000000000000000000000000000000000
000000000000000000000000000000000000000000000000000000000000000000000000000000000000000011000000000000000000000000000000000000000000000000000000000000
000000000000000000000000000000000000000110000000000000000000000000000000000000000000000000000000000001000000000000000000000000000000000000000000000000
000000000000000000000000000000000000000110000000000000000000000000000000000000000000000000000110000010100000000000000000000000000000000000000000000000
000000000000000000000000000000000000000000000000000000000000000000000000000000000000000000000110000010100000000000000000000000000000000000000000000000
000000000000011100000000000000000000000000000000000000000000000000000000000000000000000000000000000001000000000000000000000000000000000000000000000000
000000000000000000000000000000000000000000000000000000000000000000000100000000000000000000000000000000000000000000000001000000000000000000000000000000
000000000000000000000000000000111000000000000000000000000000000000000100000000000000000000000000110000000000000000000010100001000000000000000000000000
001111100000000000000000000000111000000000000000000000000001000000001000001100000000000000000001001000000000000000000100010010110000000000000000000000
110110110000000000000000000011001100000000000000001100000001100000000000000000000000000000000000110000000000000000000100100010100000000000000000000000
100000000000000000000000000011000011000000000000001100000010100000000000000000000000000000000000000000000000000000000000010001000000000000000000000000
100111110000000000000000000000001001000000000000000000000000000000000000000000000000000000000000000001000000000000000011001000000000000000000000000001
111100010000000000000000000000110001000000000000000000000000000000001000000000000000000000000000000010100000000000000010000110000000000000000000000001
111100011000000000000000000000110110000000000000000000000000000000001000000000000000000000000000000010100000000000000010010110000000000000000000000011
100000101000000000000000001100010100000001100000000000000000000000001000000000000000000000000000000001000000000000000001010110000000000000000000000011
000000101000000000000000001100000000000010010000000000000000000000000000000000000000000000000000000000000000000000000000011000001110000000000000000000
000000011000000000000000000000000000000001100000000000000000000000000000000000000000000000000010000000000000000000000000001001101100110000000000000000
000000101000000000110000000000101000000000000000000000000000000000000011000000000000000000000010000000000000000000000000000111001110110000000000000000
000000011000000000011000110000110000000000000000000000000011000000000011000000000010110000000010000000000000000000000000000010001000110000000000000000
000000010000000000100001110000010000000000000000000000000011000000000000000001011100000100110000000000000000000000000000010000000111000000000000000000
000000000000000000000001000000000000000000000000000000000000000000000000000000000000100001001000111000000000000000011100010000000000000000000000000000
000000011000000000000000000001110000001000000000000000000000000000000000000001010101110001110000000000000000000000000000010000000111000000000000000000
000000100100000000001000000010001000010100000000000000000000000000000000000000000010000000000010000000000000000000000000000010001000110000000000000000
000001000000000000111100000010001000010100000000000000000000000000000000000000000000000000000010000011100000001110000000000101001110110000000000000000
000000100000000000110000011111010000001000000000000000000000000000000000000000110000000001000010000100100000000000000000000001101100110000000000000000
000000000000000000000000001100000000000000000000000011000000000000000000000001001000000011100000000100000010000000000000001100001110000000000000000000
000000001000111000011001000000000000000000000000000011000000001100000000000000111000000001000000001000100011000000000000010000000000000000000000000000
000000000110110100000111000000000000000000000000000000000000010010000000000000000000000000000000000110100010010000100000110010000000000000000000000000
000000000100000111110000000000000000000000000000000000011000001100000000000000000000000000000000000001000010001001111101000010000000000000000000000000
000001001000000011010011000000000000000000000000000000011000000000000000000000000000000000000000000000000010001001111101000000000000000000000000000000
000000100010000000110111000000000000000000000000000000000000000000000000000000000000000000000000000001000001010000000101000101000000000000000000000000
000001000010000001101100000000110000000000000000000000000000000000000000000000000000000000000000000110110000100000000000010110100000000000000000000000
000000000000000000011000000001001000000000000000000000000000000000000000000000000000000000000000001000011000000000000000110010110000000000000000000000
000000110000000000100000000001010000000110000000000000000000000000000000011000000000000000000000000100010000000001100011100001000000000000000000000000
000000000000000000000000000000100000000110000000000000000000000000000000011000000000000000000110000100100000000000110111000000000000000000000000000000
000000000000011100000000000000000000000000000000000000000000000000000000000000000000000000110010000011100000000000011100000000000000000000000000000111
100000001100000000000000000000000000000000000000000000000000000000000000000000000000000011000100000000000000000000001000000000000000000000000000000100
011110001100000000000000000000000000000000000000000000000000000000000000000000000000000000000100000000000000000000000000000000000000000000000000000100
000110000000000000000001100000000000000000000000000000000000000000000000000000000000000011000000000000000000000000010000000000000011000000000000000010
000110001010000000000001010000000000000000000000000000000000000000000000000000000000000000000100000000000000000000101000000000000011000000000000000010
001000000001000000000000010000000000000000000000000000000000000000000000000000000000000000000000000000000000000000110000000000000000000000000000000000
011000001000100000000001010000000000000000000000000000000000000000000000000000000000000000111000000000000000000000000000000000000000000000000000000100
010000000000001000000001100000000000000000000000000000000000000010000000000000000000000000000000000000000000000000000000000000000000000000000000000010
010000000010010010000000000000000000000000000000000000000000000010000000000001100000110000000000000000000000000000000000000000000000000000000000000010
000000000001110100000000000000000000000000000000000000000000000010000000000001100001001000000000000100000000000000000000000000000011100000000000000000
000000000000011000000000000000000000010110000000000000000000000000000000000000000000110000000000000011000000000000000000000000000000000000000000000000
000000000000000000000000000000000000000101100000000000000000111000000000000000000000000000000000000000000000000000000000000000000000000000001100000000
000000000000000000000000000000000000010001000000000000000000000000000000000000000000000000000000000011000000000000000000000000000000000000001100000000
000000000000000000000000000000111000000010000000000000000000000010000011000000000000000000000000000011000001001110000000000000000000000000000000000000
000000000000000000000000000000110100010000000000000000000000000010000011000000000000000000000000011010000000100000000000000000000000000000000000000000
000000000000000000000000110000011100000000000000100000000000000010000000000000000000000000000000010001001000010000000000000000000000110000000000000000
010000000000000000000000101110000001100000000001001000000000000000000000000000000000000000000000001101000000010000000000000000000000110000000000000000
101000000000000000000000011110000001101110000000000100000000000000110000000000000000000000000000000011101100100000000000000000000000000000000000000000
101000000000000000000000001110000001101000000010000100000000000000110000000000000000000000000000000001011101000000000000000000000000000000000000000000
010000000000110000000000000000000000000000000000001100000000000000000000000000000000000000000000000000100010000000000000000000000000000000000000000000
000000001111011000000000000000000000000000000000000000000110110000000000000000000000000000000000000000000000000000000000000000000000000000000000000000
000000010010000000000000000000000000000000000001110000000110110000000000000000000000000000000000000000000000000000000000000000000000000000000000000000
000000110000000000000001110000000000000000110000000000000000000000000000000000000000000000000000000000000000000000000000000000000000000000000000000000
000000010010000000000000000010000000000001001000000000000000000000011000000000000000000000000000000000000000000000001000000000000000000000000000000000
000000001111011000000000000010000000000000110000000000000000000000100100000000000000000000000000000000000000000000010100000000000000000000000000000000
000000000000110000000000100010000000110000000000001100000000000000011000000000000000000000000000000000000000000000100100000000000000000000000000000000
000000000000000000000000001000000001001000000000001100000000000000000000000000000000000000000000000000000000000000011000000000000000001100000000000000
000000000000000000000000000000000001010000000000000000000000000000000000000000000000000000000000000000000000000000000000000000000000010100000000000000
000000000000000000000000000000000000100000000000000000000000000000000000000000000000000000000000000000000000000000000000000000000000001000000000000000
000000000000000000000000000000000000000000000000000000000000000000000000000000000000000000000000000000000000000000000000000000000000000000000000000000
000000000000000010000000000000000000000000000000010000100000000000000000000000000000000000000000000000000000000000000000000000000000000000000000000000
000000000000000101000000000000000000000000000000011111110000000000000000000000000000000000000000000000000000000000000000000000000000000000000000000000
000000000000001001000000000000000000000000001110000110001100000000000000000000000000100000000000000000000000000000000000000000000000000010000000000000
000000000000000110000000000000000000000001111110000101001100000000000000000000000001010000000000000000000000000000000000000000000000000010000000001100
000000000000000000000000000000000000000010110010000000000000000000000000000000000010010000000000000000000000000000000000000000000000000010000000001100
000000000000000000000000000000000000000100001100000001000010000000000000000000000001100000000000000000000000000000000000000000000000000000000000000000
000000000000000000000000000000000000000010101000100001100000000000000000000000000000000000000000000000000000000000000000000000000000000000000000000000
000000000000000000000000000000000000000000101000100001000100000000000000000000000000000000000000000000000000000000000000000000000000000000000000001100
000000000000000000000000000000000000000000000000100000001000000000000000000000000000000000000000000000000000000000000000000000000000000000000000001100
000000000000000000000000000000000000000000000000000000000000000000000000000000000000000000000000000000000000000000000000000000000000000000000000000000
000000000000000000000000000000000000000000001100000000000000000000010000000000000000000000000000000000000000000000000000000000000000000000000000000000
000000000000000000000000000000000000000000000000000000000000000000101000000000000000100000000000000000000000000000000000000000000000000000000000000000
000000000000000000000000000000000000000000000000000000000000000001000000000000000001010000000000000000000000000000000000000000000000000110000000000000
000000000011000001100000000000000000000000000000000000000000000000110000000000000001010000000000000000000000000000000000000000000000000110000000000000
000000000011000001100000000000000000000000000000000000000000000000000000000000000000100000000000000000000000000000000000000000000000000000000000000000
000000000000000000000000000000000000000000000000000000000000000000000000000000000000000000000000000000000000000000000000000000000000000000000000000000
000000000000000000000000000000000000000000000000000000000111000000000000000000000000000000000000000000000000010000000000000000000000000000000000000000
000000000000000000000000000000000000000000000000000000001011000000000001100000000000000000000000000000000000101000000000000000000000000000000000000000
000000000000000000000000000000000000000000000000000000000000000000000010010000000000000000000000000000000001001000000000000000000000000000001100000000
000000000000000000000000000000000000000000000000000000011100000001110111000000000000000000000000000000000000110000000000011000000000000000010010000000
000000000000000000000000000000000000000000000000000000011000000000010010100000000000000000000000000000000000000000000000011000000000000000010100000000
000000000000000000000000000000000000000000000000000000000000000000000001000000000000000000000000000000000000000000000000000000000000000000001000000000
000000000000000000000000000000000000000000000000000000000110000000000000000000000000000000000000000000000000000000000000000000000000000000000000000000
000000000000000000000000000000000000000000000000000000001100001100010000000000000000000000000000000000000000000000000000000000000000000000000000000000
000000000000000000000000000000000000000000000000000000000000010000000000000000000000000000000000000000000000000000000000000000000000000000000000000000
000000000000000000000000000000000000001100000000011000001000111000010011100000000000000000000000000000000000000000000000000000000000000000000000000000
000000000000000000001100000000000000001100000000011000000101101111100000001000000000000000000000000000000000000000000000000000000000000000000000000000
000000000000000000001100000000000000000000000000000000000001011000000000101100000000000000000000000000000000000000000000000000011000000011000000000000
000000000000000000000000000000000000000000000000000000000001110000000000100000000000000000000000000000000000000000000000000000100100000100100000000000
000100000000000000000000000000000000000000000000000000000001001000000100001100000000000000000000000000000000000000000000000000011000000011000000000000
000100000000000000000000000000000000000000000000000000000101010000000100111100000000000000000000000000000000000000000000000000000000000000000000000000
000000000000000000000000000000000000000000000000000000000010000000000010000100000000000000000000000000000000000000000000000000000000100000000000000000
000000000000000000000000000000000000000000000000000000000000000000000000010000000000000000000000110000000000000000000000000000000001010000000000000000
000000000000000000000000000000000000000000000000000000000000000000000011010000000011100000000000110000000000000000000000000000000001010000000000000000
000000000000000000000000000000000000000000000000000000000000000000000011000000000000000000000000000000000000000000000000000000000000100000000000000000
000000000000000000001100011000000000000000000000000000000000000000000000000000000000000000000000000000000000000000000000000000000000000000000000000000
000000000000000000010010011000000000000000000000000000000000000000000000000000001000000000000000000000000000000000000000000000000000000000000000000000
000000000000000000010100000000000000000000000000100000000000000000000000000000001000000000000000000000000000000000000000000000000000000000000000000000
000000000000000000001000000000000000000000000001010000000000000000000000000100011000000000000000000000000000000000000000000000000000000000000000000000
000000000000000000000000000000000000000000000001010000000000000000000000001100000000000000000000000000000000000000000000000000000000000000000000000000
000000000000000000000000000000000000000000000000100000000000000000000000010000000000000000000000000000000000000000000000000000000000000000000000000000
