000000000000000000000110000000000000000000000000000000000000000000000000000000000000000000000000000000000000000000000000000000000000001000010000000000
000000000000000000001001000000000000000000000000000000000000000000000000000000000000000000000000001000000000000000000000000000000000001000000000000000
000000000000000000000110000000000000000000000000000000000000000000000000000000000000000000000000001000000000000000000000000000000000001000000000000000
000000000000000000000000000000000000000000000000100000000000000000000000000000000001100000000000001000000000000000000011000000010000000000000000000000
000000000000000000000000000000000000000000000000100111000000000000000000000000000001100000000000000000000000000000000100100000010000000000000000000000
000000000000000000000000000000000000000000000000000100000000000000000000000000000000000000000000000000000000000000000010100000010000000000000000000000
000000000110000000000000000000000000000000000000011011000000000001100000000000000000000000000000000000000000000000000001000000000000000000000000000000
000000001001000000000000000000000000000110000000110100000000000001100000000010000000000000000000000000000000000000000000000000000000000100000000000000
000000001001000000000000000000000000110010000000010010000000000000000000000011000000000000000000000000000000000000000000000000000000010001000000000000
000000000110000000000000000000000000011100000000001100000000000000000000000101000000000000000000000000000000000000000000000000000000100000000000000000
000000000000000000000000000000000000001000100000000000000000000000000000000000000000000000000000000000000000000000000000000000000110000001000000000000
000000000000000000000000000000000000000100001000001001000000000000000000000000001100000000000000110000000000000000000000000000001000000110000000000000
000000000000000000000000000000000000000100001000001001000000000000000000000000010100000000000001110000000000000000000010100000010000000100000000000000
000000000000000000000000000000000000001000001000000101000000000000000000000000010100000000000011111000000000000000000001100000001000100000000000000000
000000000000000000000000000000000001100100110000000000000000000000000000000000011000000000000101000000000000000000000001100000000000011100000000000000
000000000000000000000000000000000001100001110000000000000000000000000000000001000010000000000010000000000000000000100000000000000000000000000000000000
000000000000000000000000000000000000000000000000000000000000000000000000000001110110000000000000010100000000000001010000000000000000000000000000000000
000000000000000000000000000000000000000000000000000000000000000000000000111000000000000000000000000100000000000000100000000000100000000000000000000000
000000000000000000000000000000000000000000000000000000000000000000000011111000000000000000011000000100001100000000000000000001010000000000000000000000
000000000000000000000000000000000000000000000000000000000000000000000110001000000000000100000011100000001100000000000000110001001000000000000000000000
000000000001000000000000000000000000000000000000000000000000000000000010100000000000001001101000000000000000000000000000001000010000000000000000000000
000000000011100011000000000000000000000000000000000000000000000000000001100000000000000101110000100000000000000000000000110000000000000000000000000000
010000000110110011000000000000001000000000000000000000000000000000000000001110000000000000000001010000000000000000000000000000000000000000000000000000
101000001100000000000000000000001000000000000000000000000000000000000001100010000000000010100000001000000000000000010000000001000000000000000000000000
101000011100000000000000000000001000000000000000000000001100000000110011011100000011000000000001010000000000000000010000000010110000000000000000000000
010000001100000000000000000000000000000000000000000000001100000000000001011000000011000100010001000000000000000000010000000110110000000000000000000000
000000000110110000000000000000000000000000000000000000000000000001000100000000000000001010100000000000000000000000000000000110100000000000000000000000
000000000110100000000000000000000000000000000000000000000000000000000000000000000000010000000000000000000000000000000000100110000000000000000000000000
000000000000000000000000000000000000000000000000000000011100000000000000100000000000001100000000000000000000000000000001000111000000000000000000000000
000111000000000000000000000000000000000000000000000000100100000000100001000000000000000000000000000000000000000000000010000111000000000000000000000000
000100000101000000000000000000000000000000000000010001000000011000001100000000000000000000000000000000000000000000000110000111000000100000000000000000
000111000001100000000000000001100000000000000000010001000110011000000000000000000000000000000000000000000000000000001100100111000001010000000000000000
000000000000000000000000000001100111000000000000010001000010010000000000000000000000000000000000000000000000000000000110000111000001010000000000000000
000000000011100000000000011000000000000000000000000000111101000000000000000000000000000011000000000000000000000000000010110110000000100000000000000000
000000100010111000000000110100000000000000000000000000000000000000000000000000000000000011000000000000001100000000000000000010110000000000000000000000
000001110000111000000000000110000000000000000000000000000000000000000000000000000000000000000000000000001100000000000000000110001000000000000000000000
000010010000000001110101110100000000011000000000010000000000000000000000000000000000000000000000000000000000000000000011001000000000000000000000000000
000010000000000001001110000110000000011000000000010000000000000000000000000000000000000000000000000000000000000000000011011101110000000000000000000000
000000001000000010011001000110000100000000000000010000000000000000000000000000000000000000000000000000000000000000000000011000000000000000000000000000
000000001000000001101001000101000100000000000000000000000000000000000000000000000000000000000000000000000000000000000000010010000000000000000000000000
000001100100000000010000110100011100000000000000000000000000000000110000000000000000000000000000000000000000000000000000001100000000000000000000000000
000000011110000000000000000000000000000000000000000000000000000001001000000001000000000000000000000000000000000000000000000000000000000000000000000000
000000000100000000000000000001000000000000000000000000000000000000101000000001000000000000000000000000000000000000000000000000000000000000000000000000
000000001000000000000000101010000000000000000000000000000000000000010000000001000000000010000000000000000000000000000000000000000000000000000000000000
000000000000000000000000100000000000000110000000100000000000000000000000000000000000000101000000000000000000000000000000000000000000000000000000000000
000000000000000000000000000001010000000011000010000100000000000000000000011100011100000011000000000000000000000000000000000000000000000000000000000000
000000000000000000000000000100010000000011000100000100000000000000000000000000000000000000000000000001000000000000000000000000000000000000000000000000
000000000000000000000000000000000000000000000010000100000000000000000000000001000000000000000110000010100000000000000000000000000000000000000000000000
000000000000001000000000000000000000000110000000100000000000000000000000000001000000000000000110000010100000000000000000000000000000000000000000000000
000000000000001000000000000000000000001001000000000000000000000000000000000001000000000000000000000001000000000000000000000000000000000000000000000000
000000000000001000000000000000000000001001000000000000000000000000000000000000000000000000000000000000000000000000000000000000000000000000000000000000
000000000000000000000000000000000000000010000110000000000000000000000000000000000000000000000000110000000000000000000000000000000000000000000000000000
000000000000000000000000000000000000000000000011000000000000000000000000000000000000000000000001001000000000000000000000000000000000000000000000000000
000000000000000000000000000000000000000000000100001100000000000000000000000000000000000000000000110000000000000000000000000000000000000000000000000000
000000000000000000000000000000000000000000000000001100000000000000000000000000000000000000000000000000000000000000000000000000000000000000000000000000
110000010000000000000000000000000000000000000000000000000000000000000000000000000000000000000000000001000000000000000000000000000000000000000000000000
110000101000000000000000000000000000000000000000000000000000000000000000000000000000000000000000000010100000000000000000000000000000000000000000000000
000000011000000000000000000000000000000000000000000000000000000000011100000001100000000000000000000010100000000000001100000000000000000000000000000100
000000000000000000000000000000000000000000000000000000000000000000000000000010010000000000000000000001000000000000001100000000000000001100000000001010
000000000000000000000000000000000000000000000000000000000000000000000000000001010000000000000000000000000000000000000000000000000000001100000000001001
000000001100000000000000000000000000000000010000000000000000000000000000000000100000000000000000000000000000000000000000000000000000000000000000000110
000000001010000000000000000000000000000001101000000000000000000000000000000000000000000000000000000000000110000000000000000000000000000000000000000000
000000000100000000000000000000000000000000100100000000000011000000000000000000000000000000000000000000000110000000000000000000000000000000000000000000
000000000000000000000000000000000000000010001000000000000011000000000000000000000000000000000000000000000000000000000000000000000000000000000000000000
000000000000000000000000000000000000000010001000000000000000000000000000000000000000000000000000000000000000000000000000000000000000000000000000000000
000000000000000000000000000000000000000001010000000000000000000000000000000000000000000000000000000000000110000000000000000000000000000000000000000000
000000000000000000000000000000000000000000100000000000000000000000000000000000000000000100000000000000000110000000000000000000000000000000000000000000
000000000000000000000000000000000000000000000000000000000000000000000000000000000000001010000000001000000000000000000000000000000000000000000000000000
000000000010000000000000000000000000000000000000000000000000000000000000000000000000000100000000010100000000000000000000100000000000000000000000000000
000000000101000000000000000000000000000000000000000011000000000000000000110000000000000000000000010010000000000000000000100000000000000000000000000000
000000000101000000000000000000000000000000000000000011000000001100000101001000000000000000000000001100000000000000000000111000000000000000000000000000
000000000010000000000000000000000000000000000000000000000000010010001001011000000000000000000000000000000010000000000000000000000000110000000000000000
000000000000000000000000000000000000000000000000000000011000001100010001011000000000000000000000000000000010000000000000100000000001001000000000000000
000000000000000000000000000000000000000000000000000000011000000000001000100000000000000000000000000000000010000000000000110100000001001000000000000000
000000000000000000000000000000000000000000000000000000000000000000000100000000000000000000000000000000000000000000000000010000000000110000000000001100
000000000000000000000000000000000000000000000000000000000000000000000000001100000000000000000000000000000000000000000000000001000000000000000000010010
000000000000000000000000000000000000000000000000000000000000000000000000010110000000000000000000000000000000000000000000001101100000000000000000001100
000000000000000000000000000111000000000110000000000000000000000000000010000001000000000000000000000000000000000000000000010101100000000000000000000000
000000000000000000000000001000100000000110000000000000000000000000000001010101000000000000000000000000000110000000000000010001000000000000000000000000
000000000000000000000000001101100000000000000000000000000000000000000001110010000000000000000000000000000110000000000000001001000000000000000000000000
000000000000000000000000110000000000000000000000000000000000000000000000000000000000001100000000000000000000000000000000001110000000000000000000000000
000000000000000000000000110000000000000000000000000000000000000000000000000000000000001100000000000000000000000000000000000000000000000000000000000000
000000000000000000000000000000011100000000000000000000000000000000000000000000000000000000000000000000000000000000000000000000000011000000000000000000
000111000000001000000000000000010100000000000000000000000000000000000000000000000000000000000000000000000000000000000000000000000011000000000000000000
000000000000001000000001100000000110000000000000000000000000000000000000000000000000000000000000000000000000000000000000000000000000000000000000000000
010000000000001000000000110000001010000000000000000000000000000000000000000000000000000000000000000000000000000000000000000000000000000000000000000000
010000000000000000000010100000000100000000000000000000000000000000000000000000000000000000000000000000000000000000000000000000000000000000000000000000
010000000000000000000001000011000000000000000000000000000000000111000000000001100000110000000000000000000000000000000000000000000001000000000000000000
000000000000000000000000000011000000000000000000000000000000000000000000000001100001001000000000000000000000000000000000000000000001000000000000000000
000000000000000000000000000000000000000000000000000000000000000000000000000000000000110000000000000000000000000000000000000000000001000000000000000000
000000000000000000000000000000000000000000000000000000000000000000000000000000000000000000000000000000000000000000000000000000000000000000001100000000
000000000000000000000000000000000000000000000000000000000000000000000000000000000000000000000000000000000000000000000000000000000000000000001100000000
000000000000000000000000000000000000000011000000000000000000000000000000000000000000000000000000000000000000000000000000000000000000000000000000000000
000000000000000000000000000000000000000011000000000000000000000000000000000000000000000000000000000001100000000000000000000000000000000000000000000000
000000000000000000000100000000000000000000000110001100000000000000000000000000000000000000000000000001100000000000000000000000000000110000000000000000
000000000100000000000000100000010000000000001111010010000000000000000000000000000000000000000000000000000000000000000000000000000000110000000000000000
000000001010000000001000000000111100000001011001111111000000000000000000000000000000000000000000000000000000000000000000000000000000000000000000000000
000000010001000000000000010001011111000001001000000110000000000000000000000000000000000000000000000000000000000000000000000000000000000000000000000000
000000010000100000001000010011000111000001001000111000000000000000000000000000000000000000000000000000000000000000000000000000000000000000000000000000
000000001000000000001000110001011100100000110000001010001000000000000000000000000000000000000000000000000000000000000000000000000000000000000000000000
100000000000010000100110100000101101000000001100000000110010000000000000000000000000000000000000000000000000000000000000000000000000000000000000000001
100010001001110000100000000000001101000000001100000010001110000000000000000000000000000000000000000000000000000000000000000000000000000000000000000001
000011010000100000100000000000000000000000000000000010110100000000000000000000000000000000000000000000000000000000001000000000000000000000000000000000
000000000000000000000000000000000000000000000000000110100000000000001000000000000000000000000000000000000000000000010100000000000000000000000000000000
000000110000100000000000000000000000000000000000000001000000000000001000000000000000000000000000000000000000000000100100000000000000000000000000000000
001001011000100000000000000000000000100000000000000000010000000000000000000000000000000000000000000000000000000000011000000000000000001100000000000000
010001110001000000000000000000000001010000000000000001110000000000000000000000000000000000000000000000000000000000000000000000000000010100000000000000
000010100101000000000000000000000001010000000000000000000001000000000000000000000000000000000000000000000000000000000000000000000000001000000000000000
000011000000000000000000010000000000100000000000000000110010110000000010000000000000000000000000000000000000000000000000000000000000000000000000000000
000110000000000010000000111000000000000000000000000000000000010110011100000000000000000000000000000000000000000000000000000000000000000000000000000000
000000000000000101000001001100000000000011000000000000000010010110001100000000000000000000000000000000000000000000000000000000000000000000000000000000
000000000000001001000011001000000000000011100000000000000010011111010000000000000000100000000000000000000000000000000000000000000000000000000000000000
000000000000000110000001110000000000000000000000000000000001100010100000000000000001010000000000000000000000000000000000000000000000000111000000001100
000000000000000000000000100000100000000011100000000000000000000001000000000000000010010000000000000000000000000000000000000000000000000000000000001100
000000000000000000000000000001111000000000000000000000000000000000000000000000000001100000000000000000000000000000000000000000000000000000000000000000
000000000000000000000000000010011000000111100000000000000000110000000000000000000000000000000000000000000000000000000000000000000000000000000000000000
000000000000000000000000000110100100011011000100000000000000000000000000000000000000000000000000000000000000000000000000000000000000000000000000001100
000000000000000000000000000001010100000000001010000000000000111001110000000000000000000000000000000000000000000000000000000000000000000000000000001100
000000000000000000000000000100111000000000001100000000000000011000000000000000000000000000000000000000000000000000000000000000000000000000000000000000
000000000000000000000000000010000000000000000000000000000010100000000000000000000000000000000000000000000000000000000000000000000000000000000000000000
000000000000000000000000000010000001110000000000000000000011011000000000000000000000100000000000000000000000000000000000000000000000000000000000000000
000000000000000000000000000000000000000000000000000000000100000100000000000000000001010000000000000000000000000000000000000000000000000110000000000000
000000000011000001100000000000000000000100000000000000000000000100000000000000000001010000000000000000000000000000000000000000000000000110000000000000
000000000011000001100000000000000000000100000000000000000001000100000000000000000000100000000000000000000000000000000000000000000000000000000000000000
000000000000000000000000000000000000000100000000000000000001001000000000000000000000000000000000000000000000000000000000000000000000000000000000000000
000000000000000000000000000000000000000000000000000000000001110000000000000000000000000000000000000000000000010000000000000000000000000000000000000000
000000000000000000000000000000000000000000000000000000000000000000000000000000000000000000000000000000000000101000000000000000000000000000000000000000
000000000000000000000000000000000000000000000000000000000000000000000000000000000000000000000000000000000001001000000000000000000000000000001100000000
000000000000000000000000000000000000000000000000000010000000000000000000000000000000000000000000000000000000110000000000011000000000000000010010000000
000000000000000000000000000000000000000000000000000100000000000000000000000000000000000000000000000000000000000000000000011000000000000000010100000000
000000000000000000000000000000000000000000000000001011000000000000000000000000000000000000000000000000000000000000000000000000000000000000001000000000
000000000000000000000000000000000000000000000000000001010000000000000000000000000000000000000000000000000000000000000000000000000000000000000000000000
000000000000000000000000000000000000000000000000000000000000000000000000000000000000000000000000000000000000000000000000000000000000000000000000000000
000000000000000000000000000000000000000000000000000010010000000000000000100000000000000000000000000000000000000000000000000000000000000000000000000000
000000000000000000000000000000000000001100000000000010100000000000000001010000000000000000000000000000000000000000000000000000000000000000000000000000
000000000000000000001100000000000000001100000000000000000000000000000001010000000000000000000000000000000000000000000000000000000000000000000000000000
000000000000000000001100000000000000000000000000000000000000000000000000100000000000000000000000000000000000000000000000000000011000000011000000000000
000000000000000000000000000000000000000000000000000000000000000000000000000000000000000000000000000000000000000000000000000000100100000100100000000000
000000000000000000000000000000000000000000000000000000000000000000000000000000000000000000000000000000000000000000000000000000011000000011000000000000
000000000000000000000000000000000000000000000000000000000000000000000000000000000000000000000000000000000000000000000000000000000000000000000000000000
000000000000000000000000000000000000000000000000000000000000000000000000000000000000000000000000000000000000000000000000000000000000100000000000000000
000000000000000000000000000000000000000000000000000000000000000000000000000000000001000000000000110000000000000000000000000000000001010000000000000000
000000000000000000000000000000000000000000000000000000000000000000001100000000000001000000000000110000000000000000000000000000000001010000000000000000
000000000000000000000000000000000000000000000000000000000000000000001100000000000001000000000000000000000000000000000000000000000000100000000000000000
000000000000000000001100011000000000000000000000000000000000000000000000000000000000000000000000000000000000000000000000000000000000000000000000000000
000000000000000000010010011000000000000000000000000000000000000000000000000000001000000000000000000000000000000000000000000000000000000000000000000000
000000000000000000010100000000000000000000000000100000000000000000000000000000010100000000000000000000000000000000000000000000000000000000000000000000
000000000000000000001000000000000000000000000001010000000000000000000000000000010100000000000000000000000000000000000000000000000000000000010000000000
000000000000000000000000000000000000000000000001010000000000000000000000000000001000000000000000000000000000000000000000000000000000000000101000000000
000000000000000000000000000000000000000000000000100000000000000000000000000000000000000000000000000000000000000000000000000000000000000000101000000000
