000000000000000000000000000000000000000000000000000000000000000000000000000000000000000000000011000000000000000000100100000000000000100000000000000000
000000000000000000000000000000000000000000000110000000000000000000000000000000000000000000000011000000000000000000101100000000000000000000000100000000
000000000000000000000000000000000000000000000110000000000000000000000000000000000000000000000000000000000000000000100000000000000000000000000100000000
000000000000000000000000000000000000000000000000000000000000000000000000000000000000000000000000000000000000000000000000000000000000000000000000000000
000000000000000000000000000000000000000000000000000000000000000000000000000000000000000000000000000000000000000000000000000000000000000000000000000000
000000000000000000000000000000000000000000000000000000000000000000000000000000000000000000000000000000000000000000000000000000000000000000000000000000
000000000110000000000000000000000000000000000000000000000000000001100000000000000000000000000000000000000000000000000000000000000000000000000000000000
000000001001000000000000000000110000000000000000000000000000000001100000000000000000000000000000000000000000000000000000000000000000000000000000000000
000000001001000000000000000000110000000000000000000000000000000000000000000000000110000000000000000000000000000000000000000000000000000000000000000000
000000000110000000000000000000000000110000000000000000000000000000000000000010100101000000000000000000000000000000000000000000000000000000000000000000
000000000000000000000000000000000000110000000000011000000000000000000000000010010001000000000000000000000000000000000000000000000000000000000000000000
000000000000000000000000000000000000000000000000011000000000000000000000000000001001000000000000000000000000000000000000000000000000000000000000000000
000000000000000000000000000000000000000000000000000000000000000000000000000010001010000110000000000000000000000000000000000001110000000000000000000000
000000000000000000000000000000000000000000000000000000000000000000000000000001000100001001000000000000000000000000000000000000000000000000000000000000
000000000000000000000000000000000000000100000000000000000000000000000000000000010000011111100000000000000000000000000000000000000000000000000000000000
000000000000000000000000000000000000001010000000000000000000000000000000000000000000000000000000000000000000000000000000000000000000000000000000000000
000100000000000000000000000000000000001010000000000000000000000000000000000001110000000000000000000000001100000000000000000000000000000000000000000000
001110000000000000000000000000000000000100000000000000000000000000000000000011011111000000000000000000001100000000000000000000000000000000000000000000
011011100000000000000000000000000000000000000000000000000000000000000000000011011010000000000000000000000000000000000000000000000000000000000000000000
011000100000000000000000000000000011000000011000000000000000000000001000000000100011000000000000000000000000000000000000000000000000000000000000000000
001011100000000000000000000000000100100000100100000000000000000000010100000000000000100100000000000000000000000000000001000000000000000000000000000000
110000000000000000000000000000000011000000011000000000000000000000001000000000000000111000000000000000000000000000000001000000000000000000000000000000
000000000000000000000000000000000000000000000000000000000000000000000000000000000000010000000000000000000000000000000001000000000000000000000000001100
000000000000000000000000000000000000000100000000000000000000000000000000000001000000000000000000000000000000000000000000000000000000000000000000000000
000000000000000000000000000000000000001010000000000000000000000000000000000010100000000000000000000000000000000000000000000000000000000000000000010000
000000000000000000000000000000000000001010000000000000000000000000000000000010010000000000000000000000000000000000000000000000000000000000000000010001
000000000000000000000000000000000000000100000000000000000000000000000000000001100000000000000000000000000000000000000000000000000000000000000000001101
100000000000000000000000000000000000000000000000000000000000000000000000000000000000000000000000000000000000000000000000000000000000000000000000000011
000000000000000000000000000000000000000000000000000000000000000011000000000000000000000000000000000000000000000000000000000000000000000000000000000101
000000000000000000000000000000000000000000000000000000000000000011000000000000000000000000000000000000000001000000000000000000000000000000000000000110
000000000000000000000000011000000000000000000000000000000000000000000000000000000000000000000001100000000010100000000111000000000000000000000000000010
000000000001100000000000011000000010000000000000000000000000000000000000000000000000000000000001100000000010100000000000000000000000000000000000000100
000000000001100000000000000000000010000000000000001110000000000000000000000000000000000000000000000000000001000000010000010000000000000000000000011011
000000000000000000000000000000000010000000000000000000000000000000000000000000000000000000000000000000000000000000010000010000000000000001000000111110
000000000000000000000000000000000000000000000000000000011000000000000000000000000000000000000000000000000000000000010000010000000000000000100001111110
000000000000000000000000000000000000000000000000000000100100000000000000000000000000000000000000000000000000000000000000000000000000000010000010100110
000000000000000000000000000000000000011000000000000000011000000000000000000000000000000000000000000000000000000000000111000000000000000100001110111110
000000000000000000000000000000000000011000000000000000000000000000000000000000000000000000000000000000000000000000000000000000000000000100000010000010
000000000000000000000000000000000000000000000000000000000000000000000000000000000000000000000000000000000000110000000000000000000000010110110000011100
000000000000000000000000000000000000000000000000000000000000000000000000000000000000000000000000000000000000110000000000000000001100011000011011011100
000000000000000000000000000000000000000000000000000000000000000000000000000000000000000000000000000000000000000000000000000000001100000000000100000000
000000000000000000000000000000000000000000000000000000000000000000000000000000000000000000000000000000000000000000000000000000000000000001100000000000
000000000000000000000000000000000000000000000000000110000000000000000000000000000000000000000000000000000000000000000000000000000000000000111100000000
000000000000000000000000000000000000000000000000001001000000000000000000000000000000000000000000000000000000000000000000000000000000000000011100000000
000000000000000000000000000000000000000000000000001010000000000000000000000000000000000000000000000000000000000000000000000000000000000000001100000000
000000000000000000000000000000000000000000000000000100000000000000000000000000000000000000000000000000000000000100000000000000000000000000000000000000
000000000000000000000000000000000000000000000000000000000000000000000000000000000000000000000000000000000000000100000000000000000000000000000000000000
000000000000000000000000000000000000000001100000000000000000000000000000000000000000000000000000000000000000000100000000000000000000000000000000000000
000000000000000000000000000000000000000001100000000000000000000000000000000000000000000001000000000000000000000000000000000000000000000000000000000000
000000000000000000000000000000000000100000000000000000000000000000000000000000000000000001000000000000000000000000000000000000000000000000000100000000
000000000000000000000000000000000000100000000000000000000000000000000000000000000001000001000000000000000000000000000000000000000000000000001110000000
000000000000000000000000000000000000100000000000000000000000000000000000000000000010010000000000000000000001100000000000000000000100000000010001000000
000000000000000000000000000000000000000000000000000000000000000001100000011110000001101100000000000000000001100000000000000000001000010000011000001000
000000000000000000000000000000000000000000000000000000000000000001100000110110000001101100000000000000000000000000000000000001111000010000000000010100
000000000000000000000000000000000000000000000000000000000000011000000001000000000000000000000000000000000000000000000000000011010110001000000000001000
000000000000000000000000000000000000000000000000000000000000011000000000111101000000000000000000000000000000000000000000000001100000100100000101100000
000000000000000000000000000011000000000000000000000000000000000000000000001000010001100000000000000000000000000000000000000000000000011000011001100000
000000000000000000000000000100100000000000000000000000000000000000000000000000001001011000000000000000000000000000000000000000000000000000001110100000
000000000000000000000000000011000000000000000000000000000000000000000000111010000000111000000000000000100000000000110000000000000000000000000100000000
000000000000000000000000110000000000000000000000000000000000000000000010110000001000010000000000000100000000000000110000000000000010000000000000000000
000000000000000000000001010000000000000000000000000000000000000000000110001001000100000000000000001000100000111000000000000000000100001100000000000000
000100000011000000000000100000000000000000000000000000000000000000000010001100001000000000000000001110000000110000000000000000000100001000000000000000
001000011011000111000000000000000000000000000000000000000000000000000001101000100000000000000000001000000000000000000000000000000010000111000000000000
000100000000100101000100000000000000000000000000000000000000000000000000111111000000000000000000000101000000000000000000000000000001100010100000000000
100001000001000100000010000000000000000000000000000000000000000000000000000101000000000000000000000000000000000011000000000000000000000000100000000001
010000010000011100000010000000000000000000000000000000000000000000000000001000000000000001010000000101011000001100000000000000000000000011000000000010
001000010110010000000100000000000000000000000000000000000000000000000000000001000000000010010000000100111000110001000000000000000000000010000000000000
000100111001111110101000000000000000000000000000000000000000001100000000001011000000000110110000001110000000100000100000000000000000000000000000000001
110000001011010110010000000000000000000000000000000000000000000001000000011010000000000111000000000010000000101011000000000000000000000000000000000000
111000001010101100000000000000000000000000000000000000000000010001000110000011000000000110000000001010000000000100000000000000000000000000000000000000
100000000010101110000000000000000000000000000000000000000000111101001110000000100000000000000000000000000000000000000000000000000000000000000000011000
001000000010000101100000000000000000000000000000000000000000110011001100000000010000000000000000000000000000000000000000000000000000000000000010011001
000000000101000001010000000000000000000000000000000000000000110111001010010000011000000000000000000000000000000000000000000001100000000000000110011000
000000000110101001010000000000000000000000000000000000000000110000001010000000010000000000000000000000000000000000000000000010010000000000001001110000
000000000000111010100100000000000000000000000000000000000000110000010000000000000000000000000000000000110110000000000000000001100000000000010001110000
011000000000010110000111000000000000000000000000000000000000101000011100001001000000000000000111000000110110000000000000000000000000000000010000100000
001000000000001110000000000000000000000000000000000000000000111000001100000001000000000000000000000000000000000000110000000000000000000000000000000100
000000000000010100000000000000000000000000000000000000000000000000000101100110000000000000000000000000000000000000110000000000000000000000000000000100
000000000000011000000000000000000000000000000000000000000000000000001001011100000000000000110000000000000000000000000000000000000000000000001001001010
000000000000000000000000000000000000000000000000000000000000000000011001000000000000000000110000000000000000000000000000000001100000000000000101000100
000000000000000000000000000000000000000000000000000000000000000000010000100000000000000000000000000000000000000000000000000001100000000000000010000100
000000000000000000000000000000000000000000000000000000000000000000011010000000000000000000000000000000000000000000000000000001100000000000000000000000
000000000000000000001100000000000000000000000000000000000000000000001010000000001100000000000000000000000000000000000000000000000000000000000000000000
000000000000000000001100000000000000000000000011100000110000000011000110110000001100000000000000000000000000000000000000000000010000000100000000000000
000000000000000000000000000000000000000000000000000001001001110111000010010000000000000000000000000000111001100000000000000000101000001010000000000000
000000000000000000000000000000000000000000000000000000110001011100000001100000000000000001010000000100111000000000000000000000010000001001000000000000
000000000000000000000000000000000000000000000000000000000000000100000000000000000000000100010000001011100100000000000000000000100000000110000000000000
001100000000000000000000000000000000000000000000000000000000011000000000000000000001111100000000010010011100001110000000000001100000000000000000000000
001010000000000000000000000000000000000000000000000000000000010000010000000000000000000101100000010001001100001100000000000000010000000000000000000000
000101000000000000000000011000000000000000000000000000000000000000010000000011000000000010000000010110011100001000000000000010100000000000000000000000
000010000000000000001100011000000110000000000000000000000000000000000000001001000000000001111000001101010100000000000000011010000000000000000001100000
000000000000000000001100000000000110000000000000000000000000000000000000001001000000000000101000000000100010000001100000000000000100000000000010010000
000000000000000000000000000000000000000000011000000000000000000000000000110000000000000000000000000000111110000001100000000000001000000000000010100000
000000000000000000000000000000000000000000011000000000000000000001110110100100111000000000000000111010110000000000000000000000000111110000000001000000
000000000111000000000000000000000000000000000000000000000000000000000110000100011000000000000011111000000000000000000000000000000011110000000000000000
000000000000000000000000000000000000000000000000000000000000000000000000000011010000000000000010101000011100000000000000000000000000010000000000000010
000000000000000000000000000000000000000000000000000000000000000000000000000000000000000000000100001000010000000000000000000000000000000000000000000101
000000000000000000000000000000000100000000000000000000000000000000000000000010000000000000000011011000010000000000000000000000000000000000000000000101
000000000000000000000000000000000100000000000000000000000000000000000000001100000000000000000000000000000000000000000000000000000000000000000000000010
000000000000000000000000000000000100000000000000000000000000000000000000001001100000000000000000010000000000000000000000000000000000000000000000000000
001100000010000000000000000000000000000000000000000000000000000000000000000100100000001101100000100000000000000000000000000000000000000000000001100000
010010000101000000000000000000000001110000000000000000000000000001110000000110000110100000010001000010000000000000000000000000000000000001000010010000
001100000100100000000110000000000000000000000000000000000000000010010000000000100101100000010001000010010000000000000000000000000000000010100001100000
000000000011000000000110000110000000000000000000000000000000000011000100000000010111010000010001010010010000000000000000000000000000000001100000000000
000000000000000000000000000110000000000000000000000000000000000000100000000100010110000000100011001011010000000000000000000000000000000000000000000010
000000000000000000000000000000000000000000000000000000000000000000000000000100010011000001000011100110000000000000000000000000000000001100000000000101
000000000000000000000000000000000000000000000000000000000000000000000000000001100011000000000000100100000000000000000000000000000000010100000000000101
000000000000000000000000000000000000000000000000000000000000000000010000000000000000001000000000001000011000000000000000000000000000001000000000000010
000000000000000000000000000000000000000000000000000000000000000000000000010000000000010000000000000000011000000000000000000000000000000000000000000000
000000000100000000000000000000000000000000000000000000000000000100100000101000001010110000000000000000000000000000000000000000000000000000000000000000
000000001010000000000000000000000000000000000000000000000000001011000100000000001011000000000000000011000000000000000000000000000000000000000000000000
000000001010000000000000000000000000000000000000000000000000000001001000000000000011000000000000000011000000000000000000000000000000000010000000000000
000000000100000000000000001100000000000000000000000000000000001101100000000000000000000000000000000000000000000000000000000000000000000010000000000000
000000000000000000000000001100000000000000000000000000000000100010000000000000000000000000000000000000000000000000000000000000000000000010000000000000
000000000000000000000000000000000000000000000000000000000001010000100000000000000000000000000000000000000000000000000000000000000000000000000000000000
000000000000000000000000000000000001000000000000000000000001010000010000000000000000000000000000011000000000000000000000000000000000000000000000000000
000000000000000000000000000000000001000000000000000000000000100000100000000000000000000000000000011000000000000000000000000000000000000000000000001100
000000000011100000000000000000000001000000000000000000000000000000000000000000000000000000000000000000000000000000000000000000000000000000000000001100
000000000000000000000000000000000000000000000000000000000000000000000000000000000000000000000000000000000000000000000000000000000000000000000000000000
000000000000000000000000000000011000011100000000000000000000000000000000000000000000000000000000000000000000000000000000000000000000000000000000000000
000000000000000110000000000000011000000000000000000000000000000000000000000000000000000000000000000000000000000000000000000000000000000000000000000000
000000000000001001000000000000000001000000000000000000000000000000000000000000000000000000000000000000001110000000000000000000000000000110000000000000
000000000000000110000000000000000001000000110000000000000000000000000011000000000000000000010000000000000000000000000000000000000000000110000000000000
000000000000000000000001100110000001000000110000000000000000000000000011000000000000000000101000000000000000000000000000000000000000000000000000000000
000000000000000000000001100110011000000000000000000000000000000000000000000000000000000001010000000000000000000000000000000000000000000000000000000000
000000000011000000000000000000011000001100000000000000000000000000100000000000000000000001100000000000000000010000000000000000000000000000000000000000
000000000101000000000000000000000000010010000000000000000000000001010000000000000000000000000000000000000000101000000000000000000000000000000000000000
000110000010000000000000000000000000001100000000000000000000000001010000000000000000000000000000000000000001001000000000000000000000000000001100000000
000110000000000000000000000000000000000000000000000000000000000000100000000000000000000000000000011000000000110000000000011000000000000000010010000000
000000000000000000000000000000000000000000000000000000000000000000000000000000000000000000000000100100000000000000000000011000000000000000010100000000
000000000000000000000000000000000000000000000000000000000000000000000000000000000000000000000000011000000000000000000000000000000000000000001000000000
000000000000000000000000000000000000000000000000000000000000000000000000000000000000000000000000000000000000000000000000000000000000000000000000000000
000000000000000000000000001100000000000000000000000001000000000001100000000000000000000000000000000000000000000000000000000000000000000000000000000000
000000000000000000000010001100000000000000000000000010100000000001100000000000000000000000000000000000000000000000000000000000000000000000000000000000
000000000000000000000010000000000000000000000000000010100000000000000000000000000000000000000000000000000000000000000000000000000000000000000000000000
000000000000000000000010000000000000000000000000000001000000000000000000000000000000000000000000000000000000000000000000000000000000000000000000000000
000000000000000000000000000000000000000000000000000000000000000000000000000000000000000000000000000000000000000000000000000000011000000011000000000000
000000000000000000111000111000000000000000000000110000000110000000000000000000000000000000000000000000000000000000000110000000100100000100100000000000
000000000000000000000000000000000000000000000001001000001001000000000000000000000000000000000000000000000000000000000101000000011000000011000000000000
000000000000000000000000000000000000000000000000110000000110000000000000000000000000000000000000000000000000000110000101000000000000000000000000000000
000000000000000000000000000000000000000000000000000000000000000000000000000000000000000000000000000000000000001101000011100000000000100000000000000000
000000000000001000000000000000000000000000000000000001000000000000000000000000000000000000000000110000000001011101000010100000000001010000000000000000
000000000000001000000000000000000000000000000000000010100000000000000000000000000000000000000000110000010001001000000001110000000001010000000000000000
000000000000001000000000000000000000000000000000000010100000000000000000000000000000000000000000000000111000001100000010100000000000100000000000000000
000000000001000001000000000000000000000001000000000001000000000000000000000000000000000000000000000000010101000100000011101110000000000000000000000000
000000000010100010100000000000000000000010100000000000000000000000000000000000000000000000000000000000000110010000000111000000000000000000000000000000
000000000010100010100000000000000000000010100000000000000000000000000000000000001100000000000000000000011001100000000100000000000000000000000000000000
000000000001000001000000000000000000000001000000000000000000000000000000000000001100000000000000000000000001101000000100000000000000100000010000000000
000000000000000000000000000000000000000000000000000000000000000000000000000000000000000000000000000000000000010000011000000000000001010000100000000000
000000000000000000000000111000000000000000000000000000000000000000000000000000000000000000000000000000000000000000011100000000000001010000010000000000
