000000000000000000000000000000000000000000000000000000000000000000000000000000000000000000000000000000000000000000000000000000000000000000010000000000
000000000000000000000000000000000000000000000110000000000000000000000000000000000000000000000000000000000000000000000000000000000000011100000000000000
000000000000000000000000000000000000000000000110000000000000000000000000000000000000000000000000011100000000000000000000000000000000000000000000000000
000000000000000000000000000000000000000000000000000000000000000000000000000000000000000000000000000000000000000000000011000000000000000000000000000000
000000000000000000000000000000000000000000000000000000000000000000000000000000000000000000000000000000000000000000000100100000111000000000000000000000
000000000000000000000000000000000000000000000000000000000000000000000000000000000000000000000000000000000000000000000010100000000000000000000000000000
000000000110000000000000000000000000000000000000000000000000000001100000000000000000000000000000000000000000000000000001000000000000000000000000000000
000000001001000000000000000000110000000000000000000000000000000001100000000000000000000000000000000000000000000000000000000000000000000000000000000000
000000001001000000000000000000110000000000000000000000000000000000000000000000000000000000000000000000000000000000000000000000000000000000000000000000
000000000110000000000000000000000000110000000000000000000000000000000000000000000000000000000000000000000000000000000000000000000000000000000000000000
000000000000000000000000000000000000110000000000011000000000000000000000000000000000000000000000000000000000000000000000000000000000000000000000000000
000000000000000000000000000000000000000000000000011000000000000000000000000000000000000000000000000000000000000000000000000000000000000000000000000000
000000000000000000000000000000000000000000000000000000000000000000000000000000000000000000000000000000000000000000000000000001110000000000000000000000
000000000000000000000000000000000000000000000000000000000000000000000000000000000000000000000001000000000000000000000000000000000000000000000000000000
000000000000000000000000000000000000000100000000000000000000000000000000000000000000000000000010100000000000000001100000000000000000000000000000000000
000000000000000000000000000000000000001010000000000000000000000000000000000000000000000000000010100000000000000001100000000000000000000000000000000000
000000000000000000000000000000000000001010000000000000000000000000000000000000000000000000000001000000000000000000000000000000000000000000000000000000
000000000000000000000000000000000000000100000000000000000000000000000000000000000000000000000000000000000000000000000000000000000000000000000000000000
000000000000000000000000000000000000000000000000000000000000000000000000000000000000000000110000000000000000000000000000000000000000000000000000000000
000000000000000000000000000000000011000000011000000000000000000000001000000000000000000001001000000000000110000000000000011100000000000000000000000000
000000000000000000000000000000000100100000100100000000000000000000010100000000000000000000110000000000000101000000000000011100000000000000000000000000
000000000000000011000000000000000011000000011000000000000000000000001000000000000000000000000000000000000011000000000000011100000000000000000000000000
000000000000000011000000000000000000000000000000000000000000000000000000000000000000000000000001000000000000110000000000011001111111000000000000000000
000000000000000000000000000000000000000100000000000000000000000000000000000001000000000000000010100001100000101000000000011001101011000000000000000000
000000000000000000000000000000000000001010000000000000000000000000000000000010100000000000000010100011011000010000000000000000101100000000000000000000
000000000000000000000000000000000000001010000000000000000000000000000000000010010000000000000001000001001100000000000000000100101000000000000000000000
000000000000000000000000000000000000000100000000000000000000000000000000000001100000000000000000000000100010000000000000110101101000000011100000000000
000000000000000000000000000000000000000000000000000000000000000000000000000000000000000000000000000000011101000000000000110001101100000000000000000000
000000000000000000000000000000000000000000000000000000000000000011000000000000000000000000000000000000001001000000000001101001100000001000001000000000
000010000000000000000000000000000000000000000000000000000000000011000000000000000000000000000000010000000110000000000010010000010000001000001000000000
000101000000000000000000000000000000000000000000000000000000000000000000000000000000000000000000001100000000000000000110000000000000001000001000000000
000100100000000000000000000000000010000000000000000000000000000000000000000000000000000000000000001100110010000000000000000000000000000000000000000000
000011000000000000000000000000000010000000000000001110000000000000000000000000000000000000000000010001100010000000000000000000000000000011100000000000
000000000000000000000000000000000010000000000000000000000000000000000000000000000000000000000000010000100000000000000000000000000000000000000000000100
000000000000000000000000000000000000000000000000000000011000000000000000000000000000000000000000010001111100000000000000000000000000000000000000001110
000000000000000000000000000000000000000000000000000000100100000000000000000000000000000000000000001000010000000000000000000000000000000000000000010101
100000000000000000000000000000000000011000000000000000011000000000000000000000000000000000000000000111100000000000011000000000000000000000000000111011
000000000000000000000000000000000000011000000000000000000000000000000000000000000000000010100000000001000000000000100100000000000000000000000000010101
000000000000000000000000000000000000000000000000000000000000000000000000000000000000000011000000000000000000000000011000000000000000000000000000001110
000000000110000000000000000000000000000000000000000000000000000000000000000000011100000001000000000000000000000000000001000000000000000000000000000010
000000001001000000000000000000000000000000000000000000000000000000000000000000001110000000000000000000000000000000000001000000000000001000000000000011
100000000110000000000000000000000000000000000000000000000000000000000000000000000000000000000000000000010000000000000011000000000000011100000000000101
110000000000000000000000000000000000000000000000000110000000000000000000000000000000000000000000000000010000000000000000000000000000110010000000000101
111000000000000000000000000000000000000000000000001001000000000000000000000000000000000010000000000000010000000000000100000000001100100010000000000010
000000000000000000000000000000000000000000000000001010000000000000000000000000000000000101000000000000000000000100001101100000001100101100000001000000
000000000000000000000000000000000000000000000000000100000000000000000000000000000000000011000000000000000000001010001101111100000100110000000010001000
000000000000000000000000000000000000000000000000000000000000000000000000000000000000000000000000000000000000001001000010010011111000000000000010001000
000000000000000000000000000000000000000001100000000000000000000000000000000000000000000000000000000000000000000110000000001111011000000000000000101000
000000000000000000000000000000000000000001100000000000000000000000000000000011100000000000000000000000000000000000000000001100100000000000000000000000
000000000000000000000000000000000000100000000000000000000000000000000000000000000000000000000000000000000000000000000000000100110000000000000000011000
000000000000000000000000000000000000100000000000000000000000000000000000000000000000000000000000000000000000000000000011111010001000000000000000011000
000000000000110000000000000000000000100000000000000000000000000000000000000000000000000000000110000000000001100000110011111010000000000000000000000000
000000000000110000000000000000000000000000000000000000000000000001100000000000000000000000000110000000000001100000110000001000010000000000000000000000
000000000100000000000000000000000000000000000000000000000000000001100110000000000000000000000000000000000000000000000000000100100000000000001100000000
000000000100000000000000000000000000000000000000000000000000011000000110000000000000000000000000000000000000000001000000000111000000000110001010000000
000000000100000000000000000000000000000000000000000000000000011000000000000000000000000000000000000000000000000010110000000000000000000001001100000000
000000000000000000000000000011000000000000000000000000000000000000000000000000000000000000000000000000000000001000011000000000000000000111001101100000
000000000000000000000000000100100000000000000000000000000000000000000000000001100000000000000000000000000000010001000000000000000000000101011010100000
000000000000000110000000000011000000000000000000000000000000000000000000000010010000000000000000000000000001000101011110000000000000000110001111000000
000000000000000110000000000000000000000000000000000000000000000000000000000001010000000000000000000000000010001011000000110000000000000011000010000000
000000000000000000000000000000000000000000000000000000000000000000000000000000100000000000000000000000000010010011111011101000000000000001000000000000
000000000000000000000000000000000000000000000000000000000000000000000000000000000000000000000000000000000001110010000011110000000000000000000000000000
000000000000000000000000000000000000000000000000000000000000000000000000000000000000010000000001110000000000101101111100000000000000000000000000000000
000000000000000000000000000000000000000000000000000000000000000000000000000000000000101000000001000000000000000000110000000000000000011100000000000000
000000000000000000000000000000000000000000000000000000000000000000000000000000000001000100000001100000000001001000000000000000000001000100000000000000
000000000000001000000000000010000000000000000000000000000000000000000000000000000000101000000000000000000001010000000000000000000000000000000000000000
000000000000011100000000000010000000000000000000000000000000000000000000000000000000010000000001000000000001000000000000000000000010001100000000000000
000000001100110110000000000000000000000000000000000000000000000000000000000000000000000000000110110000000000100000000000000000000001000000000000011000
000000001011011001000000000000000000000000000000000000000000100000000000000000000000000000000110110000000000000000000000000000000000000110000000100100
000000000100001001100000000000000000000000000000000000000001010000000000000000000000000000001000110000101000000000000000000001100000001001000000100100
000011000100001001100000000000000000000000000000000000000001100000000000000000000000000000001010000001001000000000000000000001100000010010000000011000
000100100010001000000000000000000000000000000000000000000000000000000000000000000000000000001110000000101000000000000000000000000000001010000000000000
000101000000010000000000000000000000000000000000000000000000000000011000000000000000000000000000000000000000000000000000000000000000000000000000000000
000010000001100000000000000000000000110000000000000000000000000000011000000000000000000000000000000000000000000000000000000000000000000000000000000000
000000000001100000000000000000000000110000000000000000000000000000000000000000000000000000000000000000000000000000000000000000000000000000011000000000
000000000000000000111000000000000000000000000000000000000000000000000000000000000000000000000000000000000000000000000000000000000000000101100100000110
000000000000000000100000000000000000000000000000000000000000000000000000000000000000000000000000001110000000000000000000000000000000000101001110000110
000000000000000000001000000000011100000000000000000000000000000000000000000000000000000000000000010001000000000000000000000000000000000100001100000000
000000000000000000001010000000000100000000000000000000000000000000000000000000000000000000000000010000000000000001110000000000000000000110001000000000
000000000000000000001001000000000000000000000000000000000000000000000000000000000000000000000111001000000000000111110000000000000000000110110000000000
000000000000000000000001000000000000000000000000000000000000000000000000000000000000000000000001000000000000001100010000000000000000000001100000000000
000000000000000000001000000011000000000000000000000000000000001000000000000000000000000000000000000000000000001110000000000000000000000000000000000000
000000000000000000001001011000000000000000000000000000000000001000000000000000001110000000000000000000000000001100001100000000000000000000000000000000
000000000000000000001100001000110000000000000011100000110000001000000000000000000000000000000000001110000000001000101000000000000000000000000000000000
000000000000000000000011000010110000000000000000000001001000000000000000000000000000000000000000000000000000000000000000000110000000000000000000000000
000000000000000000000000000000110000000000000000000000110000000011100000000000000000000000000000000001000000000100010000000101000000000000000000000000
000000000000000000000000000111000000000000000000000000000000000000000000000000000000000000000000000000000100000011100000000010000000000011000000000000
001100000000000000000100000000000000000011000000000000000000001000000000000000000000000000000110001110001010000000000000000000000000000011000000000000
001010000000000000000100000000000000000011000000000000000000001000000000000000000000000000000000001000000000000000000000000000000000000000000000000000
000101000000000000000100000000000000000000000000000000000000001000000000000000000000000000000000000000000000000001000000000000000000000000000000000000
000010000000000000000000000000000000000000000000000000000000000000000000000000000000000000000000000000000000000010100000000000000000000000000001100000
000000000000000000000000000001100000000000000000000000000000000000000000000000000000000000000000000000000000000001100000000000000000000000000010010000
000000000000000000000000000000010000000000011000000000000000000000000000000000000000000000000110000000000000000000000000000000000000000000000010100000
000000000000000000000000000001010000000000011000000000000000000000000000000000000000000000000110000000000000000000000000000000000000000000000001000000
000000000111000000000000000000100000000000000000000000000000000000000000000000000000000000000000000000000000000000000000000000000000000000000000000000
000000000000000000000000000000000000000000000000000000000000000000000000000000000000000000000000000000000000000000000000000000000000000000000000000010
000000000000000000000000000000000000000000000000000000000000100000000000000000000000000000000000000000000000000000000000000000000000000000000000000101
000000000000000000000000000000000100000100000000000000000001010000000000000000000000000000000000000000000000000000000000000000000000000000000000000101
000000000000000000000000000000000100000011000000000000000001010000000000000000000000000000000000000000000000000000000000000000000000000000000000000010
000000000000000000000000000000000100000110000000000000000000100000000000000000000000000000000000000000000000000000000000000000000000000000000000000000
001100000010000000000000000000000000000000000000000000000000000000000000000000000000000000000000000000000000000000000000000000000000000000000001100000
010010000101000000000000000000000001110000000000000000000000000000000000000000000000000000000000011000000000000000000000000000000000000001000010010000
001100000100100000000110000000000000000000000000000000000000000000000000000000000000000000000110000000000000000000000000000000000000000010100001100000
000000000011000000000110000110000000000000000000000000000000000000000000000000000000000000001000010010000000000000000000000000000000000001100000000000
000000000000000000000000000110000000000000000000000000000000000000000000110000000000000000000100101011010000000000000000000000000000000000000000000010
000000000000000000000000000000000000000000000000000000000000000000000001010000000000000000000010100010100100000000000000000000000000001100000000000101
000000000000000000000000000000000000000000000000000000000000000000000001100000000000000000000001110110100010000000000000000000000000010100000000000101
000000000000000000000000000000000000000000000000000000000000000000000000000000000000000000000000000010000010000000000000000000000000001000000000000010
000000000000000000000000000000000000000000000000000000000000000000000000000000000000000000000000000110100010000000000000000000000000000000000000000000
000000000100000000000000000000000000000000000000000000000000000000000000000000000000000000000000000010100100000000000000000000000000000000000000000000
000000001010000000000000000000000000000000000000000000000000000000000000000000000000000000000000010110000000000000000000000000000000000000000000000000
000000001010000000000000000000000000000000000000000000000000000001000000000000000000000000000000010010000000000000000000000000000000000010000000000000
000000000100000000000000001100000000000000000000000000000000000010010000000000000000000000000001000100000000000000000000000000000000000010000000000000
000000000000000000000000001100000000000000000000000000000000000001100000000000000000000000000100000000000000000000000000000000000000000010000000000000
000000000000000000000000000000000000000000000000000000000000000100010000000000000000000000000100001000000000000000000000000000000000000000000000000000
000000000000000000000000000000000001000000000000000000110000000110110000000000000000000000000000110011000000000000000000000000000000000000000000000000
000000000000000000000000000000000001000000000000000000110000000100010000000000000000000000000011000110000000000000000000000000000000000000000000001100
000000000011100000000000000000000001000000000000000000000000000011100000000000000000000000000000101100000000000000000000000000000000000000000000001100
000000000000000000000000000000000000000000000000000000000000000000000000000000000000000000000011101000000000000000000000000000000000000000000000000000
000000000000000000000000000000011000011100000000000000000000000000000000000000000000000110000010010000000000000000000000000000000000000000000000000000
000000000000000110000000000000011000000000000000000000000000000000000000000000000000001001000001000000000000000000000000000000000000000000000000000000
000000000000001001000000000000000001000000000000000000000000000000000000000000000000000110000000000000000000000000000000000000000000000110000000000000
000000000000000110000000000000000001000000110000000000000000000000000000000000000000000000010000000000000000000000000000000000000000000110000000000000
000000000000000000000001100110000001000000110000000000000000000000000000000000000000000000101000000000000000000000000000000000000000000000000000000000
000000000000000000000001100110011000000000000000000000000000000000000000000000000000000001010000000000000000000000000000000000000000000000000000000000
000000000011000000000000000000011000001100000000000000000000000000000000000000000000000001100000000000000000010000000000000000000000000000000000000000
000000000101000000000000000000000000010010000000000000000000000000000000000000000000000000000000000000000000101000000000000000000000000000000000000000
000110000010000000000000000000000000001100000000000000000000000000000001100000000000000000000000000000000001001000000000000000000000000000001100000000
000110000000000000000000000000000000000000000000000000000000000000000010010000000000000000000000011000000000110000000000011000000000000000010010000000
000000000000000000000000000000000000000000000000000000000000000000000001100000000000000000000000100100000000000000000000011000000000000000010100000000
000000000000000000000000000000000000000000000000000000000000000000000000000000000000000000000000011000000000000000000000000000000000000000001000000000
000000000000000000000000000000000000000000000000000000000000000000000000000000000000000000000000000000000000000000000000000000000000000000000000000000
000000000000000000000000001100000000000000000000000000000000000000000000000000000000000000000000000000000000000000000000000000000000000000000000000000
000000000000000000000010001100000000000000000000000000000000000000000000000000000000000000000000000000000000000000000000000000000000000000000000000000
000000000000000000000010000000000000000000000000000010000100000000000000000000000000000000000000000000000000000000000000000000000000000000000000000000
000000000000000000000010000000000000000000000000000010100000000000000000000000000000000000000000000000000000000000000000000000000000000000000000000000
000000000000000000000000000000000000000000000000000000100000000000000000000000000000000000000000000000000000000000000000000000011000000011000000000000
000000000000000000111000111000000000000000000000000000101110000000000000000000000000000000000000000000000000000000000000000000100100000100100000000000
000000000000000000000000000000000000000000000000000000000001000000000000000000000000000000000000000000000000000000000000000000011000000011000000000000
000000000000000000000000000000000000000000000000000000100010000000000000000000000000000000000000000000000000000000000000000000000000000000000000000000
000000000000000000000000000000000000000000000000000000101000000000000000000000000000000000000000000000000000000000000000000000000000100000000000000000
000000000000001000000000000000000000000000000000000000101000000000000000000000000000000000000000110000000000000000000000000000000001010000000000000000
000000000000001000000000000000000000000000000000000000000000000000000000000000000000000000000000110000000000000000000000000000000001010000000000000000
000000000000001000000000000000000000000000000000000000000000000000000000000000000000000000000000000000000000000000000000000000000000100000000000000000
000000000001000001000000000000000000000001000000000000000000000000000000000000000000000000000000000000000000000000000000000000000000000000000000000000
000000000010100010100000000000000000000010100000000000000000000000000000000000000000000000000000000000000000000000000000000000000000000000000000000000
000000000010100010100000000000000000000010100000000000000000000000000000000000001100000000000000000000000000000000000000000000000000000000000000000000
000000000001000001000000000000000000000001000000000000000000000000000000000000001100000000000000000000000000000000000000000000000000000000010000000000
000000000000000000000000000000000000000000000000000000000000000000000000000000000000000000000000000000000000000000000000000000000000000000101000000000
000000000000000000000000111000000000000000000000000000000000000000000000000000000000000000000000000000000000000000000000000000000000000000101000000000
