000000000000000000000000010000000000000000000000000000000000000000000000000000000000000000000011000000000000000000011100000000000000100000010000000000
000000000000000000000000000000000000000000000110000000000000000000000000000000000000000000000011000000000000000000001100000000000000000000000000000000
000000000000000000000000000000000000000000000110000000000000000000000000000000000000000000000000000000000000000000000110000000000000000000000000000000
000000000000000000000000000000000000000000000000000000000000000000000000000000000000000000000000000000000000000000001101100000000000000000000000000000
000000000000000000000000000000000000000000000000000000000000000000000000000000000000000000000000000000000000000000001001100000000000000000000000000000
000000000000000000000000000000000000000000000000000000000000000000000000000000000000000000000000000000000000000000000110000000000000000000000000000000
000000000110000000000000000000000000000000000000000000000000000001100000000000000000000000000000000000000000000000000000000000000000000000000000000000
000000001001000000000000000000110000000000000000000000000000000001100000000000000000000000000000000000000000000000000000000000000000000000000000000000
000000001001000000000000000000110000000000000000000000000000000000000000000000000000000000000000000000000000000000000000000000000000000000000000000000
000000000110000000000000000000000000110000000000000000000000000000000000000000000000000000000000000000000000000000000000000000000000000000000000000000
110000000000000000000000000000000000110000000000011000000000000000000000000000000000000010000000000000000000000000000000000000000000000000000000000001
000000000000000000000000000000000000000000000000011000000000000000000000000000000000000111000000000000000000000000000000000000100000000000000000000001
100000000000000000000000000000000000000000000000000000000000000000000000000000000000001100000100000000000000000000000000000000100000000000000000000000
000000000000000000000000000000000000000000000000000000000000000000000000000000000000000000000010000000000000000000000000000000100000000000000000000000
000000000000000000000000000000000000000100000000000000000000000000000000000000000000000000011100000000000000000000000000000000000000000000000000000000
000000000000000000000000000000000000001010000000000000000000000000000000000000000000000100000000000000000000000000000000000000000000000000000000000000
000000000000000000000000000000000000001010000000000000000000000000000000000000000000000000000000000000000100000000000000000000000000000000000000000000
000000000000000000000000000000000000000100000000000000000000000000000000000000000000000011000000000000001010000000000000000000000000000000000000000000
000000000000000000000000000000000000000000000000000000000000000000000000000000001110000110000000000000001110000000000000000000000000000000000000000000
000000000000000000000000000000000011000000011000000000000000000000001000000000011011000110000000000000001111100000000000000000000000000000000000000000
000111101000000000000000000000000100100000100100000000000000000000010100000000011000100010000000000000000100110000000000000000000000000000000000000000
011010000100000000000000000000000011000000011000000000000000000000001000000000000111011010000000000000000111000000000011100000000000000000000000000000
101000000100000000000000000000000000000000000000000000000000000000000000000000000011100000000000000000000001101100000000000000000000000000000000000000
100010011000000000000000000000000000000100000000000000000000000000000000000001000000111100000000000000000000101000000000000000000000000000000000000000
101011000000000000000000000000000000001010000000000000000000000000000000000010100000110000000000000000000001110000000000000000000000000000000000000000
011100000000000000000000000000000000001010000000000000000000000000000000000010010000000000000000000000000011000000000000000000000000000000000000000000
000000000000000000000000000000000000000100000000000000000000000000000000000001100000000000000000000000000011000000000000000000000000000000000000000000
000000000000000000000000000000000000000000000000000000000000000000000000000000000000000000000000000000000000000000000000000000000000000000000000000000
000000000000000000000000000000000000000000000000000000000000000011000000000000000000000000000000000000000000000000000000000000000000000000000000000000
000000000000000000000000000000000000000000000000000000000000000011000000000000000000000000000000000000000001000000000010000000000000000000000000000000
000000000000000000000000011000000000000000000000000000000000000000000000000000000000000000000001100000000010100000000010000000000000000000000000000000
000000000001100000000000011000000000000000000000000100000000000000000000000000000000000000000001100000000010100000000010000000000000000000000011100000
000000000001100000000000000000000111000000000000000100000000000000000000000000000000000000000000000000000001000000000000000000000000000000001100100000
000000000000000000000000000000000000000000000000000100000000000000000000000000000000000000000000000000000000000000111000111000000000000000001111100000
000000000000000000000000000000000000000000000000000000011000000000000000000000000001110000000000000000000000000000000000000000000000000000010001000000
000000000000000000000000000000000000000000000000000000100100000000000000000000000001100000000000000000000000000000000010000000000000000000000100001100
000000000000000000000000000000000000011000000000000000011000000000000000000000000001100000000000000000000000000000000010000000000000000000000010000110
000000000000000000000000000000000000011000000000000000000000000000000000000000011011000000000000000000000000000000000010000000000000000000000000101011
000000000000000000000000000000000000000000000000000000000000000000000000000000000000011100000000000000000000110000000000000000000000000000001000001101
000000000000000000000000000000000000000000000000000000000000000000000000000000000011000011000000000000000000110000000000000000001100000000010010111110
100000000000000000000000000000000000000000000000000000000000000000000000000000000010000011000000000000000000000000000000000000001100000000110100001000
110000000000000000000000000000000000000000000000000000000000000000000000000000000000110110000000000000000000000000000000000000000000000000011000000010
000000000000000000000000000000000000000000000000000110000000000000000000000000000000100000000000000000000000000000000000000000000000000000000000010011
000000000000000000000000000000000000000000000000001001000000000000000000000000000000000000000000000000000000000000000000000000000000000000000000000000
000000000000000000000000000000000000000000000000001010000000000000000000000000000000000000000000000000000000000000000000000000000000000000000011101100
000000000000000000000000000000000000000000000000000100000000000000000000000001100011000000000000000000000000000000000000000000000000000000000010000000
000000000000000000000000000000000000000000000000000000000000000000000000000010010100100000000000000000000000001110000000000000000000000000000011000000
000000000000000000000000000000000000000001100000000000000000000000000000000010100010100000000000000000000000000000000000000000000000000000000000000000
000000000000000000000000000000000000000001100000000000000000000000000000000001000001000000000000000000000000000000000000000000000011000000000000000000
000000000000000000000000000000000000000000000000000000000000000000000000000000000000000000000000000000000000000000000000000000000100100000000000000000
000000000000000000000000000000000001110000000000000000000000000000000000000000000000000000000000000000000000000000000000000000000100100000000000000000
000000000000000000000000000000000000000000000000000000000000000000000000000000110110000000000110000000000001100000000000000000000011000000000000000000
000000000000000000000000000000000000000000000000000000000000000001100000000000100010000000000110000000000001100000000000000000000001000000000000000000
000000000000000000000000000000000000000000000000000000000000000001100110000000011100000000000000000000000000000000000000000000000000100000000000000000
000000000000001000000000000000000000000000000000000000000000011000000110000000001000000000000000000000000000000000000000000000000001011000000000000000
000000000000111000000000000000000000000000000000000000000000011000000000000000000000000000000000000000000000000000000000000000000011011000000000000110
000000000001000000000000000011000000000000000000000000000000000000000000000000000000000000000000000000000000000000000000000000000010000100000000000110
000000000001101100000000000100100000000000000000000000000000000000000000000000000000000000000000000000000000000000000000000000000011101000000000000000
000000000001101000000000000011000000000000000000000000000000000000000000000000000000000000000000000000000000000000100000000000000001011000000000000000
000000000000000000000000110000000000000000000000000000000000000000000000000000000000001110000000000000000000000001110000000000000000000000000000000000
000000000000000100000001010000000000000000000000000000000000000000000000000000100000000000000000000000000000000000011000000000000000000000000000000000
000000000000001011000000100000000000000000000000000000000000000000000000000001110000100000100000000000100000000110011000000000000000000000000000000000
000000000000011011000000000000000000000000000000000000000000000000000000000001101000100000100000000000100000001110000000001000000000000111000000000000
000000000000000000000000000000000000000000000000000000000000000000000000000000011000100000100000000000100000010000000000111110000000001110000000000000
001000000000000000000000000000000000000000000000000000000000000000000000000000000000000000000000000000000000001100001001110110010000010100000000000000
010100000000000000000110000000000000000000000000000000000000000000010000000000000000001110000000000000000000000110001101100100110001111000000000000000
010100000000000000001001000000000000000000000000000000000000000000101100000000000010000000000000000000000000000011100111011101100000110000000000000000
001000000000000000001010000000000000000000000000000000000000000001101100000001000101000000000000000110000000000011000111001000001111100000000000000000
000000000000000000000100000000000000000000000000000000000000100001101000000110100101000000000000000011000000000000000000000001010000000000000000000000
000000000000000000000000000000000000000000000000000000000001010000010000000110100010000000000000000001000000000000001100000001110000000000000000000000
000000000000000000000000000000000000000000000000000000000001100000000000111001000000000000000000000000000000000000001000000000000000000000000000000000
100000000000000000000000000000000000000000000000000000000000000000000000100000000000000000000000000000000000000000001101100000000000000000000000000000
010000000000000000000000000000000000000000000000000000000000000010100000101000000000000000000000000000000000000000000100010000000000000000000000000001
010000000000000000000000000000000000000000000000000000000000000011000000011000000000000000000000000000000000000000000100010000000000000000000000000001
100000000010000000000000000000000000000000000000000000000000000001000000000000000000000000000010000000110110000000011000001100000000110000000000000000
000000000101101000000000000000000000000000000000000000000000000000000000000000000000000000000010000000110110000000100001000010000000101000000000000000
000000000001010100000000000000000000000000000000000000000000000000000000000000000000000000000010000000000000000000100010100010000000001000000000000000
000000001100000000000000000000000000000000000000000000000000000000000000000000000000000000000000000000000000000000100001000010010110001000000000000000
000000001110000000000000000000000000000000000000000000000000000000000000000000000000000000110000000000000000000000011000001100010000010000000000000000
000000000000000000000000000000000000000000000000000000000000000000000000000000001100000000110000000000000000000000000100010000010000100000000000000000
000000000000000000000000000000000000000000000000000000000000000000000000000000000000000000000000110000110000000000000100010000000110000000000000000000
000000000000000010000000000000000000000000000000000000000000000000000000000000000000000000000000110001001000000000000011100000000000000000000000000000
000000000000000101001100000000000000000000000001000000000000011100000000010000100000000000000000000001001000000000000000000000000011000000000000000000
000000000000000110001100000000000000000000000001000000110000000000000000101000100100000000000000000000110000000000000000000000000011000100000000000000
000000000000000000000000000000000000000000000001000001001000000001000001000000100000000000000000100000000000000000000000000000000000001010000000000000
000000000000000000000000000000000000000000000000000000110000000001000001000100000000000000000001010000000000000000000000000000000000001001000000000000
000000000000000000000000000000000000000000000000000000000000000001000001000010011000000000000010001000000000000000000000000000000000000110000000000000
001100000000000000000000000000000000000000000000000000000000000000000000101010100000000000000010001000000000000000000000000000000000000000000000000000
001010000000000000000000000000000000000000000000000000000000011100000000010100000000000000000011011000000000000000000000000000000000000000000000000000
000101000000000000000000011000000000000000000000000000000000000000000000000011100000000000000000000000000000000000000000000000000000000011000000000000
000010000000000000001100011000000110000000000000000000000000000000000000000011100000000000000000000000000000000000000000000000000000000011000001100000
000000000000000000001100000000000110000000000000000000000000000000000000000000000000000000000000000000000000000001100000000000100000000000000010010000
000000000000000000000000000000000000000000011000000000000000000000000000000000000000000000000000000000000000000001100000000011001000000000000010100000
000000000010000000000000000000000000000000011000000000000000000000000000000000000000000000000000000000000000000000000000000010001000000000000001000000
000000000010000000000000000000000000000000000000000000000000000000000100000000000000000000000000000000000000000000000000000000010100000000000000000000
000000000010000000000000000000000000000000000000000000000000000000001100010011000000000000000000000000000000000000000000000000001110000000000000000010
000000000000000000000000000000000000000000000000000000000000000000001001011110000000000000000000000000000000000000000000000000001100000000000000000101
000000000000000000000000000000000000000000000000000000000000000000000100011110000000000000000000000000000000000000000000000011111000000000000000000101
000000000000000000000000000000001110000000000000000000000000000000000110000110000000000000000000000000000000000000000000000001110000000000000000000010
000000000000000000000000000000000000000000000000000000000000000000000100000000000000000000000000000000000000000000000000000000100000000000000000000000
001100000010000000000000000000000000100000000000000000000000000001110100010000000000000000000000000000000000000000000000000000000000000000000001100000
010010000101000000000000000000000000100000000000000000000000000001000000001000000000000000000110001100000000000000000000000000000000000001000010010000
001100000100100000000110000000000000100000000000000000000000000001111100000100011000000000000110101100000000000000000000000000000000000010100001100000
000000000011000000000110000110000000000000000000000000000000000000010000001000101000000010001000100000000000000000000000000000000000000001100000000000
000000000000000000000000000110000000000000000000000000000000000000001100000100010000000010000101000000000000000000000000000000000000000000000000000010
000000000000000000000000000000000000000000000000000000000000000000001101001011100000000010000010000000000000000000000000000000000000001100000000000101
000000000000000000000000000000000000000000000000000000000000000000000101111111000000000000000000000000000000000000000000000000000000010100000000000101
000000000000000000000000000000000000000000000000000000000000000000000001100110000000000000000000000000011000000000000000000000000000001000000000000010
000000000000000000000000000000000000000000000000000000000000000000010011001000000000000000000000000000011000000000000000000000000000000000000000000000
000000000100000000000000000000000000000000000000000000000000000000001001001000000000000000000001100000000000000000000000000000000000000000000000000000
000000001010000000000000000000000000000000000000000000000000000000000110011100000000000000000001100011000000000000000000000000000000000000000000000000
000000001010000000000000000000000000000000000000000000000000001110000000011010000000000000000000000011000000000000000000000000000000000000000000000000
000000000100000000000000001100000000000000000000000000000000000000000000001100000000000000000000000000000000000000000000000000000000000111000000000000
000000000000000000000000001100000000000000000000000000000000100000100000000000000000000000000000000000000000000000000000000000000000000000000000000000
000000000000000000000000000000000000000000000000000000000001010001010000000000000000000000000000000000000000000000000000000000000000000000000000000000
000000000000000000000000000000000000000000000000000000000001010001010000000000000000000000000000011000000000000000000000000000000000000000000000000000
000000000001000000000000000000000011100000000000000000000000100000100000000000000000000000000000011000000000000000000000000000000000000000000000001100
000000000001000000000000000000000000000000000000000000000000000000000000000000000000000000000000000000000000000000000000000000000000000000000000001100
000000000001000000000000000000000000001000000000000000000000000000000000000000000000000000000000000000000000000000000000000000000000000000000000000000
000000000000000000000000000000011000001000000000000000000000000000000000000000000000000000000000000000000000000000000000000000000000000000000000000000
000000000000000110000000000000011000001000000000000000000000000000000000000000000000000000000000000000000100000000000000000000000000000000000000000000
000000000000001001000000000000000000000000000000000000000000000000000000000000000000000000000000000000000100000000000000000000000000000110000000000000
000000000000000110000000000000000011100000110000000000000000000000000011000000000000000000010000000000000100000000000000000000000000000110000000000000
000000000000000000000001100110000000000000110000000000000000000000000011000000000000000000101000000000000000000000000000000000000000000000000000000000
000000000000000000000001100110011000000000000000000000000000000000000000000000000000000001010000000000000000000000000000000000000000000000000000000000
000000000011000000000000000000011000001100000000000000000000000000100000000000000000000001100000000000000000010000000000000000000000000000000000000000
000000000101000000000000000000000000010010000000000000000000000001010000000000000000000000000000000000000000101000000000000000000000000000000000000000
000110000010000000000000000000000000001100000000000000000000000001010000000000000000000000000000000000000001001000000000000000000000000000001100000000
000110000000000000000000000000000000000000000000000000000000000000100000000000000000000000000000011000000000110000000000011000000000000000010010000000
000000000000000000000000000000000000000000000000000000000000000000000000000000000000000000000000100100000000000000000000011000000000000000010100000000
000000000000000000000000000000000000000000000000000000000000000000000000000000000000000000000000011000000000000000000000000000000000000000001000000000
000000000000000000000000000000000000000000000000000000000000000000000000000000000000000000000000000000000000000000000000000000000000000000000000000000
000000000000000000000000001100000000000000000000000001000000000001100000000000000000000000000000000000000000000000000000000000000000000000000000000000
000000000000000000000000001100000000000000000000000010100000000001100000000000000000000000000000000000000000000000000000000000000000000000000000000000
000000000000000000000111000000000000000000000000000010100000000000000000000000000000000000000000000000000000000000000000000000000000000000000000000000
000000000000000000000000000000000000000000000000000001000000000000000000000000000000000000000000000000000000000000000000000000000000000000000000000000
000000000000000000010000010000000000000000000000000000000000000000000000000000000000000000000000000000000000000000001110000000011000000011000000000000
000000000000000000010000010000000000000000000000110000000110000000000000000000000000000000000000000000000000000000011100000000100100000100100000000000
000000000000000000010000010000000000000000000001001000001001000000000000000000000000000000000000000000000000000000000000000000011000000011000000000000
000000000000000000000000000000000000000000000000110000000110000000000000000000000000000000000000000000000000000000000000000000000000000000000000000000
000000000000000000000000000000000000000000000000000000000000000000000000000000000000000000000000000000000000000000000000000000000000100000000000000000
000000000000000000000000000000000000000000000000000001000000000000000000000000000000000000000000110000000000000000000000000000000001010000000000000000
000000000000011100000000000000000000000000000000000010100000000000000000000000000000000000000000110000000000000000011100000000000001010000000000000000
000000000000000000000000000000000000000000000000000010100000000000000000000000000000000000000000000000000000000000011100000000000000100000000000000000
000000000001000001000000000000000000000001000000000001000000000000000000000000000000000000000000000000000000000001100100000000000000000000000000000000
000000000010100010100000000000000000000010100000000000000000000000000000000000000000000000000000000000000000001001000000000000000000000000000000000000
000000000010100010100000000000000000000010100000000000000000000000000000000000001100000000000000000000000000010111110000000000000000000000000000000000
000000000001000001000000000000000000000001000000000000000000000000000000000000001100000000000000000000000000010100000010000000000000100000010000000000
000000000000000000000000010000000000000000000000000000000000000000000000000000000000000000000000000000000000001000000111000000000001010000101000000000
000000000000000000000000010000000000000000000000000000000000000000000000000000000000000000000000000000000000000000001011000000000001010000101000000000
