000000000000000000000000000000000000000000000000000000000000000000000000000000000000000000000000000000000000011100000000000000000000000000010000000000
000000000000000000000000000000000000000000000110000000000000000000000000000000000000000000000000000000000000100100000000000000000000011100000000000000
000000000000000000000000000000000000000000000110000000000000000000000000000000000000000000000000011100000001110011000000000000000000000000000000000000
000000000000000000000000000000000000000000000000000000000000000000000000000000000000000000000000000000000000100111000011000000000000000000000000000000
000000000000000000000000000000000000000000000000000000000000000000000000000000000000000000000000000000000000011001100100100000111000000000000000000000
000000000000000000000000000000000000000000000000000000000000000000000000000000000000000000000000000000000000000011100010100000000000000000000000000000
000000000110000000000000000000000000000000000000000000000000000001100000000000000000000000000000000000000000011110100001000000000000000000000000000000
000000001001000000000000000000110000000000000000000000000000000001100000000000000000000000000000000000000000011001100000000000000000000000000000000000
000000001001000000000000000000110000000000000000000000000000000000000000000000000000000000000000000000000000000011000000000000000000000000000000000000
000000000110000000000000000000000000110000000000000000000000000000000000000000000000000000000000000000000000000000000000000000000000000000000000000000
000000000000000000000000000000000000110000000000011000000000000000000000000000000000000000000000000000000000000000000000000000000000000000000000000000
000000000000000000000000000000000000000000000000011000000000000000000000000000000000000000000000000000000100000000000000000000000000000000000000000000
000000000000000000000000000000000000000000000000000000000000000000000000000000000000000000000000000000001000000000000000000001110000000000000000000000
000000000000000000000000000000000000000000000000000000000000000000000000000000000000000000000001000000001110000000000000000000000000000000000000000000
000000000000000000000000000000000000000100000000000000000000000000000000000000000000000000000010100000000000000001100000000000000000000000000000000000
000000000000000000000000000000000000001010000000000000000000000000000000000000000000000000000010100000000000000001100000000000000000000000000000000000
000000000000000000000000000000000000001010000000000000000000000000000000000000000000000000000001000000000000000000000000000000000000000000000000000000
000000000000000000000000000000000000000100000000000000000000000000000000000000000000000000000000000000000000000000000000000000000000000000000000000000
000000000000000000000000000000000000000000000000000000000000000000000000000000000000000000110000000000000000000000000000000000000000000000000000000000
000000000000000000000000000000000011000000011000000000000000000000001000000000000000000001001000000000000000000000000000000000000000000000000000000000
000000000000000000000000000000000100100000100100000000000000000000010100000000000000000000110000000000000000000000000001000000000000000000000000000000
000000000000000011000000000000000011000000011000000000000000000000001000000000000000000000000000000000000110000000000001000000000000000000000000000000
000000000000000011000000000000000000000000000000000000000000000000000000000000000000000000000000000000000110000000000001000000000000000000000000000000
000000000000000000000000000000000000000100000000000000000000000000000000000001000000000000000000000000000000000000000000000000000000000000000000000000
000000000000000000000000000000000000001010000000000000000000000000000000000010100000000000000000000000000000000000000000000000000000000000000000000000
000000000000000000000000000000000000001010000000000000000000000000000000000010010000000000000000000000000000000000000000000000000000000000000000000000
000000000000000000000000000000000000000100000000000000000000000000000000000001100000000000000000000000000000001000000000000000000000000000000000000000
000000000000000000000000000000000000000000000000000000000000000000000000000000000000000000000000000000000000000000100000000000000001000001000000000000
000000000000000000000000000000000000000000000000000000000000000011000000000000000000000000000000000000000000010000000000000000000010100101100000000000
000000000000000000000000000000000000000000000000000000000000000011000000000000000000000000000000000000000010110110110000000000000010101000110000000000
000000000000000000000000000000000000000000000000000000000000000000000000000000000000000000000000000000000100011000010000000000000001000101010001100000
000000000000000000000000000000000010000000000000000000000000000000000000000000000000000000000000000000001100110000111000000000000000000001010011010000
000000000000000000000000000000000010000000000000001110000000000000000000000000000000000000000000000000000110010000000100000000000000001101000010010000
000000000000000000000000000000000010000000000000000000000000000000000000000000000000000000000000000000000010100000011000000000000000000000000100010000
000000000000000000000000000000000000000000000000000000011000000000000000000000000000000000000000000000000000101000011000000000000000000000011000001100
000000000000000000000000000000000000000000000000000000100100000000000000000000000000000000000000000000000000110000000000000000000000000010000000100000
000000000000000000000000000000000000011000000000000000011000000000000000000000000000000000000000000000000000000000010011000110000000000111001100001000
000000000000000000000000000000000000011000000000000000000000000000000000000000000000000001100000000000000000000000011000001010000000000000000000010000
000000000000000000000000000000000000000000000000000000000000000000000000000000000000000000000000000000000000000000011001101110000000000000000000000000
000000000000000000000000000000000000000000000000000000000000000000000000000000011100000001110000000000000000000000000110000000001100000000000000000000
100000000000000000000000000000000000000000000000000000000000000000000000000000001110000000110000000000001000000000000000001000001100000000000000011001
010000011011000000000000000000000000000000000000000000000000000000000000000000000000000000000011000000010100000000000000000110000000000000000000011010
000000010001000000000000000000000000000000000000000110000000000000000000000000000000000010100001100000100100000000000000000000000000000000000000011010
101100001110000000000000000000000000000000000000001001000000000000000000000000000000000011111111000000011000000000000000000000000000000000000000000001
000010000100000000000000000000000000000000000000001010000000000000000000000000000000000001111110000000000000000000000000000000000000000000000000000010
000010000000000000000000000000000000000000000000000100000000000000000000000000000000000000001000000000000000000100000000000000000000000000000000000010
000010000000000000000000000000000000000000000000000000000000000000000000000000000000000000000000000000000000000100000000000000000000000000000000000010
000100000000000000000000000000000000000001100000000000000000000000000000000000000000000000000000000000000000000100000000000000000000000000000000000001
111000000000000000000000000000000000000001100000000000000000000000000000000011100000000000000000000000000000000000000000000000000011000000000000000000
100000000000000000000000000000000000100000000000000000000000000000000000000000000000000000000000000000000000000000000000000000000100100000000000000000
100011110000000000000000000000000000100000000000000000000000000000000000000000000000000000000000000000000000000000000000000000000100100000000000000001
100011111000000000000000000000000000100000000000000000000000000000000000000000000000000000000110000000000001100000000000000000000011000000000000000001
000000000100000000000000000000000000000000000000000000000000000001100000000000000000001000000110000000000001100000000000000000000000000000000000000000
000000111000000000000000000000000000000000000000000000000000000001100110000000000000001000000000000000000000000000000000000000000000000000000000000000
000010100000000000000000000000000000000000000000000000000000011000000110000000000000001000000000000000000000000000000000000000000000000000000011000000
001101000000000000000000000000000000000000000000000000000000011000000000000000000000000000000000000000000000000000000000000000000000000000001100100000
001001000000000000000000000011000000000000000000000000000000000000000000000000000011100011100000000000000000000000000000000000000000000000010001100000
010000000000000000000000000100100000000000000000000000000000000000000000000001100000000000000000000000000000000000000000000000000000000000010001000000
001001000000000110000000000011000000000000000000000000000000000000000000000010010000001000000000000000011000000000000000000000000000000001000101000010
001100100110000110000000000000000000000000000000000000000000000000000000000001010000001000000000000000011000000000000000000000011000000001001110000101
000000001010000000000000000000000000000000000000000000000000000000000000000000100000001000000000000000000000000000000000000000100100000001000001000001
000000000110000000000000000000000000000000000000000000000000000000000000000000000000000000000000000000000000000000001000100000100100000000010000001110
000111000100010000000000000000000000000000000000000000000000000000000000000000000000000000000000000000000000000000010101010000011000000000000110001010
001000110000010000000000000000000000000000000000000000000000000000000000000000011100000000000000000000000000000000100100100000000000000000000000000000
010000000000110000000000000000000000000000000000000000000000000000000000000000000000000000000000000000000000000000011010100000000000000000000000001000
100001000000000000000000000000000000000000000000000000000000000000000000000000010000000000000000000000000000000000000000000000000000000000000000000101
000010000101000000000000000000000000000000000000000000000000000000000000000000000000000110001001000001110000000000000000000000000000000000000000000011
000110000101100000000000000000000000000000000000000000000000000000000000000000000000000110000011110010001000000000000000000000000000000000000000000000
010000000101100000000000000000000000000000000000000000000000100000000000000000000100011000000000001010000000000110011001000000000000000000000000000000
000000000000000000000000000000000000000000000000000000000001010000000000000000001010011001111100000000000100001011000110100001100000000000000000000000
000000000000000001100000000000000000000000000000000000000001100000000000000001010000110000000000000000001000011100000110100001100000000000000000000000
100000110000000010010000000000000001110000000000000000000000000000000000000010110000001000000000010101011000111111111000000000000000000000000000000000
010000110000000001100000000000000010010000000000000000000000000000011000000100010100010000000000000000000000011000000000000000000000000000000000000001
010000000000000000111000000000001011000000000000000000000000000000011000000010100000100100000001000000100000001111000000000000000000000000000000000001
100000000000000000011100000001011000100000000000000000000000000000000000000001000000001100000001000011000000000100001110000000000000000000000000000000
000000000000000000100001000010111101100000000000000000000000000000000000000000000000010001000000000000010000000000001001000000000000000000000000000000
000000000000000000010001000000100000100000000000000000000000000000000000000000000000010001000000000000111000000000000110110000000000110000000000000000
000000000000000000000100000110101100100000000000000000000000000000000000000000000000010010000000000000011000000000000000000000000001001000000000000000
000000000000000000001000001110000000010000000000000000000000000000000000000000000000001000000000000011000000000000000000000000000000110000000000000000
000000000000000000011000001000000100100000000000000000000000000000000000000000000000000000000000000100100000000000000000000000000000000000000000000000
000000000000000000011000110110100100000000000000000000000000000000000000000000000000000000000000000000000000000000000000000000000000000000000000000000
000000000000000000000000000100110100000000000000000000000000001000000000000000000000000000000000000000011000000000000000000000000000000000000000000000
000000000000001101000000000111011010000000000000000000000000001000000000000000000000000000000000000001001000000000000001000000000000001100000000000000
000000000000001100100000111000101100000000000011100000110000001000000000000000000000000000000000000001110000000000000010110000000000001100000000000000
000000000000001101110000001001100000000000000000000001001000000000000000000000000000000000000000000000000000000000000010111110000000000000000000000000
000000000000000000011011001001100000000000000000000000110000000011100000000000000000000000000000000000000000000000000000011010000000000000000000000000
000000000000000000011011100100100000000000000000000000000000000000000000000000000000000000000000000000000000000000011100001110000000000011000000000000
001100000000000000000000101111100000000000000000000000000000001000000000000000000000000000000000001100000010000000000010100000000000000011000000000000
001010000000000000000100000000000000000000000000000000000000001000000000000000000000000000000000001100001011100000011011100000000000000000000000000000
000101000000000000000111000000000000000000000000000000000000001000000000000000000000000000000000000000110011100000001000100000000000000000000000000000
000010000000000000000000000000000110000000000000000000000000000000000000000000000010100000000000000001110001100000000110000010000000000000000001100000
000000000000000000010100000000000110000000000000000000000000000000000000000000000011000000000000000001100000110000001000000010000000000000000010010000
000000000000000000011000000000000000000000011000000000000000000000000000000000000001000000000110000000000111110000000000000000000000000000000010100000
000000000000000000001000000000000000000000011000000000000000000000000000000000000000000000000110000000000111100000001110000000000000000000000001000000
000000000111000000000000000000000000000000000000000000000000000000000000000000000000000000000000000000000100000000000000000000000000000000000000000000
000000000000000000000000000000000000000000000000000000000000000000000000000000000000000000000000000011100000000000001000101000000000000000000000000010
000000000000000000000000000000000000000000000000000000000000100000000000000000000000000000000000000010001000000000001000110000000000000000000000000101
000000000000000000000000000000000100000000000000000000000001010000000000000000000000000000000000000001100100000000001000010000000000000000000000000101
000000000000000000000000000000000100000000000000000000000001010000000000000000000000000000000110000000000100000011101000000000000000000000000000000010
000000000000000000000000000000000100000000000000000000000000100000000000000000000000000000000110000000000000000000001001000000000000000000000000000000
001100000010000000000000000000000000000000000000000000000000000000000000000000000000000000000000000000000000000000000101000000000000000000000001100000
010010000101000000000000000000000001110000000000000000000000000000000000000000000000000000000000000000000000000000000000000000000000000001000010010000
001100000100100000000110000000000000000000000000000000000000000000000000000000000000000000000000000000000000000000000000000000000000000010100001100000
000000000011000000000110000110000000000000000000000000000000000000000000000000000000000000000001100000000000000000000000000000000000000001100000000000
000000000000000000000000000110000000000000000000000000000000000000000000110000000000000111000001100000000000000000000000000000000000000000000000000010
000000000000000000000000000000000000000000000000000000000000000000000001010000000000000000000000000000000000000000000000000000000000001100000000000101
000000000000000000000000000000000000000000000000000000000000000000000001100000000000000000000000000000000000000000000000000000000000010100000000000101
000000000000000000000000000000000000000000000000000000000000000000000000000000000000000000000000000000011000000000000000000000000000001000000000000010
000000000000000000000000000000000000000000000000000000000000000000000000000000000000000000000000000000011000000000000000000000000000000000000000000000
000000000100000000000000000000000000000000000000000000000000000000000000000000000000000000000001100000000000000000000000000000000000000000000000000000
000000001010000000000000000000000000000000000000000000000000000000000000000000000000000000000001100011000000000000000000000000000000000000000000000000
000000001010000000000000000000000000000000000000000000100000000000000000000000000000000000000000000011000000000000000000000000000000000010000000000000
000000000100000000000000001100000000000000000000000001010000000000000000000000000000000000000000000000000000000000000000000000000000000010000000000000
000000000000000000000000001100000000000000000000000010001000000000000000000000000000000000000000000000000000000000000000000000000000000010000000000000
000000000000000000000000000000000000000000000000000010001000001110000000000000000000000000000000000000000000000000000000000000000000000000000000000000
000000000000000000000000000000000001000000000000000010000000000000000000000000000000000000000000011000000000000000000000000000000000000000000000000000
000000000000000000000000000000000001000000000000000001110000000000000000000000000000000000000000011000000000000000000000000000000000000000000000001100
000000000011100000000000000000000001000000000000000000000001010001010000000000000000000000000000000000000000000000000000000000000000000000000000001100
000000000000000000000000000000000000000000000000000000000001010101010000000000000000000000000000000000000000000000000000000000000000000000000000000000
000000000000000000000000000000011000011100000000000000000000111111100000000000000000000000000000000000000000000000000000000000000000000000000000000000
000000000000000110000000000000011000000000000000000000000000000100000000000000000000000000000000000000000000000000000000000000000000000000000000000000
000000000000001001000000000000000001000000000000000000000000000000000000000000000000000000000000000000001110000000000000000000000000000110000000000000
000000000000000110000000000000000001000000110000000000000000100000100000000000000000000000010000000000000000000000000000000000000000000110000000000000
000000000000000000000001100110000001000000110000000000000001111111110000000000000000000000101000000000000000000000000000000000000000000000000000000000
000000000000000000000001100110011000000000000000000000000000001110000000000000000000000001010000000000000000000000000000000000000000000000000000000000
000000000011000000000000000000011000001100000000000000000000100000100000000000000000000001100000000000000000010000000000000000000000000000000000000000
000000000101000000000000000000000000010010000000000000000000111011100000000000000000000000000000000000000000101000000000000000000000000000000000000000
000110000010000000000000000000000000001100000000000000000000010001000001100000000000000000000000000000000001001000000000000000000000000000001100000000
000110000000000000000000000000000000000000000000000000000000011011000010010000000000000000000000011000000000110000000000011000000000000000010010000000
000000000000000000000000000000000000000000000000000000000000001010000001100000000000000000000000100100000000000000000000011000000000000000010100000000
000000000000000000000000000000000000000000000000000000000100000100000000000000000000000000000000011000000000000000000000000000000000000000001000000000
000000000000000000000000000000000000000000000000000000001010000000000000000000000000000000000000000000000000000000000000000000000000000000000000000000
000000000000000000000000001100000000000000000000000000001010000000000000000000000000000000000000000000000000000000000000000000000000000000000000000000
000000000000000000000010001100000000000000000000000000000100000000000000000000000000000000000000000000000000000000000000000000000000000000000000000000
000000000000000000000010000000000000000000000000000000000000000000000000000000000000000000000000000000000000000000000000000000000000000000000000000000
000000000000000000000010000000000000000000000000000011000000011000000000000000000000000000000000000000000000000000000000000000000000000000000000000000
000000000000000000000000000000000000000000000000000100100000100100000000000000000000000000000000000000000000000000000000000000011000000011000000000000
000000000000000000111000111000000000000000000000000011000000011000000000000000000000000000000000000000000000000000000000000000100100000100100000000000
000000000000000000000000000000000000000000000000000000000000000000000000000000000000000000000000000000000000000000000000000000011000000011000000000000
000000000000000000000000000000000000000000000000000000000100000000000000000000000000000000000000000000000000000000000000000000000000000000000000000000
000000000000000000000000000000000000000000000000000000001010000000000000000000000000000000000000000000000000000000000000000000000000100000000000000000
000000000000001000000000000000000000000000000000000000001010000000000000000000000000000000000000110000000000000000000000000000000001010000000000000000
000000000000001000000000000000000000000000000000000000000100000000000000000000000000000000000000110000000000000000000000000000000001010000000000000000
000000000000001000000000000000000000000000000000000000000000000000000000000000000000000000000000000000000000000000000000000000000000100000000000000000
000000000001000001000000000000000000000001000000000000000000000000000000000000000000000000000000000000000000000000000000000000000000000000000000000000
000000000010100010100000000000000000000010100000000000000000000000000000000000000000000000000000000000000000000000000000000000000000000000000000000000
000000000010100010100000000000000000000010100000000000000000000000000000000000001100000000000000000000000000000000000000000000000000000000000000000000
000000000001000001000000000000000000000001000000000000000000000000000000000000001100000000000000000000000000000000000000000000000000000000010000000000
000000000000000000000000000000000000000000000000000000000000000000000000000000000000000000000000000000000000000000000000000000000000000000101000000000
000000000000000000000000111000000000000000000000000000000000000000000000000000000000000000000000000000000000001000000000000000000000000000101000000000
