00000100100011100001000001000011000011100000001001
00000000000000011000101000100011100001100000001001
10000100000010100000100000000000100010001010100000
00011000000010000000000000000010101000000010101000
10000111000100000000000000000000000000000010101000
10011111000100000100000000000010001000001000000000
01100001000000000000000101100000001000000000000000
00001001100000000000000010000010101111111000010000
10101000000001010000001001000010101110010000000001
00100001011100010111101001100100111010000100000000
11000000001100010100001001000111000001100000000010
00010001001101110110000110110111010100000000100000
00011000000000000000011000000100010100010100000000
01100000000011100101001100000001101000000110100000
00000000000000010101000000000010110000000000000000
00000011100001110101011100000010000000011111100000
00000011110000011011010000000000100000000000000001
10000011110001000010000100000110100000001010100000
01110110011000111011111111000111100000000010000000
10001000111010010011000010000000000100000010100001
01100111100011101000011000000000000101000010000000
00000010000010100000000000000100000101101010001011
10101101100100000000001000000011000000100000100000
00101010000101000011101000001000000001110000110000
00101000000110000000100001000000000000001100000000
00101000000110000110000001100000000001110000011000
10011000011000000000000000001100110000000001001001
01100100000010100100001010110100100011010000111011
00100000010011011011101000011100100001100001001111
00001010000100011000100011101001001011011110100000
00000010100000000010011000000011010011010000100100
00000001011101111101000000000110110010000000000000
01000000010111100011000100001110110000000000000000
00000000111001001010001000001110000000000000000010
00000001000000001110001110000010110000010100000000
00000001000101100000001000000010100000001101000001
00110001000000111000000001101000110000001000000000
11100000000100100000000011111100000010000000001001
10000000111101000000011000010110000100000000000101
01101100000001000000110110011111110001100000001101
01100100001101000000010100000110000001100000000110
00000100001111000000001001000001000101000000001100
10001100011100001000001010000001010101000000000000
00100101010010001010000010000010100000000000000010
10111001001110001110000010101101110100001000001010
11100101100010000010000000100000101000000000001010
11011110000001010001000100000001001000000001001010
11100100100000010010000000100000101000000000000000
00000000100000100110000110000000100000000000000000
10000110000000011100011110100000000011100000000001
