110010000000000000000000000000
011100000000000000000001100000
000000000000000000001001100000
000000000000110000000100000000
000000000000110000000000000000
000100000000000000000000000000
011100000000000000000000000000
100000001100000000000000000000
010110000100000000000000000001
000110000000000000000000000001
010000000000000000111000000010
010000000000000000101100000010
000000000000000000011011000011
011000000000000000000011000011
011000000000000000011011000000
000000000000000000001100000000
001000000000000000111000000000
101000000000000001101000000000
101000000000000000000000000000
011000000000000010010000000000
010000000000000001000000000010
100000000000000000000000000001
000000000000000000001000000001
010000000000000000011000000000
001000000000000001100100000000
000000000000000001001000000000
000000000000000000011000000000
000000000000000000101000001000
001110000000000001101000011010
110010000000000000100000001100
