000000000000000000000000000001100000000000011000110000000000000000000000000000000000000000000000000000000000000000000000000000000000001000010000000000
000000000000000000001100001000000000000001100100000000000000000000000000000000000000000000000000001000000000000000000000000000000000001000000000000000
000000000000000000001100001000000000000000100000000000000000000000000000000000000000000000000000001000000000000000000000000000000000001000000000000000
000000000000000000000000001000000000000000010000000000000000000000000000000000000000000000000000001000000000000000000011000000010000000000000000000000
000000000000000000000000000000000000000000000000000000000000000000000000000000000000000000000000000000000000000000000100100000010000000000000000000000
000000000000000000000011100000000000000000000000000000000000000000000000000000000000000000000000000000000000000000000010100000010000000000000000000000
000000000110000000000000000000000000000000000000000000000000000001100000000000000000000000000000000000000000000000000001000000000000000000000000000000
000000001001000000000000000000000000000000000110100000000000000001100000000000000000000000000000000000000000000000000000000000000000000000000000000000
000000001001000000000000000000000000000000001000010000000000000000000000000000000000000000000000000000000000000000000000000000000000000000000000000000
000000000110000000000000000000000000000000001000000000000000000000000000000000000000000000000000000000000000000000000000000000000000000000000000000000
000000000000000000000000000000000000000000000111100000000000000000000000000000000000000000000000000000000000000000000000000000000000000000000000000000
000000000000000000000000000000000000000000000010000000010000000000000000000000000000000000000000000000000000000000000000000000000000000000000000000000
000000000000000000000000000000000000000000000000000000010000000000000000000000000000000000000000000000000000000000000000000010000000000000000000000000
000000000000000000000000000000000000000000000000000000010000000000000000000000000000000000000001000000000000000000000000000111000000000000000000000000
000000000000000000000000000000000000000000000000000000000000000000000000000000000000000000000010100000000000000000000000001000100000000000000000000000
000000000110000000000000000000000001100000000000000000000000000000000000000000000000000000000010100000000000000000100000001001100000000000000000000000
000000000110000000000000000000000001100000000000000000000000000000000000000000000000000000000001000000000000000001010000001111100000000000000000000000
000000000000000000000000000000000000000000000000000000000000000000000000000000000000000000000000000000000000000000100000001100000000000000000000000000
000000000000000000000000000000000000000000000000000000000000000000000000000000000000000000110000000000000000000000000000000000000000000000000000000000
000000000000000000000000000000000000000000000000000000000000000000001000000000000000000001001000000000000000000000000000010010000000000000000000000000
000000000010000000000000000000000000000000000000000000000000000000010100000000000000000000110000000000000000000000000000000100011000000000000000000000
000000000101000011000000000000000000000000000000000000000000000000001000000000000000000000000000000000000000000000000000110010011100000000000000000000
000000000101000011000000000000001000000000000000000000000000000000000000000000000000000000000001000000000000000000000000000000011100000000000000000000
000000000010000000000000000000001000000000000000000000000000000000000000000001000000000000000010100000000000000000000000000000110110100000000000000000
000000000000000000000000000000001000000000000000000000000000000000000000000010100000000000000010100000000000000100000000000000110100000000000000000000
000000000000000000000000000000000000000000000000000000000000000000000000000010010000000000000001000000000000001110000000000000011000100100000000000000
000000000000000000000000000000000000000000000000000000000000000000000000000001100000000000000000000000000000011011000000000000000001000100000000000000
000000000000000000000000000000000000000000000000000000000000000000000000000000000000000000000000000000000000000001100000000000000001000100000000000000
000000000000000000000000000000000000000000000000000000000000000011000000000000000000000000000000000000000001000101110000000000000000000000000000000000
000000000000000000000000000000000000000000000000000000000000000011000000000000000000000000000000000000000001000001100001010000110000010000000000000000
000000000000000000000000000000000000000000000000000000000000000000000000000000000000000000000000000000000001000011100010000000110111100000000000000000
000000110000000000000000000000000000000000000000000000000000000000000000000000000000000000000000000000000000111011000001010000011111000000000000000000
000000110000000000000000000000000111000000000000000000000000000000000000000000000000000000000000000000000000100000000000100000001100000000000000000000
000000000000000000000000000000000000000000000000100000000000000000000000000000000000000011000000000000000000011111100000000000000000000000000000000000
000000000000000000000000000000000000000000000000100000011000000000000000000000000000000011000000000000001100000101100000000000000001100000000000000011
000000000000000000000000000000000000000000000000100000010100000000000000000000000000000000000000000000001100000001111000000000000000100000000000000011
000000000000000000000000000000000000011000000000000000001000000000000000000000000000000000000000000000000000000000001110000000000100000000000000000000
000000000000000000000000000000000000011000000000000000000000000000000000000000000000000000000000000000000000000000000101000000000110000000000000000000
000000000000000000000000000000000000000000000000000000000000000000000000000000001000000000000000000000000000000000000011100000000000000000000000000000
000000000000000000000000000000000000000000000000011000100000000000000000000000010010000000000000000000000000000000001100010000000000000000000000000000
000000000000000000000000000000000000000000000000110101001001000000000000000000010010000000000000000000000000000000000101010000000000000000000000000000
000000000000000000000000000000000000000000000000010100111110100000000000000000000100000000000000000000000000000000001101011000000000000000000000000000
000000000000000000000000000000000000000000000000000000000100100000000000000000000000000000000000000000000000000000001101011000000000000000000000010000
000000000000000000000000000000000000000000000000011000000100000000000000000000000000000010000000000000000000000000000111100100000000000000000000010000
000000000001000000000000000000000000000000000000011010000100000000000000000000000000000101000000000000000000000000000011111100000000000000000000001000
011000000010100000000001100000000000000000000000000011011000000000000000000000000000000011000000000000000000000000000000001000000000000000000000010000
011000000010010000000010010000000000000000000000000000000000000000000000000000000000000000000000000001000000000000000000000000000000000000000000110000
000000000001100000000001100000000000000001100000010100001000000000000000000001000000000000000110000010100000000000000000110000000000000000000000000000
000000000000000000000000000000000000000001100000010000011100000000000000000001000000000000000110000010100000000000000001101000000000000000000000000000
000000000000000000000000000000000000000000000000000000100000000000000000000001000000000000000000000001000000000000000001101000000000000000000000000000
000000000000000100000000000000000000000000000000000000101000000000000000000000000000000000000000000000000000000000000000010000000000000000000001100000
000000000000001010000000000000000000000000000000000000010000000000000000000000000000000000000000110000000000000000000000000000000000000000000000000000
000000000000010010000000000000000000000000000000000000000000000000000000000000000000000000000001001000000000000000000011000000000000000000001001001000
000000000000001100000000000000000000000000000000000000000000000000000000000000000000000000000000110000000000000000000000011000000000000000010100001000
000000000000000000000000000000000000000000000000000000000000000000000000000000000000000000000000000000000000000000000010011100000000000000100100010000
001101100000000000000000000000110000000000000000000000000000000000000000000000000000000000000000000001000000000000000001100100000000000000011000001100
001101100000000000000000000001001000000000000000000000000000000000000000000000000000000000000000000010100000000000000000101000000000000000000000000000
000010000000000000000000100001001000100000000000000000000000000000011100000001100000000000000000000010100000000000000000010000000000000000000000000000
000000000000000000000000111000110001010000000000000000000000000000000000000010010000000000000000000001000000000000000000010000000000000000000000000000
000000000000000000000100100000000000110000000000000000000000000000000000000001010000000000000000000000000000000000000000000000000000000000000000000000
000000000000000000001001100000000000000000000000000001111010000010000000000000100000000000000000000000000000000000000000000000000000000000000000000000
000000000000000000000101000000000000000000000000001010111001000101000000000000000000000000000000000000000110000000000000001000000000000000000000000000
000000000000000000000010000000000000000000000000001000111001000101000000000000000000000000000000000000000110000000000000010100000000000000000000000000
000000000000000000000000000000001010000000000000001010000110000010000000000000000000000000000000000000000000000000000000010100000000000000000000000000
000000000000000000000000000000001010000000001111100000000110000100000000000000000000000000000000000000000000000000000000010000000000000000000000000000
000000000000000000000000000000001010000010001011000000000000111100100000000000000000000000000000000000000110000000000000010000000000000000000000000000
000000000000000000000000000000000111000101000111000000100001101100010000000000000000000100000000000000000110000000000000010010000000000000000000000000
000000000000000000000000000000011001000000100000000001010000000100100000000000000000001010000000001000000000000000001100001100000000000000000000000000
000000000010000000000000000000001000001001000000000010011000000000000000000000000000000100000000010100000000000000011000000000000000000000000000000000
000000000101000000000000000000001011000111100000000010000100000000000000000000000000000000000000010010000000000000001100000000000100000000000000000000
000000000101000000000000000000000100000001110000000001111100000000000000000000000000000000000000001100000000000000000001010000000100000000000000000000
000000000010000000000000000010000000000000000000000001100010000000000000001100000000000000000000000000000010000000000000100000000100000000000000000000
000000000000000000000000000111000000000010001011000000000100000000000000001010000000000000000000000000000010000000000000000000000000000000000000000000
000000000000000000000000001001000000000000100001000000000100000000000000000110000000000000000000000000000010000000000000000000000000000000000000000000
000000000000000000000000010000100000000001100001000000000000000000000000000000000000000000000000000000000000000000000000000000000000001000000000000000
000000000000000000000000010011000000000000100011000000010000110000000000000000000000000000000000000000000000000000000000000000000000110100000000000000
000000000000000000000000100011000000000000000010000000001000000000000000000000000000000000000000000000000000000000000000000000000000010110000000000000
000000000000000000000000101100000000000000011100000000001100000000000000000000000000000000000000000000000000000000000000000000000000001000000000011000
000000000000000000000000101100010000000000011000000000001110000000000000000000000000000000000000000000000110000000000000011000000000000000000000011000
000000000000000000000000100100011000000000000000000000000110000000000000000000000000000000000000000000000110000000000000011000000000000000000000000000
000000000000000000000000111000000100000000000001000000000000000100000000000000000000001100000000000000000000000000000111001000000000000000000000000000
000000000000000000000000110001011110000000000010100000000000001010000000000000000000001100000000000000000000000000000100010001110000000000000000000000
000000000000000000000000111011011111000000000000010000000000001010000000000000000000000000000000000000000000000000001000001001010000000000000000000000
011000000000000000000000000001001110000111000001100000000000000100000000000000000000000000000000000000000000000000000100010001110000000000000000000000
110100000000000000000000001000010110000100001100000000000000000000000000000000000000000000000000000000000000000000000011110000000000000000000000000000
000100000000000000000000000000011100000111000010000000000011000000011000000000000000000000000000000000000000000000000000100000000000000000000000000001
110100000100000000000000000000000100000000000000000000000100100000100100000000000000001100010000000000000000000000000000000000000000000000000000000010
010000011000100000000000000000000100000000000000000000000011000000011000100000000000000110001000000000000000000000000000000000000001000000000000000001
010000000011010000000000000000000000000000000000000000000000000000000001100000000000000111000000000000000000000000000000000000000001000000000000000100
100001000011111110000000000000000010000000000000000000000000000100000001010000100000000000100000000000000000000000000000000000000001000000000000000100
100010000000111111000000000000001100000000000000000000000000001010000000000001010000000001110000000000000000000000000000000000000000000000000000000100
000010000110011101000000000000000000000000000000000000000000001010000000010000100000100001110000000000000000000000000000000000000000000000000000000010
000000000010000000000110000010100000000000000000000000000000000100000000001000000011100000000000000000000000000000000000000000000000000000000000000000
000001110000000000000110000100100000000000000000000000000000000000000000100100001101100000000000000001100000000000000000000000000000000000000000000000
000000011100000000000000000010100000000000110000000010000000000000000000001110010000000000000000000001100000000000000000000000000000110000000000000000
000000001100010000000000000000000000000000110000000101000000000000000011000000010010000000000000000000000000000000000000000000000000110000000000000000
000000000001100000000000000000000000000000000000000101000000000000000010100000001011000000000000000000000000000000000000000000000000000000000000000000
000000001001000000000000000000000000000000000000000010000000000000000010100000110001000000000000000000000000000000000000000000000000000000000000000000
000000001000000000000000000000000000000000000000000000000000000000000001000000000110000000000000000000000000000000000000000000000000000000000000000000
000000000100100000000000000000000000001100000000000000000000000100000000000001011100000000000000000000000000000000000000000000000000000000000000000000
000000000011100000000000000000000000001100000000000000000000001010000000000010000000000000000000000000000000000000000000000000000000000000000000000000
000000000000000000000000000000000000000000000000000000000000001001000000000010100000000000000000000000000000000000000000000000000000000000000000000000
000000000000100000000110000000000000000000000000000000000000000110000000000001000000000000000000000000000000000000001000000000000000000000000000000000
000000000001010000000110000110000000000000000000000000000000000000011000011000000000000000000000000000000000000000010100000000000000000000000000000000
000000000010011011100000000110000000000000000000000000000000000001100100100100000000000000000000000000000000000000100100000000000000000000000000000000
000000000001011000000000000000000000000000000000000000000000110001001100100000000000000000000000000000000000000000011000000000000000001100000000000000
000000000000000000000000000000000000000000000000000000000000110001000010100100000010000000000000000000000000000000000000000000000000010100000000000000
000000000000011000000000000000000000000000000000000000000000000000110001001101111111000000000000000000000000000000000000000000000000001000000000000000
000000000000001000000000000000000000000000000000000000000000000000000011001000101111000000000000000000000000000000000000000000000000000000000000000000
000000000000000000000000000000000000000000000000000000000000000000000110011000100001100000000000000000000000000000000000000000000000000000000000000000
000000000000000000000000000000000000000000000000000000000000000000000000000101010111000000000000000000000000000000000000000000000000000000000000000000
000000000000000000000000000000000000001100000000000000000000000000000011000000000111000000011000000000000000000000000000000000000000000000000000000000
000000000000000000000000001100000000001100000000000000000000000000000000000000000100000000100100000000000000000000000000000000000000000111000000000000
000000000000000000000000001100000000000000000000000000000000000000000000000000000000000000011000000000000000000000000000000000000000000000000000000000
000000000000000000000000000000000000000000000000000000000000000000000000000000000000000000000000000000000000000000000000000000000000000000000000000000
000000000000000000000000000000000000000000000000000000000011100000000000001100000000000000000000000000000000000000000000000000000000000000000000000000
000000000001000000000000000000000011100000000000000000000000000000000000000010000000000000000000000000000000000000000000000000000000000000000000001100
000000000001000000000000000000000000000000000000000000000000000000000001000010000000000000000000000000000000000000000000000000000000000000000000001100
000000000001000000000000000000000000001000000000000000000000000000000001101100000000000000000000000000000000000000000000000000000000000000000000000000
000000000000000000000000000000011000001000000000000000000000000000000000000000000000000000000000000000000000000000000000000000000000000000000000000000
000000000000000110000000000000011000001000000000000000000010000000000000000000000000000000000000000000000000000000000000000000000000000000000000000000
000000000000001001000000000000000000000000000000000000000111000001000000000000000000000000000000000000000000000000000000000000000000000110000000000000
000000000000000110000000000000000011100000110000000000001111100001100000000000000000000000000000000000000000000000000000000000000000000110000000000000
000000000000000000000001100110000000000000110000000000000000110010100000000000000000000000000000000000000000000000000000000000000000000000000000000000
000000000000000000000001100110011000000000000000000000000000011000000000000000000000000000000000000000000000000000000000000000000000000000000000000000
000000000011000000000000000000011000001100000000000000000011100000000000000000000000000000000000000000000000010000000000000000000000000000000000000000
000000000101000000000000000000000000010010000000000000000111000000000000000000000000000000000000000000000000101000000000000000000000000000000000000000
000110000010000000000000000000000000001100000000000000000000000000000011000000000000000000000000000000000001001000000000000000000000000000001100000000
000110000000000000000000000000000000000000000000000000000000000000000100100000000000000000000000000000000000110000000000011000000000000000010010000000
000000000000000000000000000000000000000000000000000000000000000000000011000000000000000000000000000000000000000000000000011000000000000000010100000000
000000000000000000000000000000000000000000000000000000000000000000000000000000000000000000000000000000000000000000000000000000000000000000001000000000
000000000000000000000000000000000000000000000000000000000000000000000000000000000000000000000000000000000000000000000000000000000000000000000000000000
000000000000000000000000001100000000000000000000000000000000000000000000000000000000000000000000000000000000000000000000000000000000000000000000000000
000000000000000000000000001100000000000000000000000000000000001000000000000000000000000000000000000000000000000000000000000000000000000000000000000000
000000000000000000000000000000000000000000000000000000000000010100000000000000000000000000000000000000000000000000000000000000000000000000000000000000
000000000000000000000000000000000000000000000000000000000000010100000000000000000000000000000000000000000000000000000000000000000000000000000000000000
000000000000000000000000000000000000000000000000000000000000001000000000000000000000000000000000000000000000000000000000000000011000000011000000000000
000000000000000000000000000000000000000000000000000000000000000000000000000000000000000000000000000000000000000000000000000000100100000100100000000000
000000000000000000000111000000000000000000000000000000000000000000000000010000000000000000000000000000000000000000000000000000011000000011000000000000
000000000000000000000100100000000000000000000000000000000000000000000001100000000000000000000000000000000000000000000000000000000000000000000000000000
000000000000000001100000100000000000000000000000000000000000000000000011110000000000000000000000000000000000000000000000000000000000100000000000000000
000000000000000001000000010000000000000000000000000000000000000000001111000000110000000000000000110000000000000000000000000000000001010000000000000000
000000000000000010000000100000000000000000000000000000000000000000001000001100000110000000000000110000000000000000000000000000000001010000000000000000
000000000000000000001101100000000000000000000000000000000000000000001101010010001001000000000000000000000000000000000000000000000000100000000000000000
000000000000000001100000000000000000000000000000000000000000000000000011010000001000000000000000000000000000000000000000000000000000000000000000000000
000000000000000001100000000000000000000000000100000000000000000000000000001010001011000000000000000000000000000000000000000000000000000000000000000000
000000000000000001001000000000000000000000011010000000000000000000000000000100000000000000000000000000000000000000000000000000000000000000000000000000
000000000000000000101000000000000000000000010010000000000000000000000000000000000000000000000000000000000000000000000000000000000000000000010000000000
000000000000000000111000000000000000000000010100000000000000000000000000000000000000000000000000000000000000000000000000000000000000000000101000000000
000000000000000000000000000001100000000000100100100000000000000000000000000000000000000000000000000000000000000000000000000000000000000000101000000000
