000000000110010010000000000000000000000100000000000000000000000000000000000000000000000000000000000000000000000000001110000000000000000000001000000000
000000000111100010000000000000000000000001100000000000000000000000000000000000000001000000000000000000000000000000000101000000000000001001010000000000
000000000011111011000000000000000101000000000000000000000000000000000000000000011110100000000000000000000000000000000011000000000000010101000000000000
000000000001100011100000000000000100100000001111000001000000000000000000000000011101100000000000000000000000000000000000000000000000000001110100110000
000000000001000001010000001100000000100000000000100001000000000000000000000000000000000000000000000000000000000000000000000000000000011000000000111000
000000000001111100001000010010001101100000001100000001000000000000000000000011000000000000000000000000000011000000000000000000011000011000111100011100
000000000000010000000000001100001101100000000001101000000000000001100000000110000000000000000000000000000100100000000000110000011000110011100000001010
000000000000000100000110000000000010000000000000001100011100000001100000000011000111000000000000000000000100100000000000110000001100010000000000001110
000000000000000000101001100000000000000000000000011000000000000000000000000001101000000000000000000000000011000000000000000000000101100000000000000000
000000000110000010100000000000000000000000000000000001000000000000000000000000100001000110000000000000000000000000000000000000000011100000000000000000
000000001010000001000000001100000000000000000000000001000000000000000000000000001110000110000000000000000000000000000000000000000000000000000000000001
000000011011000000000000010010000000000000000000000001000000000000000000000000000000000000000001000000000000000000000000000000000000000000011100001011
000000011010000000000000001100000000000000000000000000000000000000000000000000000000000000000100000000000000000000000000000110000000000000000000010000
000000010010000000000000000000000000000000000000000000000000000000000000000000000000000000000100001000000000000000000000000110000000000000000000110000
000000001010000000000000000000000000000000000000000000000000000000000000000000000000000000001000000100000110000000000000010100100000000000000000001110
000000000000000000000000000000000000000000000000000000000000000000000000000000000000000000000100101000001010000000000000011000000000000000000000000000
000000000000000000000000000000000000000000000000000000000000000000000000000001100000000000000000011000000100000000000000111000110000110000000000000000
000000000000000000000000000000000000000000000000000000000000000000000000000001100000000000000011100000000000000000000000000011111000101000000001100000
110000000000000000000000000000000000000000000000000000000011000000000000000000000000000000000001000000000000111000000010000111000100010000000110010000
001000000000000000000000000000000000000000000000000000000011000000000000000000000000000000000000000000000011011100000001111110010000010000000110110001
101100000000000000000000000000000000000000000000000000000000000000000000000000000000000000000000000000000100001000000000000100110000001000000110110001
100100000000000000000000000000000000000000000000000000000000000000000000000000000000000000000000000000001000001000000000011100000000011000000001010000
011000000000000000000000000000000000000000001100000000000000000000000000000000000000000000000000001100000000001000000000100110000000000000000011111100
000000000000000000000000000000000000000000001100000000000000000000000000000000000000000000000000001100010100000111000000110110000000100000000011001000
000000000000000000000000000000000000000000000000000000000000000000000000000000000000000000000011000000110010100000000000010100000110001000000001110011
000001000000000000000000000000000000000000000000000000000000000000000000000000000111000011000011000000010011100000000000001000011000001001100000000011
011001110000000000000000000000000000000000000000000000000000000000001100000000001000000011000000000000001110011011000000000000001100001001100000000011
000001111000000000000000000000000000000000000000000000000000000000011000000010000000100000000000000000001101100100111000000000000010001000000000000011
010000011000000000000000000000011000000000000001000000000000000000000000101110000001100000000000000000000000011000111000000000000011011000000000000011
100000000000000000000000000000100100000000000110100000000000000000000000010001000100000000000000000000000000011001010000000000011011001000000000000001
000000000000000000100000000100010100000000011000000000000000000000000011010110001100000000000000000000000000000011000110000000110100001000000000000101
000000000000000001110000010110110000000000100010101000000000000000000011100000000000000000000000000000000000001100010111000000100101110000000000000010
000000000001000011001000110101100000000000100010101000000000000000000001000000000000000000000000000000000000001111110010000000001010110000000000000010
000000000010100010010000110111100000000000011000100000000000000000000000000000000000000000000000000000000000010000100000100000000010000000000000000000
000000110100100001000000011110000000000000000001100000000000000000000000000000000000000000000000000000000000010010000000110000101100000000000000000000
000001100011000000111100001000000000000000000000001000000000000000000000000000000000000000000000000000000011101001000001100000100011000000000000000000
001010000000000000111100010000000000000000000000110000000000000000000000000000000000000000000001100000000010000011000001000000101011000000000000000000
010011000000000000111111111000000000000000000000100000000000000000000000000000000000000000000010100000000001110000100000000000011011000000000000000000
000011010100000000000011000100000000000000000000000000000000000000000000000000000000000000000001000000000001110010100000000000000100000000000000000000
000001110100000000000110011000000000000000000000000000000000000010000000000000000000000000110000000000000000000010100000000000000000000000000000100000
100110111000000000001011110000000000000000000000000100000000000111000000000000000000000001000000000000000000000000000000000000000000000000000000100000
011100000000000000000100000000000000000000000000001010000000001101100000000000000000000000110000000000000000100000000000000000000000000000000000100000
000000000000000000011100000000000000000000000000000010000000000111000000000000000000000001000000000000000011011001001000000000000001110001100000000000
000000000000001000000000000000000000000000000000010000000000000010000000000000000000000110110000000000000001010000110000000000011000000000000000000000
000000000011100000000000000000000000000000000110101100000000000000000000000000000000000110000000000000000000111100000000000000011000000000000000000000
000000111011000000000000110000000000000000000100110000000000000000000000000000000000000100000000000000000000011110000000000000000000000000000000000000
000000000000111000000000110000000000000000000100100000000000000000000001000000000000000100010000000000000001011000000000000000000000000000000100000000
000001000110000000000000000000000000000000000001010000000000000000000001000000001100000111100000000000000010100100000000000000000000000000000100000000
000000000000000000000000000000000000000000000000110000000000000000000001000111001100000010000000000000000010011100000000000000000000000000000100000011
100010000010000000000000000000000000100000000000101000000000000000000000000100100000000000000000000000000001110100000000000000000000111000000000000010
100010000010000000000000000000000001111000000001001000000000000000000000000000100110000000000000000100000000010100000000000000101000101001110000000000
010011100010000000000000000000000001011100000000010000000000000000000000000010000010000000000000011110000001001000000000000000000000111000000000000010
100110100000000000000000000000000000000110000000000110000000000000000000000001000000000000000000000001000001111000000000000000000000000000000000000001
001010001100000000000000000000000000111001000000000101000000001110111000000000000010100000000000101011000010000000000011100000000100000000000111011000
010001000000000000000000000001100000111110000000000101000000001000001000000000001000010000000000101000000000000000000010100000100000000000000111000000
000000100000000000000000000010100000011100000000000010000000001000001000001100001000100000000000011110000000000000000011100000010110000000000100110000
000000100000000000000000000000000000000000000000000000000000000100010000001100001000000000000000000011000000000100000000000000010110000000010100000000
000110100000000000000000000010000000000000000000000000000000000011100000000000000110000000000000000001000000001010000000000000001000000000010110000000
000100000000000000000000000010100000000000000000000000000000000000000010000000000011000000000000000001000000001010000000000000000000000000010000000000
101111000000000000000000000010100000000000000000000000000000000000000101000000000000000000000000000001100000000100000000000000000000000000001100000000
000001000000000000000000110011100000000000000000000000000000000000000100100000000000000000000000000000110000000000000000000000000000000000000100000000
011110000000000000100000110000000000000000000000000000000000000011100011000000000001000000000000000000100000000000000000010000000000000000000110000000
101100000000000001010001100000000000000000000000100000000000000010100000000000000010100000000000000000101000000000000000110001100000000000000001110001
001000000000000001100000000000000000000000000010100000000100000110110000000000000010010000011000000000010000000000000000101010011001000000000010110010
001000000000000000000000000000000000000000000011101000000100110000000000000000000001100000011000000000010000000000000000000110001101011000000001100010
001000000000000000000011000000011000000000000011001100000000111000000000001000000000000000000000000000000000000110000000001010100000001000000001000010
110000000000000000001001101000010100000000000000001100000000001000000001110010000000000000000000000000000000000110000000001100011000001110000000000001
000000000000000000001110011000000110000000000000010000000000000000000011100010000000000000000000000000000000000000000000001111001001000110000000000000
000000000000000000000101110000001100000000000000011001000000010010000111100010000000000000000000000000000000000000000000000011100000000111000000000000
000000000000000000000001110000001000000000000000001100000000001110001110001100000000000000000000000000000000000000000000000001110011000111000000000000
000000000000000000000001000010000000000000000000000100010000101100000110011100000000000000000000000000000000000000000000000000000110000000000000000000
000000000000000000000000000110000000000000000010000000000011000000000011110000000010000000000000000000000000000000000000000000000000000001000000000000
000000000000000000000000000111000000000000000101000001100010000000000001110000001111111000000000000000000000000000000000000000000000000000000000000000
000011100000000000000001001011111000000000000011000000000000000000000000100000011100010100000000000000000000000000000000000000000000000010100000000000
000010011110000000000001000000001000000000000000000000000000000000000000000000011110100000110000000000000000000000000000000000000000000001000000000000
000100110010000000000001000100011000000000000000000000000000000000000111000000011111100100011000000000000000000000000000000100000000000000000000000000
000010000001000000000000000011100000000000000100000000000000000000000010100000001001001000110000000000000000000000000000001010000000000000000000000000
000000110001000000000000000000000000000000000100000000000000000000000101110011000111000000100000000000000000000000000000001001000000000000000000000000
000000011101100000000000000000000000000000000100000000000000000000001101100011000100000111000000000000000000010000111000000110000000001100000000100101
000000000001010000000000000000000001000000000000000000000000000000001111000011000000000000000000000000000000111000001110000000000000001100000001000001
000000000000100000000000000000000010100000000000000000000000000000000010000000000000000000000000000000000001001000000000000000000000000000010001000000
000000000000000000000000000000000011000000000000000000000000000000000000000000010000000000000000000000000000110000100000000000000000000000101000110110
000000000000000000000000000000000000000000000000000000000000000000000000000000001000000000000000000000000000000000000000000000000000000000101000000101
000000000000000000000000000000000000000000000000000000000000000000000110000000100100000000000000000000000000000000000000000000000000000000010000000011
000000000000000000000000000000000000000000000000000000000000000000011001000000101000000000000000000000000000000000000000000000000001100000000000000000
000000000100000000000000000000000000000000000000000000000000000000000010100000101000000000000000000000000000000000000000000000000001100000000000000000
000000000010000000110000000111000000000000000000000000000000000000000100100000000000000000000000000000000000000000000000000000000000000000000000000000
000000000100000000111000000000000000000000000000000000000000000000000000000000000000011100000000011000000000111000000000000100000000000000000000000000
110000000000000000111000000000000000000000000000000000000000000000000000000000000000010001000000100100000000000000000000001100000000000000000000000001
000000000000000000001110000000000000000000000000000000000000000000111000000000000000000110000000011000000000000000000000001001000000000000000000000000
000000000000000000110110000000000000000000000000000000000000011100001110000000000000000100000000000000000000000000000000000100110000000000000000000000
000000000000000001110110000000000000000011000000000000000000000000000101000000000000000000000000000000000000000000000000001000101100000000000001100000
000000000000000000100011000000000000000011000000000000000000000000000001000000000000000000000000000000000000000000000000010000100010000000000001100000
000000000000111000011000000000000000100000000000000000000000000000001110000000000000000000000000000000000000000000000100100010000010000000000000000000
000000000001000000000000000000100000100000000000001000000000000000000000000110000000000000000000000000000000000000001010000010010110000000000000000000
000000000000100001001100000011110000000000000000000100000000001100000000000000000000000000000000000000000000000000000110000110000110000000000000000000
001100000000001001101000000100010000000000000000000010000000001100000000000100000000000000000000000000000000000000000000100110001100000000000000000110
000110000000000000100000001000100011000000000000000000000000000000000000000000000000000000000000000000111000000000000000111000011000000000000000001010
001000000000000000000000000000100011000000000000000011100000000000000000000000000000000000000000000000001000000000000001000000110000010000000011000010
000000000000000000000100000111000000000000000000001111000000000000000000000000000000000000000000000100011000000000011101100000110001101100001101010100
000000000000000000000101000000000000000000000000000110000000000000000000000000000000000110000000001000000000000000100110000000011011000000001110010000
000000000000000000000101000000000000000000000000000010000000000000000000000000000000001110000000001010000000000001000000000000001100000000000110000000
000000000000000000000000000000000000000000000000001110000000000000000000000001110000010000110000011101000000000000100000000000011010100000000000001100
000000000000000000000000000000000000011011000000010010000000000000000000000000010100001110001100110001100000000000000000000000011011100000000000110010
000011100000000000000000000000000000100000000000011100000000000000000000000000011011000001000101001011100000000000000000000000001101100000000000010010
000000000000000000000000000000000000111000000000000000000000000000000000000000000101011100011100111000000000000000000100000000000101000000000000000000
000010000000000000000000000011000000110000000000000000000000000000000000000000001111100010000000011000000110000000000100000000110011000000111000000000
000110000000110000000000000100100000000000000000000000000000000000000000000000001001001010000000000000000110000000000000000000001001000000001010001100
000000101101001000000000000101000000000000000001100000000000000000000000000000000001101010000000000000000000000000000000000110101100000000000010001110
000100000100110000000000000010000000001110000001100000000000000000000000000000000000101000000000000000000000000000000000000000000100000000001010001110
000000000000000000000000000000000000001110000000000000000000000000000000000000000001001000000000000000000000000000000000101000110010000000001100000101
000001010000000000000000000000000001111100000000000000000000001100000000000000000010001000000000000000011000000000000001101000000000000000001100001011
000000100000000000000000000000000000111000100000000000000000011100000000000000000010110000000000000000100100000000000010010100110000000000000000001000
000000000000000000000000000000000000110001100000000000000000100000000000000000000001000000000000111000011000000000000011001000111000000000000001010010
000000000000000000000000000000000000001011010000000000000001111000000000000000000000000000000000000000000000000000000001011001000010000000100010000100
000110000000000000000000000000000000000000000000000000000011000000110000000000000000000000000000000000000000000000000000001010000001100001010001001000
001001000011100000000000011000000000110000000010000000000110100000110111000000000000000000000000000000000000110000000000000100000011100000110000110000
001001000000000000000000011000000000011000010010000000000110100000010000100000000000000000000000000000000001001000000000000000000111000000000000000000
000101000000000000000000000000000000001000010010000000110100000010100000010000000000000000000000000000000001010000000000000000000111000000000000000000
000000000000000000000000000000000000000000000000000000110010100010011000010000000000011100000000000000000000100000011000000000000111000000000000000000
000000000000000000000000000000000000000000000000000000000001000010001111100000011000010001000000000000000000000010001000000000000111001110000000000000
000000000000000000000000001110000000000000000000000000000000000100000011000000001000001000100000100000000000000010001000000000000010000001000000000000
000000000000000000000000010010000000000000000000000000000000001010000000000000000000000110100001010000000001000000101011000000000001100110000000000000
000000000000000000000000011010000000000011101110000000000000010010000000000000000000000001000001010011000000001000011110000000000001111100000000000000
000000000000000000000000011100000000000001010100000000000000001100000000000000011100000000000000100011000001010000000100000000000000000000000000000000
000000000000000000000000010110000000000000111000000000000000000000000000000000000000000000000000000000000000000000000000000000000000000000000000000000
001100000000000000000000011100000000000000010000000100000000000011000000000000011100000000000000000000000000000000000000000110000000000001100000000000
001100000000000000000000001000000000000000000000001010000000111110000000000000000000000001110110000000000000000000000000001001000010000000010000000000
000000000000000000000000000000000000000000000000010000000000011100000000000000000000000000000111000000000000000000000000000000100000101000010000000000
000000000000000000000000000000000000000000000000000100000000001000000000000000000100000000000011100000000000111000000000000010100000000000110000000000
000000010000000000000000000000000000000001100000000000000000000000000000000000001010000000000001000000000000111000000000000111000100011001000000000000
000000101000000000110000000000000000000001100000000000000000000000000000000000001010000000110011000000000000000000000000000010100000000110000000111100
000001000100000001010000000000000001011011100011100000001100000000000000000000001010000000000000000000000000000000000000000000100000000000000000110100
000000101000000001100000000000000110010010000011000000010010000000000000000000000000000000000101000000000000000000100000000000111000000000000000001100
000000010000000000000000000000000110000000000001100000001100000000000000000000000100000000000010000111000000000011110000000000111000011000000000000000
000000000000000000000000000000001000011000000000000000000000000000000000000000000000000000000010000100100000000111001000000110000000011000000011000000
000001000000000000000000000000010110111000000000000010000000000000000000000000000000000000000000000100010000001000000000000000000000000000000000000000
011110110000000000000000110000001110011000000000000101000000000000000000000000101100000000000000000000010000011100000000010000000001000000010000100000
010001110000000000000000110000000000101000000000000101000000000000000000000000100000000000000000000100010000001110000000111110000010100000010001000000
000000111000000000000000000000000001110000000000000010000000000000000000000000110110000000000000000100100000000010000100000110000010100000100010000000
000000010100000000000000000110000001000000010100000000000000000000000000000000000010000000000000000111000000000000111100001001100001000001101000000000
110000100100000000000000000110000001010000001110000000000000000000000000000000000000000000000000000000000000000000010001110001100000000000111000000011
010000011000000000000000000000000000110000001010000000000000000000000000000000000000000000000000000000000000000000011000000000000000000000000000000110
100000000000000000000000000000000000000000000011100000000000000000000000000110000000000000000011000000000000000000000000000000000000000000000000001100
100000000000000000000000000000000000000000000000000000000000000000000001000110000000000000000100100000000000000000001110000000000000000000000100000100
000000000000000000000000000000000000001000000000000000000000000000000010100000000000000000000011000000000000000000001110000000000000000000000100000011
000000000000000000000000000000000000001100000000000000000000000000000001000000000000000000000000000000000000000000110001000000000000000000000100000000
000000000000111100000000000000000000011010000000000000000000000000000000000000000000000000000000000000000000000000100011000000000000000000000000000000
000000000000100100000000000000000000010000000000110000000000000000000000000000000000000000000000000000000000000000100010000000000000000000100000000000
000000000000100000000000000000000000010100100000110000000000000000000000000000000000000000000000000000000000000000010010000000000000000001010000000000
