110110010111000000000000000000000000000000000000000000000000000000001100000000110000000000000000000000000011000001100000000000000000001011000000000001
001101110010000000000000000000000000000000000000000000000000000000000010000000000100000000000000000000000110000000000000000000000000001010000000000000
101100001100000001101000000000000000000000000000000000000000000000000000000000011100000000000000000011000011000000000000000000000000000100000000000000
001100001100000110101000000000000000000000000000000000000000010000000000000000000000000000000000000100100010100000000000000000011000000000000000000000
011100000000000110001000000000001110000000000000000000000000010000000000000000000000000000000000000101010000111000101110000000000000010000000000000000
011000000000000001110000000000001101000000100000000000000000000000000000000000000000000000000000000011010010010011011100000000110000100011000001100000
001100000000000000110000000000000000100011011001100000000000000001100000000000000000000000000000000000111011100000101101110000000001000001000010010000
000000000000010100000000000000000011000000100001100000000000000001100000000000000000000000000000000000000001100000000000110000000000100001000011101000
000000000000111110000000011100000000000000000000000000000000000000000000000000000000000000000000000000000010000000000000000000000000100000000100000000
000000000011011100000000000000111000000000000000000000000000000000000000000000000000000000000000000000000000000000000001100000000001100000001101100000
000000001101100000000000010010001000000000000000000000000000000000000000000000000000001110000000000111000000000000000001100110000001001100001100001000
000000001100101000000000000000000100000000001100000000000000000000000000000000000000000010000000000101000000000000000000000001100001100010000011111000
000110000001101000000000000100011000000000001100000000000000000000000000000000000000001010000000000100100000000000000000010000000000011000100001111000
001110000011100000000000000010000000000000000000000000000000000000000000000000000001001010000000000010100000000000000001100000000000000100010000000000
000101001000000000000000000000000000000000000000000000000000000000000000000000000010110100000000000011100000001000000000101100000000000010000100000000
000110111111100000000000000000000000000000000000000000000000000000000000000000000000110000000000000000000000010000001001100100000000000000101010000000
000100011111000000000000000000000000000000000000000000000000000000000000000001100001110000000000000000000000100000101100011001100000000110100011000000
000011100000000000000000000000000000000000000000000000000001000000000000000001100000000000000000000000000000100000101100000010000000000111011011000000
000000000100000111000000000000000000000000000000000000000011000000000000000000000001000000001100000000000000100010000000000000000101000010000000000000
000000001100000111000000000000000000000000000000000000001000100111000000000000000011100000000110010000000000010100000000000000000000100000000000000000
000000000000000110100000000000000000000000000000000000110110000101000000000100000000000110000110001100000000001000000000000000010001000000010000000000
000001011000010000000000000000000000000000000000000000011000000001100000001000000000000000000110011100000000000000000000001111000000000000011000000000
001101000100010000000000000000000000000000001100000000001000000011100000011000110000000111111011001000000000000000000000001100110000000001000110000000
001100011110000000000000000000000000000000001100000000000000000011000000001000001010010001100001010000000000000000000000000000011000000000001001100000
010000000001000000000000000000000000000000000000000000000000011001000000010110001010100000000000100000000000000000000000011001001001000000101111000000
001100100000000000000000000000000000000000000000000000000000011000001000111101101101000000000000000000001110000000000000000001010110100000000010000000
000111000000100000000000000000000000000000000000000000000000011001001000100011000000000100000000000000001001000000000001001000100011000000000000000000
000000000100100000000000000000000000000000000000000000000000001000110000010010001110001010000000000000010001000000000000000000000000000000000000000000
000000000011000000000000000000000000000000000000000000000000000000000000110100010011000001000000000000001001100000000110000010100000000000000000000000
000000000000000000000000000000001110000000000000000000000000000000100000010000100000000101000000000000000010000000000110110010100000000000000000000000
000000000000000000000000111000001000000000100000000000000000000000000000000000100010000011000000000000001100000010000110110001100000000000000000000000
000000000100000000000001000101100010000000100001100000000001010010100000000000011111011110000000000000011100001100010001000000101000000000000000000000
000000001010000000000000110000000100000011000001100000000000100000000000000000000000001100000000000000011100000111001000111111110000000000000000000000
000010001010000000000000010100110000000000100000000000000000000000000000011000000000000000000000000000000000000001110000000101010000000000000000000000
000100100100011100000000000000000110000000100000000000000000000000000000011000000001000000110000000010000000000111000000110001000000000000000000000000
000011101000010100000000000000000110000000000000000000000000000000000000000000000010100010000000000011000000000100100000100000000000000000000100000000
000000001100011100000000000000000110000000000000000000000011000000000000000000000000100100100001100000100000000100010000010110110000000000001010000000
000101001000000000000000000000000000000000000000000000000000000000000011000000000001000100000001100001000000000000001000001011001000000000011000001100
001000010000000000000000000000000000000000000000000000000011100000000100100000000000000100100010000000000000000000011000000000001000000000011010001100
001001100000000000000000000000000000000000000000000000000000000000000100010000000000000010000000000000000000000000011000000001110000000000010010001100
000111000000110000000110000000000000000000000000000000000000000000001100100000000000000000110000000000000000000000011011000000000000000100010000000000
000000000001001011110000000000000000000000000000000000000000000000001111000000000000000000000000000000000000000000001110000000000000000111011110100000
000000000000110010000100000000000000000000000000000000000000000000001100000000000000000000000000000000000000000000000110000000000000000100101001111000
000000000000000010000100000000000000000000000000000000000000000000001000000000011100000000000000000000000000000000000111000000000000000001000100001100
000000000000000001100000000000000000000000000000000000000000000000000000000000100010000000000000000000000000111000000111000000000000000000001000111010
000000111000000000000010000000000000000000000000000000000000000000000000000000110110000000000000000000000000101000001001000000000000000000001001010010
000000010101000000001010000000000000000000000000000000000000000110000000000000000000000000000000000000000000100100100010000000000000000001110100011100
000000001110000000010010000000000000000000000000000000000000001001100000000000000000000000000000000000000000000100000000000000000000000010010111001000
000000001100000100010000000000000000000000000001100011100011100001110000000000000000000000000000000000000000000000000010000111000000000001010000000000
000000000000000100001110000000000000000000000001011100001100000000001000000001000110000000000000000000000000000110110110001000100000000001101000000000
000000000000000100000000100000000000000000000000011110000010000001101000000000000001000000000000000000000000000000001000010000010000000000101000000000
000000000000000000000001011000000000000000000001011000000000000010110000000100000000000000000010000001000000000000000000000000010000000000010000000000
000000001000000000010001001100000000000000000001100001000100100100000000001101110000000000000101000001000000000000000000100010010000000000000000000000
000000110110000000010001100000000000000000000000000000101000000100000000001111111000001100000101100000000010000000000000100010100000000000000000000000
000000110110000000100110000000000011001110000000000000000000111000000000001110000000001011011110111100000100100000000000000010000011000000000000000000
000000110010000000010001010100000110111111000000000001001000000000000000000110001001000000001000010010000101100000000000011100000100100000000000000000
000000001100000000011001000000000011111110100000000001001000000000000000000010000011110000001100001110000101000000000000000000000001000000000000000000
000000000000000000000101000000000001111110100000000010010000000000000000000000000000011000010111000000000011000000000000000000001000000000000000000000
000000000001000000000000000000000000000111000000000001100000100000000000000000000000100001010010000000000000001100000000000000001110000000000000000000
000000000010100000000000000000000000000010000000000000000001101000000000000000000000000001011100000000000001011100000000010000000000000000000000000000
000000000010100000000001000000000001000000000000000000000000001000000000000000000000110100001000000000000000111000000000101000000000000000000000000000
100000000010000000000001000000000010100000000000000000000001110000000000000000000000111000000000000000000000100000000000111000010000000000000000000001
000000000010000000000001010000000100100000000000000000000000110000000000000000000000100000000000000000000000000000000000011000000000000000000000000011
100000000100000100000000011000000011000000000000000000000000011100110010000000000000100000000000000000000000000000000000000000000000000000000000000001
111000000101000100000011100100000000000000000000000000000000000100011001100000000011000000000000000000000000000000000000000011000000000000000000000000
001000000000000000000011001000000000000000000000000000000000001000110000000000000011000000000000000000000000000000000000001000100000000000000000000000
001000000000000000000001110000000000000000000000000000000000000001100000000000000000100000000010000000001000000000000000001000010000000000010000000000
000000000000000000000000100000000000000000000000000000000000000101000000000000000000000000000101000000001110000000000000000100100000000000101000000000
000010100000000000000000000000000000000000000000011100000000000111000000000000000000000000000101000000000001000000000000000000000000000011001100000000
000100100000000000000000000000000000000000000000100010000000000110000000000111000000000000000010000101011100000000000000000000000000000000011000000000
000100110000000000000000000000000000000000000000110101100000000000000000110000111110000000000000000100001100000000000000000000000000000000011000000000
000110110000000000000000000000000000000000000000000100000000010000000011100001110000000000000000000100010010010000000000000000000000001000100000000000
000000100000000000000000000000000000000011000000000101100000110000001011000010100000000000000000000100010000010000000000000000000000001010000000000000
001000000000000000000000000000000000000100000000001000100000101100000000001100000000000000000000000100010001100000000000000000000000001100000000000111
111000000000000000000000000000000000000011000000001010000010000111000000010100000000000001111110000000010000100000000000000000000000001000000000000110
101000000000000000000000001110000000000000000000000110000110000111000000000000000000000011011111000000100001000000000000000100000000000100000000000000
010110100000000000000000010001000000000000000000000000001001011111000110100000000000000011000000111110000011100000000000001010000000000100000000001100
110010100000000000000000010001000000000000000000010000000110000000100010100000000000000000001111001001000000000000000000001001000000000100000000001100
100001100000000000000000001110000000000000000000111000000011000000100011100000000000000000000110000010100000000000000000000110000000000100010000000010
000000000000000000000001100000000001000000000000111000000000110000000000000000000000000001000000000010100000000000000000000000000000000111101000000001
000000000010100000000001100000000010100000000000000000000000000000000000000000000000000001000000000001100000000000110000000000000000000001010000000000
000000000010100000000000000000000011000000000001110000000000000000000000011100000000000000000000000000000000000001001000000000000000000000100000000000
000000000010011000000000000000000000000000000001110000000000000000000000101000000000000000000000000000000000000001000000000000000000000000000000000000
000000000000111000000000000000000000000000000000100000000000000000000000010011000000000000000100000000000000001100000000000000000000000000000000000110
000000000011001000000000000000000000000000000000000000000000000000000000010100000011111001001100000000000000011000000000000001000001100000000000000110
000000000001000000000000000000000000000000000001000000000000000000000000001000000111000110011101111000000000011011000000000010100001100000000000000000
000000000001010000000000000000000000000000000001000000000000000000000001101100000000010000000001000100000000000100000000110010100000000000000000000000
000000000000110000000000000000000000000000000001000000000000000000000011100101100000010000010000000100100000000000000000110001000000000000000000000000
110000000000000000000000000000000000000000000000000000000000000000000011000010100001000000001110000000010000000000000000000000000000000000000000000001
000000000000000000000000000000000000000000000000000000000000000000000100000000100001100110000110001100100000000000000000000000001100000000000000000000
000000000000000000000011000000000000000000000000000000000000000000000110001010000000111000000100100000000001000000000000000000001010000000000000000000
000000000000000000000110100000000000000011000000000000000000000000000000010010000000000000000000010000000001000000000110000000000110000000000001100000
000000000000010001111010100000000000000011000000000000000000000000000000001100000000000000000000010000100001000000001001000100000110000000000001100000
000000000000011110001001110000000010000000000000000000000000000000000000000000000000000010000000000000100000000000000110000100000100000000000000000000
000000000000101100010100110010100010000000000000000000000000001110000000000000000001100101000000000010000000110000000000000100011000011000000000000000
000110000000000001000010010100100010000000000000000000000000001110000011100000000010001100110000000000000000001000000000000100100000011000000000000000
000111000000000000000001100010000000000000000000000000000000010010000000000000011111011010100100000000000101110000000000000110101000001100000000000000
110000000000000000000001000001111011100000000000001000000001000011001000011001001001010001010100000000001110000000000000000111101001001100000000000000
000000000011100000000000000000110111110000000000110100000001000001001000010110100001100000101000000000001110000000000000000000000000111100001100000000
000000000001100000000000000000001100101000000000000100000001000011001000010000101011000000100000000000000000000000000000000000000000010000110001110000
000000001100000000000000000000000011010000000001000000000000011010000000000110000000100000100000000000000000000000011000000000000000000000100000011111
111100011111000000000100000000000001000000000001000000000000001000000101100000011111111110100000000000000000000000100100000000000000000000000010010010
000100010000000000011110000000000000000000000000010000000000000001111110000000000000110110000000000000000000000000101000000000000000000000100001000100
011000001110000001111110000000000000000000000000000000000000000000101100001000000000101000000000110000000000000000010000000000000000000000110010001110
010000000100000101110000000000000011000000000000000000000000000010110000011100000001100000000000110001100000000000000000000000000000000001111110110100
000101010000001110100000000000000100100000000000000000000000000001000000010010000000100000000000000001010000000000000000000000000000000011000110000100
000111111100011100000000000000011101000000000000000000000000000000000000000110000000000000000000000000011000000000000000000000000000000001111100100000
000011100000011001001100000000011000000000000000000000000000000000000000101101000000000110000000011100110000000000000000000000110000000000111000001000
010000001100001000011000000000000000000100000001100000001000000000110001101101000000010000000000100100100000000000000000000000110100000000010001100001
010000001000000000010000000000000000000100000001100000110100001100110010000001000000100101100000110000000000000000000000000001000110000000000000001001
010000000000000000000010000000100000000000000000000001000010001100000010100000010001011011010000000000000000000000000000000011100110000000000000010001
000100000000000000000101100000001111000000000000000100000110001100000001100000101011001000110000000000000000000000000000000011010110000000010000000000
100000000000000000000100100000011000100000000000000100000001000000000000100000001001011111000001000001100000000000000000000001100010000001010000000110
111000000000000000000011100000011010010000000000000011101010000000001000001011110001111101000000100001100000000000000000000000110100000110101010111010
001000000000000000000000000000001001010000000000000000001011000000001100000000000000001000000000110000000000000000000000101000000000000001011101110000
000011100000000000000000000000011100110000000000000000010100000000010100000000000000000101000110110000000000000000000001000000100000000000010000100000
001100010000000000000000000000011000000001000000000000001100001110010000100000000000000010000101000000000000000000000001011000100000000000000001000111
110110010000000000000000000000000000000010100000000000011000111100011100010000000000000000001100000000000000000000000000100000000000000000000110000000
111010001100000000001000000000000000000000010000000000011000111010001000100000000000000000011010000000000000000000000000111000000000010000000011000000
011001000010000000001000000000000010111010100000000000000001001000000001000000000000000000001110000000000000000000000001001000000000010000001001000000
100010100010000000000000000000000101000001000000000000010001011000000000000000000000000000000111000000000110001000000001111001000100000100001110000000
000001000010000000000000000000000011001000000011100000010111010000000000000000000000000000000000000000000010100100000000000000001010000110000000000011
100010001100000000000000000000000001110000000100100000001110100000000000000000000000000000110000000000001000001000000000000010001110000000000000000001
100010010000000000000000000001000000000000001000000000000000000000000000000000000110000000010000000000001010000000000000000010000010000010000000000000
000000010000000000000000000011000000000000011110000000000000000000000000000000000110000000110000000000010000000000000000000000000000000100000000000000
000011100000000000000000001100100000000000010101001010100000011000000000000000000000000000100000000000010110000000000000000010010000000000001100000000
000000000000000000000000011110000000000000010000111001100000011000000000000000100000000000000001000001110110000000000000000010111110000000011000000000
000000000000000000000000011100000000000000000001010011000000000000000000000001010000000000101010010000110010000000001100000001100010000000100100000000
000000000000000000000001111100000001100000000000110010100000000000000000011001010000000001101010010000010011000000010010000000000100000000001110000000
000000000000000000000000101101111011100000001111000001001000000000000000001100010000000000100110010000001101000000001100000000000000000000001110000000
001100000000000000000000000100000001100000000110010110000000000001000000001101110000000001010001010000001111000000000000000100000000000000000000000000
000000000000000000110000000100000010000000000011111111001110000000100000010001100000000000000111110000001001000001000000011010000000000000000000100000
001001000000000001010000000010011110000000000001111110100001100000000000011110001000000000000111001000000111100010100000000011000000000000000001100000
001000100000000001100000000101100000000000000000000111100001100100100000000010000100000000100100111000000000100001100000000101100000000000000011000000
001101100000000000000000001110000000000000000000000000010001111100000000000000000110000001000100100000000001100000000000001101100000000000000001010111
001100000000000000000000001110001100000000000000000000001110100110000000000010000011000001000100001110000000000000000000001001100000000000000000000111
000101001100000000000000000110001100000000000000000110000111000000000000000001000011100001001000001100000000000000010000000111000000001100000000000111
000011000100000000000000000111000010000000000000001001000010000000000000000000000101000000110000000000000000000000111000000010000000000000000000111000
000001100000000000000000000101010010000000000000000001000000000000000000000000000110000000000000000000000000000001100100000000000000010010000000000000
000001010000000000000000000101001010000000000011100000000000000000000000001100000100000000000000000000000000000001010110000000000000001011000000000000
000001110000000000000000011100100001000000000011100100000000000000000000000000000000000000000000000000000000000110000100000000000000111000000000000000
000000101000000000000000000000110000010000000001000011000001000000000011000000000000000000000000000000000000000111100100000010100001001000110000000000
000000111000000000000000000100110000010000000000000000000010100000000001000000000000000000000000000000000000001000001000000100100001011000110011000000
000000000000000000000000000111110011010000000000000000000010100000000011100110000000000000000011000000000000001010000000000100110011011001100011000000
000000000000000000000000000111000000000000000000000000000001000000000011100100000000000000000100100000000000001010000000000111011100000000000000000000
000000000000111000000000000000001110000000000000000000000000000000000000100100000000000000000011000000000000000100000000000010000000000000000000000000
000000000000000000000000000000000110100000000000000000000000000000001100010000000000000000000000000000000000000000000000000000010000010000000000000000
100000111000000000000000000000000010100000000000000000000000011100000000110100000000000000000000000000000110000000000000000000011100000000000000000000
000001011000000000000000000000000011100000000000110000000000010000010000100000000000000000000000000000001010000000000000000000100100011000000000000000
000011001110000000000000000000000000000000000000110000000000001000000000011000110000000000000000000000000011000010000000000000110000111110000000000011
