000000000000000000000000010000000000000000000000000000000000000000000000000000000000000000000011100001101000000000110100110000000000001000010000000000
000000000000000000000000000000000000000000000110000000000000000000000000000000000000000000000011100101100000000000011110110000000000001000000000000000
000000000000000000000000000000000000000000000110000000000000000000000000000000000000000000000010000110000000000000000000100000000000001000000000000000
000000000000000000000000000000000000000000000000000000000000000000000000000000000000000000000001111010000000000000000000000000010000000000000000000000
000000000000000000000000000000000000000000000000000000000000000000000000000000000000000000000000110000000000000000000000000000010000000000000000000000
000000000000000000000000000000000000000000000000000000000000000000000000000000000000000000000000000000000000000000000000000000010000000000000000000000
000000000110000000000000000000000000000000000000000000000000000001100000000000000000000000000000000000000000000000000000000000000000000000000000000000
000000001001000000000000000000110000000000000000000000000000000001100000000000000000000000000000000000000000000000000000000000000000000000000000000000
000000001001000000000000000000110000000000000000000000000000000000000000000000000000000000000000000000000000000000000000000000000000000000000000000000
000000000110000000000000000000000000110000000000000000000000000000000000000000000000000000000000000000000000000000000000000000000000000000000000000000
000000000000000000000000000000000000110000000000011000000000000000000000000000000000000000000000000000000000000000000000000000000000000000000000000000
000000000000000000000000000000000000000000000000011000000000000000000000000000000000000000000000000000000000000000000000000000100000000000000000000000
000000000000000000000000000000000000000000000000000000000000000000000000000000000000000000000000000000000000000000000000000000100000000000000000000000
000000000000000000000000000000000000000000000000000000000000000000000000000000000000000000000001000000000000000000000000000000100000000000000000000000
000000000000000000000000000000000000000100000000000000000000000000000000000000000000000000000010100000000000000001100000000000000000000000000000000000
000000000000000000000000000000000000001010000000000000000000000000000000000000000000000000000010100000000000000001100000000000000000000000000000000000
000000000000000000000000000000000000001010000000000000000000000000000000000000000000000000000001000000000000000000000000000000000000000000000000000000
000000000000000000000000000000000000000100000000000000000000000000000000000000000000000000000000000000000000000000000000000000000000000000000000000000
000000000000000000000000000000000000000000000000000000000000000000000000000000000000000000110000000000000000000000000000000000000000000000000000000000
000000000000000000000000000000000011000000011000000000000000000000001000000000000000000001001000000000000000000000000000000000000000000000000000000000
000000000000000000000000000000000100100000100100000000000000000000010100000000000000000000110011100000000000000000000000000000000000000000000000000000
000000000000000011000000000000000011000000011000000000000000000000001000000000000000000000000010100001000000000000000011100000000000000000000000000000
000000000000000011000000000000000000000000000000000000000000000000000000000000000000000000000011100011000000000000000000000000000000000000000000000000
000000000000000000000000000000000000000100000000000000000000000000000000000001000000000000000000000010100000000000000000000000000000000000000000000000
000000000000000000000000000000000000001010000000000000000000000000000000000010100000000000000000000000000000000000000000000000000000000000000000000000
000000000000000000000000000000000000001010000000000000000000000000000000000010010000000000000000000000000000000000000000000000000000000000000000000000
000000000000000000000000000000000000000100000000000000000000000000000000000001100000000000000000000000000000000000000000000000000000000000000000000000
000000000000000000000000000000000000000000000000000000000000000000000000000000000000000000000000000000000000000000000000000000000000000000000000000000
000000000000000000000000000000000000000000000000000000000000000011000000000000000000000000000000000000111000001100000000000000000000000000000000000000
000000000000000000000000000000000000000000000000000000000000000011000000000000000000000000000000000000000000000000000000000000000000000000000000000000
000000000000000000000000000000000000000000000000000000000000000000000000000000000000000000000001100000000000000000000000000000000000000000000000000000
000000000000011000000000000000000000000000000000000100000000000000000000000000000000000000000001100000010000000000000000000000000000000000000000000000
000000000000101000000000000000000111000000000000000100000000000000000000000000000000000000000000000000001000000000000010110000000000000000000011000000
000000000000111000000000000000000000000000000000000100000000000000000000000000000000000000000000000000001111101100000010001000000000000000100100100000
000000000000000000000000000000000000000000000000000000011000000000000000000000000000000000000000000000010010101000000010001000000000000001010010100000
000000000000000000000000000000000000000000000000000000100100000000000000000000000000000000000000000011100010001000000000100000000000000000100001000000
000000000000010000000000000000000000011000000000000000011000000000000000000000000000000111000000000011000001001000000000000000000000000000000000000000
000000000000101001110000000000000000011000000000000000000000000000000000000011000000001111100000000000000001110000000000000000000000000000000000000000
000000000000010000001000000000000000000000000000000000000000000000000000000110100000010001110000000000000000000000000000000000000000000000000000000000
000000000000001100000100000000000000000000000000000000000000000000000000000111000000001110001000000000000000000000000000000000001100000000011000000000
010000000000000101101000000000000000000000000000000000000000000000000000000000001110000110001100000000000000000000000000000000001100000000100100000001
000000000000000000010000000000000000000000000000000000000000000000000000000010010000000001000110000000000000000000000000000000000000000000010100000110
010010000000000000000000000000000000000000000000000110000000000000000000000001000100000000001110000000000000000000000000000000000000000000001000000110
000010000000000000000000000000000000000000000000001001000000000000000000000001110000000000110000000000000000000000000000000000000000000000000000000110
010010000000000000000000000000000000000000000000001010000000000000000000000000000000000000110000000000000000000000000000000000000000000000000000000000
001100000000001000000000000000000000000000000000000100000000000000000000000000000000000000000000000000000000000000000000000000000000000000000000000000
000000000000001000000000000000000000000000000000000000000000000000000000000000000000000000000000000000000000001110000000000000000000000000000000000000
000000000000001000000000000000000000000001100000000000000000000000000000000001000000000000000000000000000000000000000000000000000000000000000000000000
000000000000000000000000000000000000000001100000000000000000000000000000000001000000000000000000000000000000000000000000000000000011000000000000000000
000000000000000000000000000000000000000000000000000000000000000000000000000001000000000000000000000000000000000000000000000000000100100000000000000000
000000000000000000000000000000000001110000000000000000000000000000000000000000000000000000000000000000000000000000000000000000000100100000000000000000
000000000000000000000000000000000000000000000000000000000000000000000000000000000000000000000110000000000001100000000000000000000011000011000000000000
000000000000000000000000000000000000000000000000000000000000000001100000000000000000000000000110000000000001100000000000000000000000000011000000000000
000000000000000000000000000000000000000000000000000000000000000001100110000000000000011100000000000000000000000000000000000000000000000000000000000000
100000000000000000000000000000000000000000000000000000000000011000000110000000000000000000000000000000000000000000000000000000000000000000000000000000
010000000000000000000000000000000000000000000000000000000000011000000000000000000001000001000000000000000000000000000000000000000000000000000000000000
010000000000000000000000000011000000000000000000000000000000000000000000000000000001000001000000000000000000000000000000000000000000000000000000000000
100000000000000000000000000100100000000000000000000000000000000000000000000001110001000001000000000000000000000000000000000000000000000111001110000000
000000000000000000000000000011000000000000000000000000000000000000000000000011110000000000000000000000011000000000000000000000000000000000010001000001
100000000000000011000000000000000000000000000000000000000000000000000000000000000000011100000000000000011000000000000000000000011000000000000000000011
011100000000001100000000000000000000000000000000000000000000000000000000000000000000000000000000000000000000000000000000000000100100000001000010000000
000100000000001001000000000000000000000000000000000000000000000000000000000000000000000000000000000000000000000000000000000000100100000001100011000000
011101000000000011000000000000000000000000000000000000000000000000000000000000000000000000000000000000000000000000001100000000011000000001000001000000
100111100000000111000001100000000000000000000000000000000000000000000000000000000000000000000000000000000000000000010010000000000000000000110001000001
100100000001000010100001100000000000000000000000000000000000000000000000000001000000000000000000000000000000000000001100000000000000000000101110000000
011100010001111010110000000000000000000000000000000000000000000000000000000001100000000000000000000000001100000000000000000000000000000000000000000000
000010000010000110000000000000000000000000000000000000000000000000000000000010100000000000000000000000001010000000000000000000000000000000000000000000
000000000000000111000000000000000000000000000000000000000000000000000000000011100000011000000000000000000110001100000000000000000000000000000000000000
000000111000000111000000000000000000000000000000000000000000100000000000000000000000011100000000110111000100001100110000000000000000000000000000000000
000000000000000000100000000000000000000000000000000000000001010000000000000000000000001000000000111111111011010100011000000001100000000000000000000000
000000000000001100000000000000000000000000000000000000000001100000000000000000000000101000000000000111111011010001110000000001100000000000000000000000
100000000000001100100000000000000000000000000000000000000000000000000000000000000000000000000000000000000000111000000000000000000000000000000000000000
010000000000010011000000000000000000000000000000000000000000000000011000000000000001000000000000111000000000001001000000000000000000000000000000000001
010000000000001100000000000000000000000000000000000000000000000000011000000000000000001000000000111000010000000010000000000000000000000000000000000001
100000000000001000000000000000000000000000000000000000000000000000000000000000000100010000000000110001110000000000000000000000000000000000000000000000
000000000000000000000000000000000000000000000000000000000000000000000000000000000100100000000000011101000000000000000000000000000000000000000000000000
000000000000000000011000000000000000000000000000000000000000000000000000000000000101000000000000001000000000000000000000000000000000000000000000000000
000000000000000000101000000000000000000000000000000000000000000000000000000000000000000000000000000111100000000000000000000000000000000000000000000000
000000000000000000000000001110000000000000000000000000000000000000000000000000000000000000000000011011000000000000001110000000000000000000000000000000
000000000000000000000000001100000000000000000000000000000000000000000000000000000000000000000000100100001110000000000000001100000110000000000000000000
000000000000000000000000000000000000000000000000000000000000000000000000000000000000000000000000010100010010000000001010001100001110000000000000000000
000000000000000111000000000000000000000000000000000000000000000000000000000000000000000000000000000000100000000000010000001000001100000000000000000000
000000000000000111001100000000000000000000000001000000000000011100000000000000000000000000000000000000100000000000000000111000001000001100000000000000
000000000000000000001000000000000000000000000001000000110000000000000000000000000000000000000000000001000010000000100000111000100000001100000000000000
000000000000000000000000000000000000000000000001000001001000000001000000000000000000000000000000000001000010000000010001100000000000000000000000000000
000000000000000000000000000000000000000000000000000000110000000001000000000000000000000000000000000011000010000000010000110000111000000000000000000000
000000000000000000000000000000000000000000000000000000000000000001000000000000000000000000000000000001000100000000000001110000010000000011000000000000
001100000000000000000000000000000000000000000000000000000000000000000000000000000000000000000000000001010110000000000001100000000000000011000000000000
001010000000000000000000000000000000000000000000000000000000011100000000000000000000000000000000000000001101000000000000000000000000000000000000000000
000101000000000000000000011000000000000000000000000000000000000000000000000000000000000000000000000000001011000010000000110000000000000000000000000000
000010000000000000001100011000000110000000000000000000000000000000000000000000000000000000000000000001011110000101100000011000000000000000000001100000
000000000000000000001100000000000110000000000000000000000000000000000000000000000000000000000000000010001100000100110000110000000000000000000010010000
000000000000000000000000000000000000000000011000000000000000000000000000000000000000000000000000000001000000000110100000100000000000000000000010100000
000000000010000000000000000000000000000000011000000000000000000000000000000000000000000000000000000000000000000110000000000000000000000000000001000000
000000000010000000000000000000000000000000000000000000000000000000000000000000000000000000000000001100000000000000000010000000000000000000000000000000
000000000010000000000000000000000000000000000000000000000000000000000000000000000000000000000000011100000000000000001110000000000000000000000000000010
000000000000000000000000000000000000000000000000000000000000100000000000000000000000000000000000010010000000000000001100000000000000000000000000000101
000000000000000000000000000000000000000000000000000000000001010000000000000000000000000000000000000100000110000000111000000000000000000000000000000101
000000000000000000000000000000001110000000000000000000000001010000000000000000000000000000000000000000110000000000100000000000000000000000000000000010
000000000000000000000000000000000000000000000000000000000000100000000000000000000000000000000000000000100001000000100000000000000000000000000000000000
001100000010000000000000000000000000100000000000000000000000000000000000100000000000000000000000000000111011000000000000000000000000000000000001100000
010010000101000000000000000000000000100000000000000000000000000000000001110000000000000000000000000000000000000000000000000000000000000001000010010000
001100000100100000000110000000000000100000000000000000000000000000000011010000000000000000000000000000000000000000000000000000000000000010100001100000
000000000011000000000110000110000000000000000000000000000000000000000011111100000000000010000001100000000000000000000000000000000000000001100000000000
000000000000000000000000000110000000000000000000000000000000000000000011011000000000000010000001100000000000000000000000000000000000000000000000000010
000000000000000000000000000000000000000000000000000000000000000000000011010000000000000010000000000000000000000000000000000000000000001100000000000101
000000000000000000000000000000000000000000000000000000000000000000000001100000000000000000000000000000000000000000000000000000000000010100000000000101
000000000000000000000000000000000000000000000000000000000000000000000000000000000000000000000000000000011000000000000000000000000000001000000000000010
000000000000000000000000000000000000000000000000000000000000000000000000000000000000000000000000000000011000000000000000000000000000000000000000000000
000000000100000000000000000000000000000000000000000000000000000000000000000000000000000000000001100000000000000000000000000000000000000000000000000000
000000001010000000000000000000000000000000000000000000000000000000000000000000000000000000000001100011000000000000000000000000000000000000000000000000
000000001010000000000000000000000000000000000000000000000000001110000000000000000000000000000000000011000000000000000000000000000000000000000000000000
000000000100000000000000001100000000000000000000000000000000000000000000000000000000000000000000000000000000000000000000000000000000000111000000000000
000000000000000000000000001100000000000000000000000000000000100000100000000000000000000000000000000000000000000000000000000000000000000000000000000000
000000000000000000000000000000000000000000000000000000000001010001010000000000000000000000000000000000000000000000000000000000000000000000000000000000
000000000000000000000000000000000000000000000000000000000001010001010000000000000000000000000000011000000000000000000000000000000000000000000000000000
000000000001000000000000000000000011100000000000000000000000100000100000000000000000000000000000011000000000000000000000000000000000000000000000001100
000000000001000000000000000000000000000000000000000000000000000000000000000000000000000000000000000000000000000000000000000000000000000000000000001100
000000000001000000000000000000000000001000000000000000000000000000000000000000000000000000000000000000000000000000000000000000000000000000000000000000
000000000000000000000000000000011000001000000000000000000000000000000000000000000000000000000000000000000000000000000000000000000000000000000000000000
000000000000000110000000000000011000001000000000000000000000000000000000000000000000000000000000000000000100000000000000000000000000000000000000000000
000000000000001001000000000000000000000000000000000000000000000000000000000000000000000000000000000000000100000000000000000000000000000110000000000000
000000000000000110000000000000000011100000110000000000000000000000000011000000000000000000010000000000000100000000000000000000000000000110000000000000
000000000000000000000001100110000000000000110000000000000000000000000011000000000000000000101000000000000000000000000000000000000000000000000000000000
000000000000000000000001100110011000000000000000000000000000000000000000000000000000000001010000000000000000000000000000000000000000000000000000000000
000000000011000000000000000000011000001100000000000000000000000000100000000000000000000001100000000000000000010000000000000000000000000000000000000000
000000000101000000000000000000000000010010000000000000000000000001010000000000000000000000000000000000000000101000000000000000000000000000000000000000
000110000010000000000000000000000000001100000000000000000000000001010000000000000000000000000000000000000001001000000000000000000000000000001100000000
000110000000000000000000000000000000000000000000000000000000000000100000000000000000000000000000011000000000110000000000011000000000000000010010000000
000000000000000000000000000000000000000000000000000000000000000000000000000000000000000000000000100100000000000000000000011000000000000000010100000000
000000000000000000000000000000000000000000000000000000000000000000000000000000000000000000000000011000000000000000000000000000000000000000001000000000
000000000000000000000000000000000000000000000000000000000000000000000000000000000000000000000000000000000000000000000000000000000000000000000000000000
000000000000000000000000001100000000000000000000000000000000000001100000000000000000000000000000000000000000000000000000000000000000000000000000000000
000000000000000000000000001100000000000000000000000000000000000001100000000000000000000000000000000000000000000000000000000000000000000000000000000000
000000000000000000000111000000000000000000000000000000000000000000000000000000000000000000000000000000000000000000000000000000000000000000000000000000
000000000000000000000000000000000000000000000000000000000000000000000000000000000000000000000000000000000000000000000000000000000000000000000000000000
000000000000000000010000010000000000000000000000000011100000000000000000000000000000000000000000000000000000000000000000000000011000000011000000000000
000000000000000000010000010000000000000000000000000011100000000000000000000000000000000000000000000000000000000000000000000000100100000100100000000000
000000000000000000010000010000000000000000000000000100010000000000000000000000000000000000000000000000000000000000000000000000011000000011000000000000
000000000000000000000000000000000000000000000000000011010000000000000000000000000000000000000000000000000000000000000000000000000000000000000000000000
000000000000000000000000000000000000000000000000000011100000000000000000000000000000000000000000000000000000000000000000000000000000100000000000000000
000000000000000000000000000000000000000000000000000000000000000000000000000000000000000000000000110000000000000000000000000000000001010000000000000000
000000000000011100000000000000000000000000000000000000000000000000000000000000000000000000000000110000000000000000000000000000000001010000000000000000
000000000000000000000000000000000000000000000000000000000000000000000000000000000000000000000000000000000000000000000000000000000000100000000000000000
000000000001000001000000000000000000000001000000000000000000000000000000000000000000000000000000000000000000000000001000000000000000000000000000000000
000000000010100010100000000000000000000010100000000000000000000000000000000000000000000000000000000000000000000000000000000000000000000000000000000000
000000000010100010100000000000000000000010100000000000000000000000000000000000001100000000000000000000000001110000000000000000100000000000000000000000
000000000001000001000000000000000000000001000000000000000000000000000000000000001100000000000000000000000001110000000001101000011000000000010000000000
000000000000000000000000010000000000000000000000000000000000000000000000000000000000000000000000000001111010000000110000101000001100000000101000000000
000000000000000000000000010000000000000000000000000000000000000000000000000000000000000000000000000010001100000001101000001100011000000000101000000000
