000000000000000000000000010000000000000000000000000000000000000000000000000000000000000000000000000000000000100000000000000000000000001000010000000000
000000000000000000000000000000000000000000000110000000000000000000000000000000000000000000000000001000000000000000000000000000000000001000000000000000
000000000000000000000000000000000000000000000110000000000000000000000000000000000000000000000000001000000000001000000000000000000000001000000000000000
000000000000000000000000000000000000000000000000000000000000000000000000000000000000000000000000001000000000001100000001000000010000000000000000000000
000000000000000000000000000000000000000000000000000000000000000000000000000000000000000000000000000000000000010110000010100000010000000000000000000000
000000000000000000000000000000000000000000000000000000000000000000000000000000000000000000000000000000000000000000000110100000010000000000000000000000
000000000110000000000000000000000000000000000000000000000000000001100000000000000000000000000000000000000000000000101111000000000000000000000000000000
000000001001000000000000000000110000000000000000000000000000000001100000000000000000000000000000000000000000000000110000000000000000000000000000000000
000000001001000000000000000000110000000000000000000000000000000000000000000000000000000000000000000000000000000001010000000000000000000000000000000000
000000000110000000000000000000000000110000000000000000000000000000000000000000000000000000000000000000000000000001100000000000000000000000000000000000
000000000000000000000000000000000000110000000000011000000000000000000000000000000000000000000000000000000000000000000000000000000000000000000000000000
000000000000000000000000000000000000000000000000011000000000000000000000000000000000000000000000000000000000000000000000000000100000000000000000000000
000000000000000000000000000000000000000000000000000000000000000000000000000000000000000000000000000000000000000000000000000000100000000000000000000000
000000000000000000000000000000000000000000000000000000000000000000000000000000000000000000000001000000010100000000000000000000100000000000000000000000
000000000000000000000000000000000000000100000000000000000000000000000000000000000000000000000010100000011000000001100000000000000000000000000000000000
000000000000000000000000000000000000001010000000000000000000000000000000000000000000000000000010100000001000000001100000000000000000000000000000000000
000000000000000000000000000000000000001010000000000000000000000000000000000000000000000000000001000000000000000000000000000000000000000000000000000000
000000000000000000000000000000000000000100000000000000000000000000000000000000000000000000000000000000000000000000000000000000000000000000000000000000
000000000000000000000000000000000000000000000000000000000000000000000000000000000000000000110000000000000000000000000000000000000000000000000000000000
000000000000000000000000000000000011000000011000000000000000000000001000000000000000000001001000000000000000000000000000000000000000000000000000000000
000000000000000000000000000000000100100000100100000000000000000000010100000000000000000000110000000000000000000000000000000000000000000000000000000000
000000000000000011000000000000000011000000011000000000000000000000001000000000000000000000000000000000000110000000000011100000000000000000000000000000
000000000000000011000000000000000000000000000000000000000000000000000000000000000000000000000000000000000110000000000000000000000000000000000000000000
000000000000000000000000000000000000000100000000000000000000000000000000000001000000000000000000000000000000000000000000000000000000000000000000000000
000000000000000000000000000000000000001010000000000000000000000000000000000010100000000000000000000000000000000000000000000000000000000000000000000000
000000000000000000000000000000000000001010000000000000000000000000000000000010010000000000000000000000000000000000000000000000000000000000000000000000
000000000000000000000000000000000000000100000000000000000000000000000000000001100000000000000000000000000000110000000000000000000000000011100000000000
000000000000000000000000000000000000000000000000000000000000000000000000000000000000000000000000000000000001000000000000000000000000000010011000000000
000000000000000000000000000000000000000000000000000000000000000011000000000000000000000000000000000000000010001100111000000000000011000100000000000000
000000000000000000000000000000000000000000000000000000000000000011000000000000000000000000000000000000000001001111001000000000000011001010100100000000
000000000000000000000000000000000000000000000000000000000000000000000000000000000000000000000000000000111000011000000100000000000000001010110110011000
000000000000000000000000000000000000000000000000000100000000000000000000000000000000000000000000000000100100000010001000000000000000000000000100011000
000000000000000000000000000000000111000000000000000100000000000000000000000000000000000000000000000000100010000000010000000000000000001110011100001100
000000000000000000000000000000000000000000000000000100000000000000000000000000000000000000000000000000011010000011011000000000000000000110011000010000
000000000000000000000000000000000000000000000000000000011000000000000000000000000000000000000000000000000100000011000000000000000000001110011000010000
000000000000000000000000000000000000000000000000000000100100000000000000000000000000000000000000000000000000000000000000000000000000001110000000000000
000000000000000000000000000000000000011000000000000000011000000000000000000000000000000000000000000000000000000000000000000000000000001101010000000000
000000000000000000000000000000000000011000000000000000000000000000000000000000000000000000000000000000000000000000100001111100000000000100100000000000
000000000000000000000000000000000000000000000000000000000000000000000000000000001000000000000000000000000000000000110010111100000000000100100000000000
000000000000000000000000000000000000000000000000000000000000000000000000000000010010000011111011000000000000000000111001111000001100000000000000011100
000000010001000000000000000000000000000000000000000000000000000000000000000000010010000100000000100000001000000000001110000000001100000000000000101101
100000010001100000000000000000000000000000000000000000000000000000000000000000000100000000111000011000010100000000000100000000000000000000000001100110
010000010000110000000000000000000000000000000000000110000000000000000000000000000000000101100011001000100100000000000000000000000000000000000000111100
001110000001100000000000000000000000000000000000001001000000000000000000000000000000000101000001001000011000000000000000000000000000000000000000001100
111011011111000000000000000000000000000000000000001010000000000000000000000000000000000101000000110000000000000000000000000000000000000000000000000000
001101111110000000000000000000000000000000000000000100000000000000000000000000000000000000000000000000000000000000000000000000000000000000000000000000
000000101100000000000000000000000000000000000000000000000000000000000000000000000000000000000000000000000000001110000000000000000000000000000000000000
000000000000000000000000000000000000000001100000000000000000000000000000000001000000000000000000000000000000000000000000000000000000000000000000000000
000110000000000000000000000000000000000001100000000000000000000000000000000001000000000000000000000000000000000000000000000000000011000000000000000000
000100100000000000000000000000000000000000000000000000000000000000000000000001000000000000000000000000000000000000000000000000000100100000000000000000
000000001100000000000000000000000001110000000000000000000000000000000000000000000000000000000000000000000000000000000000000000000100100000000000000000
000100010110000000000000000000000000000000000000000000000000000000000000000000000000000000000110000000000001100000000000000000000011000000000000000000
000110010100000000000000000000000000000000000000000000000000000001100000000000000000000000000110000000000001100000000000000000000000000000000010000000
000110000000000000000000000000000000000000000000000000000000000001100110000000000000011100000000000000000000000000000000000000000000000000001111000000
000000000000000000000000000000000000000000000000000000000000011000000110000000000000000000000000000000000000000000000000000000000000000000010000100000
000000000000000000000000000000000000000000000000000000000000011000000000000000000001000001000000000000000000000000000000000000000000000000100000110000
000001000000000000000000000011000000000000000000000000000000000000000000000000000001000001000000000000000000000000000000000000000000000001100000110000
000001000000000000000000000100100000000000000000000000000000000000000000000001100001000001000000000000000000000000000000000000000000000001110100010000
000000000000000110000000000011000000000000000000000000000000000000000000000010010000000000000000000000011000000000000000000000000000000001110001110000
011000000110000110000000000000000000000000000000000000000000000000000000000001010000011100000000000000011000000000000111000000011000000000011000010100
011100001001000000000000000000000000000000000000000000000000000000000000000000100000000000000000000000000000000000001000100000100100000000000111111100
101010001100000000000000000000000000000000000000000000000000000000000000000000000000000000000000000000000000000000001000010000100100000000000011010100
010100100010000000000000000000000000000000000000000000000000000000000000000000000000000000000000000000000000000000011110110000011000000000000000000100
110000001110011000000000000000000000000000000000000000000000000000000000000000000000000000000000000000000000000000110000000000000000000000000000000001
000000000111011000000000000000000000000000000000000000000000000000000000000000000000000000000000000010010000000000110000000000000000000000000000001001
100010010001100000000000000000000000000000000000000000000000000000000000000000000000000000000000000010010000000000001110000000000000000000000000000000
000001100011100000000000000000000000000000000000000000000000000000000000000000000000000001010000000110000000000000000110000000000000000000000000000011
000000000000000000000000000000000000000000000000000000000000000000000000000000001100000110110000000111000000000011010000000000000000000000000000000000
000000000000000000000000000000000000000000000000000000000000100000000000000000010010000001010011000000000000000010100010000000000000000000000000000000
000000000000000000000000000000000000110000000000000000000001010000000000000011000010000000000010000000000111000110010000000001100000000000000000000000
000000000000000001110000000000000001010000000000000000000001100000000000000100000011110000000011100000000111000101001000000001100000000000000000000000
100000110000000010111000000000001110000000000000000000000000000000000000001001000100101000000000000000100110010100001000000000000000000000000000000000
010000110000000110100100000000011011110000000000000000000000000000011000010001000100000010000000000001111001100100001100000000000000000000000000000001
010000000000000011110000000000011000110000000000000000000000000000011000001000001000010001000000000010000101110000001101100000000000000000000000000001
100000000000000000110100000000000010100000000000000000000000000000000000000000010000000001000000000011000000000000001100100000000000000000000000000000
000000000000000000000000000000011010000000000000000000000000000000000000000010000000000101000000000011000000000000001010110000000000000000000000000000
000000000000000000001110000111100010000000000000000000000000000000000000000000000000001001000000000000000000000000001101100000000000110000000000000000
000000000000000000001000000111010000000000000000000000000000000000000000000000000000000000000000000001000000000000000111000000000001001000000000000000
000000000000000000001110000010110000000000000000000000000000000000000000000000000000000000000000000000000000000000000010000000000000110000000000000000
000000000000000000000100000011101100100000000000000000000000000000000000000000000000000000000000000000000000000000000000000000000000000000000000000000
000000000000000000000000000001111100100000000000000000000000000000000000000000000000000000000000000001000000000000000000000000000000000000000000000000
000000000000000100000000000110001101000000000000000000000000000000000000000000000000000000000000000011111000000000000000000000000000000000000000000000
000000000000011011000000000000010010000000000001000000000000011100000000000000000000000000000000000000000100000000000000000000000000001100000000000000
000000000000110010000000000000011100000000000001000000110000000000000000000000000000000000000000000000000000000000000111000111000000001100000000000000
000000000000010101100001000000000000000000000001000001001000000001000000000000000000000000000000000010001000000000000110100100100000000000000000000000
000000000000000111110100100000000000000000000000000000110000000001000000000000000000000000000000000001110000000000011000101000100000000000000000000000
000000000000000001001100000000000000000000000000000000000000000001000000000000000000000000000000000000000000000000010000100001100000000011000000000000
001100000000000000010000001000000000000000000000000000000000000000000000000000000000000000000000000000000000000000100100101000000000000011000000000000
001010000000000000011101001000000000000000000000000000000000011100000000000000000000000000000000000100001100000000101010001000000000000000000000000000
000101000000000000011101110000000000000000000000000000000000000000000000000000000000000000000000000100011010000000100100000000000000000000000000000000
000010000000000000111000000000000110000000000000000000000000000000000000000000000000000000000000000000000000000000001010010000000000000000000001100000
000000000000000000111000000000000110000000000000000000000000000000000000000000000100000000000000000000000000000000000010000000000000000000000010010000
000000000000000001001000000000000000000000011000000000000000000000000000000000000101000000000110000000001000000000001011000000000000000000000010100000
000000000010000000111000000000000000000000011000000000000000000000000000000000000110000000000110000000111100000000010001000000000000000000000001000000
000000000010000000110000000000000000000000000000000000000000000000000000000000000000000000000000000011000100000000010000000000000000000000000000000000
000000000010000000000000000000000000000000000000000000000000000000000000000000000000000000000000000010010000000000100001000000000000000000000000000010
000000000000000000000000000000000000000000000000000000000000100000000000000000000000000000000000000011110000000001110000100000000000000000000000000101
000000000000000000000000000000000000000000000000000000000001010000000000000000000000000000000000000000000000000011000010110000000000000000000000000101
000000000000000000000000000000001110000000000000000000000001010000000000000000000000000000000110000000000000000011011010100000000000000000000000000010
000000000000000000000000000000000000000000000000000000000000100000000000000000000000000000000110000000000000000000010110000000000000000000000000000000
001100000010000000000000000000000000100000000000000000000000000000000000000000000000000000000000000000000000000000100000000000000000000000000001100000
010010000101000000000000000000000000100000000000000000000000000000000000000000000000000000000000000000000000000000000000000000000000000001000010010000
001100000100100000000110000000000000100000000000000000000000000000000000000000000000000000000000000000000000000000000000000000000000000010100001100000
000000000011000000000110000110000000000000000000000000000000000000000000000000000000000010000001100000000000000000000000000000000000000001100000000000
000000000000000000000000000110000000000000000000000000000000000000000000110000000000000010000001100000000000000000000000000000000000000000000000000010
000000000000000000000000000000000000000000000000000000000000000000000001010000000000000010000000000000000000000000000000000000000000001100000000000101
000000000000000000000000000000000000000000000000000000000000000000000001100000000000000000000000000000000000000000000000000000000000010100000000000101
000000000000000000000000000000000000000000000000000000000000000000000000000000000000000000000000000000011000000000000000000000000000001000000000000010
000000000000000000000000000000000000000000000000000000000000000000000000000000000000000000000000000000011000000000000000000000000000000000000000000000
000000000100000000000000000000000000000000000000000000100000000000000000000000000000000000000001100000000000000000000000000000000000000000000000000000
000000001010000000000000000000000000000000000000000001110000000000000000000000000000000000000001100011000000000000000000000000000000000000000000000000
000000001010000000000000000000000000000000000000000011011000000000000000000000000000000000000000000011000000000000000000000000000000000000000000000000
000000000100000000000000001100000000000000000000000100000000000000000000000000000000000000000000000000000000000000000000000000000000000111000000000000
000000000000000000000000001100000000000000000000001000010110000100000000000000000000000000000000000000000000000000000000000000000000000000000000000000
000000000000000000000000000000000000000000000000001000010100001110000000000000000000000000000000000000000000000000000000000000000000000000000000000000
000000000000000000000000000000000000000000000000000100001000001110000000000000000000000000000000011000000000000000000000000000000000000000000000000000
000000000001000000000000000000000011100000000000000000000000000000000000000000000000000000000000011000000000000000000000000000000000000000000000001100
000000000001000000000000000000000000000000000000000000000000000000000000000000000000000000000000000000000000000000000000000000000000000000000000001100
000000000001000000000000000000000000001000000000000000000001100000110000000000000000000000000000000000000000000000000000000000000000000000000000000000
000000000000000000000000000000011000001000000000000000000001100000110000000000000000000000000000000000000000000000000000000000000000000000000000000000
000000000000000110000000000000011000001000000000000000000000001110000000000000000000000000000000000000000100000000000000000000000000000000000000000000
000000000000001001000000000000000000000000000000000000000000000000000000000000000000000000000000000000000100000000000000000000000000000110000000000000
000000000000000110000000000000000011100000110000000000000000001110000000000000000000000000010000000000000100000000000000000000000000000110000000000000
000000000000000000000001100110000000000000110000000000000011111011111000000000000000000000101000000000000000000000000000000000000000000000000000000000
000000000000000000000001100110011000000000000000000000000100011011000100000000000000000001010000000000000000000000000000000000000000000000000000000000
000000000011000000000000000000011000001100000000000000000010000000001000000000000000000001100000000000000000010000000000000000000000000000000000000000
000000000101000000000000000000000000010010000000000000000001110001110000000000000000000000000000000000000000101000000000000000000000000000000000000000
000110000010000000000000000000000000001100000000000000000000100000100001100000000000000000000000000000000001001000000000000000000000000000001100000000
000110000000000000000000000000000000000000000000000000000000011011000010010000000000000000000000011000000000110000000000011000000000000000010010000000
000000000000000000000000000000000000000000000000000000000000010001000001100000000000000000000000100100000000000000000000011000000000000000010100000000
000000000000000000000000000000000000000000000000000000000100010001000000000000000000000000000000011000000000000000000000000000000000000000001000000000
000000000000000000000000000000000000000000000000000000001010001010000000000000000000000000000000000000000000000000000000000000000000000000000000000000
000000000000000000000000001100000000000000000000000000001010000100000000000000000000000000000000000000000000000000000000000000000000000000000000000000
000000000000000000000000001100000000000000000000000000000100000000000000000000000000000000000000000000000000000000000000000000000000000000000000000000
000000000000000000000111000000000000000000000000000000000000000000000000000000000000000000000000000000000000000000000000000000000000000000000000000000
000000000000000000000000000000000000000000000000000011000000011000000000000000000000000000000000000000000000000000000000000000000000000000000000000000
000000000000000000010000010000000000000000000000000100100000100100000000000000000000000000000000000000000000000000000000000000011000000011000000000000
000000000000000000010000010000000000000000000000000011000000011000000000000000000000000000000000000000000000000000000000000000100100000100100000000000
000000000000000000010000010000000000000000000000000000000000000000000000000000000000000000000000000000000000000000000000000000011000000011000000000000
000000000000000000000000000000000000000000000000000000000100000000000000000000000000000000000000000000000000000000000000000000000000000000000000000000
000000000000000000000000000000000000000000000000000000001010000000000000000000000000000000000000000000000000000000000000000000000000100000000000000000
000000000000000000000000000000000000000000000000000000001010000000000000000000000000000000000000110000000000000000000000000000000001010000000000000000
000000000000011100000000000000000000000000000000000000000100000000000000000000000000000000000000110000000000000000000000000000000001010000000000000000
000000000000000000000000000000000000000000000000000000000000000000000000000000000000000000000000000000000000000000000000000000000000100000000000000000
000000000001000001000000000000000000000001000000000000000000000000000000000000000000000000000000000000000000000000000000000000000000000000000000000000
000000000010100010100000000000000000000010100000000000000000000000000000000000000000000000000000000000000000000000000000000000000000000000000000000000
000000000010100010100000000000000000000010100000000000000000000000000000000000001100000000000000000000000000000000000000000000000000000000000000000000
000000000001000001000000000000000000000001000000000000000000000000000000000000001100000000000000000000000000001000000000000000000000000000010000000000
000000000000000000000000010000000000000000000000000000000000000000000000000000000000000000000000000000000000011100000000000000000000000000101000000000
000000000000000000000000010000000000000000000000000000000000000000000000000000000000000000000000000000000000110110000000000000000000000000101000000000
