000000000000000000000000000000000110000000000000000000000000000000000000000000000000000000000000000000000000000000000000000000000000000000000000000000
000000000000000000000000000000000000000000000000000000000000000000000000110000000000000000000000001000000000000000000000000000000000000000000000000000
000000000000001000000000000000000000000000000000000000000000000000000000110000000100000000000000001000000000000000000000000000000000000000000000000000
000001010000010100000000000000000000000000000000000000000000000000000000000000000110000000000000001000000000000000000000000000000000000000000000000000
000000110000100100000000000000000000000000000000000000000000000000000000000000000110000000000000000000000000000000000000000000000000000000000000000000
000000100000011000000000000000000000000000000011100000000000000000000000000000000010000000000000000000000000000000000000000000000000000000000000000000
000000000000000000000000000000000000000000000000000001110000000001100000000000000000000000000000000000000001100000000000000000000000000000000000000000
000000000000000000000000000000000000110000000000000000000000000001100000110000000000000000000000000000000001100000000000000000000000000000000000000000
000000000000000000000000000000000000110000000000000000000000000000000000110000000000000000000000000000000000000000000000000000000000000000000000000000
000000000000000000000000000000000000000000000000000000000000000000000000000000000000000000000000000000000000000000000000000000000000000000000000001000
000000000000000000000000011000000000000000000000000000000000000000000000000000000000000000000000000000000000000000000000000000000000000000000000001000
000000000000011100000000010100000000000000000000000000000000000000000000000000000000000000000000000000000000000000000000000000000000000000000000001000
000000000000000000000000001000000000000000000000000000000000000000000000110000000000000000000000110000000000000000000000000000010000000000000000000000
000000000000000000000000000000000000000000000000000000000000000000000000110000000000000000000000110000000000000000000000000000001000000000000000010000
000000000000000000000000000000000000000000000000000000000000000000000000000000000000000000000000000000000000000000000000000000000100000000000001101100
000011000000000000000000000000000000000000000000000000000000000000000000000000000000000000000000000000000000000000000000000001000100000000000001101100
000100000000000000000000000000000000000000000000000000000000000000000000000000000000000000000000000000000000000000000000000000000100000000000001100100
011001110000000000000000000000000000000000000000000000000000000000000001000000000000000000000000000000000000000000000000000010001000000000000000011000
010010000101000000000000000000000000000000000000000000000011000000000010100000000000000000000000000000000000000000000000000000000000100000000000000000
100000000001000000000000000000000000000000000000000000000011000000000001000000000000000000000000000000000000000000000000000100000111000000000000000000
011101000010000000000000000000000000000000000000000000000000000000000000000000000000000000000000000000000000000000000000000000000000010000000000000011
111111100010000000000000000000000000000000000000000000000000000000000000000000000000000000001100000000000000000000000000000010000000100000000000000110
000100110010000000000000000000000000000000001100000000000000000000000000000000000000000000010010000000000000000000000000000001100001000000000000000011
000110110000000000000000000000000000000000001100000000000000000000000000000000000000011000001010000000000000000000000000000011000100000000000000000001
000010010000000000000000000000000000000000000000000000000000000000000000000000000000100100000100000000000000000000000000000110100000000000000000000000
000000000000000000000000000000000000000000000000000000000000000000000000000000000000011000000000000000000000000000000000000111111000000000000000100000
000011000100000000000000000000000000000000000000000000000000000000000000000000000000000000000000000001100000000000000000000001011100000000000011000000
000001001000000000000000000000000000000000000000000000000000000000000000000000000000000000000000000010010000000000110000000000010100000000100001100000
000000110000000000000000000000000000000000000000000000000000000000000000000000000000000000000000000001100000000000110000000000000100000001010000000000
000000000000000000000000000000000000000000011000000000000000000000000000000000000000000000000000000000000000000000000000000000000000000001001000000000
000000000000000000000000000000011000000000011000000000000000000000000000000000000000000000000000000000000000000000000000000000000000000000110000000000
000000000000000000000000000000011000000000000000000000000000000000000000000000000000000000000000000000000000000000000000000000000000000000000000000000
000000000110000000000000000000000000000000000000000000000000000000000000000000000000000000000000000000000000000000000000000000000000000000000000000000
000000000110000000000000000000000000000000000000000000000000000000000000010000000000000000000000000000000000000000000000000000000000000100000000000000
000000000000000000000000000000000000000000000000000000000000000000000000101000000000000000000000000000000000000000000000000000000000000100000000000000
000000000110000000000000000000000000000000000000000000000000000000000000100100000000000000000000000000000000000000000100000000000000000100000000000000
000000000110000000000000000000000000000000000011000000000000001100000000011000000000000010000000000000000000000000001010000000000000000000000000110000
000000000000000000000000000000000000000000000100100000000000001100000000000000000000000101000000000000000000000000010010000000000000000000000001001000
000000000000000000000000000000000000000000000011000000000000000000000000000000000000000101000000000000000000000000010001011000000000011100000000110000
000000000000000000000000000000000000000000000000000000000000000000000000000000000000000010000000000000000000000000001111001100000000000010000000000000
000000000000000000000000000000000000000000000000001100000000000000000000000000000110000000000000000000000000000000000011000100000000010001000000000000
000000000000000000000000000000000000000000000000010010000000000000000000000000000110000000000010000000000000000000000000010000000000000001000000000000
000000000000000000000000000000000000000000000000001100000000111000000000000111000000000000000101000000000000000111000000011100000000010001000000000000
000000000000000000000000000000000000000000000000000000000000011000000000000000000000000000000011000000000000000000000000011100000000100010011000000000
100000000000000000000000000000000000000000000000000000000000000000000000000000010000000000000000000000000000000000000000000000000000010100011000000001
010000000000000000000000000000000000000000000000000000000000011100000000000000010000000000000000000000100000000000000000000000000000000000000000000001
110000000000000000000000000000000000000110000000000000000000100100000000000000010000000000000000000001010001100000000000000000000000000000000000000000
000000000000000000000000000000000000000110000000000000000001100100000000000000000000000000000110000011011001100000000000000000000000001100000000000000
000000000000000000000000000111000000000000000000000000000000111000000000000111000000000000000110000010011000000000000000000000000000010010000000000000
000000000000000000000000000000000000110000000000000000000000010000000000000000000000000000000000000011011100000000000000000000000000001100000000000000
000000000011000000000000000000000001001000000000000000000000000000000000000000000000000000000000000000001100000000000000100000000000000000000000000000
000000000011000000000000000011011000110000000000000000000000000000011000000000000000000000000000000000000100000001100000100000000000000000000000000000
000000000000000000000000000011011000000000000000000000000000000000011000000000000000000000000000000000000000000010100000100000000000000000000000000000
000000000000000000000000000100000000000111000000001100000000000000000000000000000000000000000000000001110000000110100000000000000000000000000000000000
000000000000000000000000001101000000000000000000001100000000000000000000000000000000010000000000000000010000000011111011100000000000000000000000000000
000000000000000000000000000101000000000000000000000000000000000000000000000110000000101000000000000000000000000001001000000000000000000000000000000000
000110000000000000000000000010000000110000000000000000000000000000000000000110000000100100000000000000000000000000111000101000000000000000000000000000
001001000000000000000000000000000000110000000000000000000000000001000000000000000000011000000000000000000000000000000000110000000000000000000000000000
000110000000000000000000000000001000000000000000000000000000000001000000000000000000000000000000000000000000000000000000111000000000000000000000000000
000000000000000000011000000000011100000000000000000000000000000000100000000000000000000011000000000000000000000110000000000000000000000000000000000000
000000000000000110111000000000010110000000000000000000000000000011000000010000000000000011000000000000000000000110000000000000000000000000000000000000
000000000000001100011000000000000011000000000000000000000000000111000001101100000000000000000000000000000000000000000000000000000000000000000000000000
000000000000000110000000000000010110000000000000000000000000011000000001101100000000000000000000000000000000000000000000000000000000100000000000000000
000000000000000010000000000000011100000000000000000000000000011010000010010000000000000000000000000000000000000000000000000000000001010000000000000000
000000000000000000000000000000001000000000000000000000000000000110000001100000000000000000000000000000000000000000000000000000000001010000000000000000
000000000000000000000000000000000000000000000000000011100000000000000000000011100000000000000000000000000000000000000000000000000000100000000000000000
000000000000000001100000000000000000000000000000000000000000000000000000000000000000000000000000000000000000000000000000000000000000000000000000000000
000000000000000010100000000000000000000000000000001000001000000000000000000000000000000000000000000000000000000000000000000000000000000000000000000000
000000000000000011100100000000000000000000000000001000001000000000000000000000000000000000000000000000000000000000000000000000000000000000000000000000
000000000000001100000011000000000000000000000000001000001000000000000000000000000000000000000000000000000000000000000000000000000000000000000000000000
000000000000010010000100000000000000000000000000000000000000000000000000000000000000000000000000000000000000000000000000000000000000000000000000000000
000000000000010000000000000000000000000000000000000000000000000000000000000000000000001000000000000000000000000000000000000000000000000000000000000000
000000000000010000000000000000000000000000000000000000000000000000000000000000000001000100000000000000000000011100000000000000000000000000000000000000
000000000000000100100101000000000000000000000000000000000000000000000000000000000010000100000000000000000000000000000000000000000000000000000000000000
000000000000000100001001000000000000110000000000000000000000000000000000000000000010001000000000000000000000000000000000000000000000000000000000000000
000000000000000010100101100001110000110000000000000000000000000000000000000000000000001000000000000000000000000000000001100000000000000000000000000000
000001010000000000000010000000000000000000000000000000000000000000000000000000000000111100000000000000001110000000000001010000000000000000000000001100
000001001000000000000000000100000000000000000000000000000000000000000000000000000001101010000000000000011001000000000000100000000000000000000000001100
000001010000000100000000000100000000000000000000000000000000000000000000000000000000101010000000000000110011000000011100000000000000000000000000000000
000000000000001010000000000100000000000000000000000000000000000000000000000000000000011100000000000000000101000000100010000000000000000000000000000000
000000000000010100000000000000000000000000000000000000000000000000000000000000000000001000000000000000001110000001000000000000000000000000000000000000
000000000000011000000000000000000000000000000000000000000000000000000000000000000000000000000000000000001010000001000001000000000000000000000000000000
000000000000000000000000000000000000000000000000000000000000000000000000000000000000000000000000000000000100000001110001000000000011000000000000000000
000000000000000000000000000000000000000000000000000000000000000000000001000000000000000000000000000000000000000000110000000000000011000000000110000000
000000000000000000000000000000000000000000000000000000000000000000000001000000000000000000000000000000000000000000000110000000000000000000001010000000
000000110000000000000000000000000000000000000000000000000000000000000001000000000000000000000000000000000000000000001000000000000000000000000100000000
000000110000000000000000000000000000000000000000000000000000000000000000000000000000000000000000000000000000000000000000000000000000000000000000000000
000000000011000000000000000000000000000000000000000000000000000111000000000000000000000000000000000000000000000000000000000000000001000000000000000000
000000000100100000000000000000000000000000000000000000000000000000000000000000000000000000000000000000000000000000000000000000000001000000000000000000
000000000010100000000000000000000000000000000000000000000000010000000000000000000000000000000000000000000000000000000000000000000001000000000000000000
000000000001000000000000000000000000000000000000000000000000010000000000000000000000000000000000000000000000000000000000000000000000000000001100000000
000000000000000000000000000000000000000011000000000000000000010000000000110000000000000000111000000000000000000000000000000000000000000000001100000000
000000000000000000000000000001100000000011000000000000000000000000000000110001101110011001010110000000000000000000000000000000000000000000000000000000
000000000000000000000000000001100000000000000000000000000000000111000000000110110110011001000000000000000000000000000000000000000000000000000000000000
000000000000000000000000000000000000000000000000000000000000000000000000000110100010000000010100100000000000000000000000000000000000110000000000000000
010000000000000000000000000000000000000000000000000000000000000000000000001011001100000000000000100000000000000000000000000000000000110000000000000000
101000000000000000000000000000000000000100000000000000000000000000000000110000000000000010001100100000000000000000000000000000000000000000000000000000
101000000000000000000000000000000000001100000000000000000000000000000000100100011010000010100111000111000000000000000000000000000000000000000000000000
010000000000000000000000000001000000001010000000000000000000000000000000100100001110000000000000001111100000000000000000000000000000000000000000000000
000000000000000000000000000001000000000000000000000000000110110000000000010100000000000000000000001010010000000000000000000000000000000000000000000000
000000010000000000000000000001000000000000000000000000000110110000000000000000000000110000000000000001100000000000000000000000000000000000000000000000
000000010000000000000000000000000000000000000000000000000000000000000000000000001000110000000000000000000000000000000000000000000000000000000000000000
000000010000000000000000000000000000000000000000000000000000000000000000000000011100000000000000000000000000000000001000000000000000000000000000000010
000000000000000000000000000000000000000000000000000000000000000000000000000000110110000110000100000000000000000000010100000000000000000000000000000010
000000000000000000000000000000000000000000000000000000000000000000000000000001100110000110001010000000000000000000100100000000000000000000000000000010
000000000000000000000000001110000000000000000000000000000000000000000000000000110100000000001010000000000000000000011000000000000000000000000000000000
000000000000000000000000010010000000000000000000000000000000000000000000000000000100100000000100000000000000000000000000000000000000000000000000000000
000000000000000000000000010011000000000000000000000000000000000000000000000000000110100000000000000000000000000000000000000000000000000010000000000000
000000000000000000000000110000000000000000000000000000000000000000000000000000000010010000000000000000000000000000000000000000000000000010000000000000
000000000000000000000000110000000000000000000000000010000000000000000000000000000001100000000000000000000000000000000000000000000000000010000000000000
000000000000000000000000101000010000000000000000000010000000000000000000000000010000000000000000000000000000000000000000000000000000000000000000000000
000000000000000000000001100001001000000000000001110010000000000000000000000001000000001100100010000000000000000000000000000000000000000000000001110000
000000000000000000000001100001010000000000000001110000000000000000000000000001000100011110011101000000000000000000000000000000000000000000000000000000
000000000000000000000001100000100000000000000000000000000000000000000000000100011000110010001010000000000000000000000000000000000000000000000100000100
000000000010000000000001100000000000000000001101010000111100000000000000000111000010011110000110000000000000000000000000000000000000000000000110000100
000000000101000000000000000000000000000000000001010001000010000000000000000000100011001010000010000000000000000000000000000000000000000000000000000100
000000000101000000000000000000000000000000000000110001000100000000000000110001100000001010000001000000000000000000000000000000000000000000000110110000
000000000011100000000000010000000000000000000000010000111000000000000000110000110000000000000000000000000000000000000000000000000000000111000110110000
000000000001100110000000111100000000000000000001100000000000000000000000000000000000000110000000000000000000000000000000000000000000000111000010001000
000000000100000010000000100010000000000000000010011110000000000000000000000000000000000000000000000000000000000000000000000000000000000000000001110100
000000000101101100000000010010000000000000000010000111000000000000000000000000000000001100000000000000000000000000000000000000000000000000000000010100
000000000010000000000000011100000000000000000001111001000000000000000000000000000000000000000000000000000000000000000000000000000000000110000000110110
000000000000000000000000000000000000000000000000110001110000000000000000000000000000000000000000000000000000000000000000000000000000000110000000110100
000000000000000000000100000000000000000000000001100001000000000000000000000000000000000000000000000000000000000000000000000000000000000000000000010000
000000000000000000001010000000000011100000000011000000000000000000000000000000000000000000000000000000000000000000000000000000000000000000000110000000
000000000000000000001010000000000011100000000101000100000000000000000000000000000000000000000000000000000000000000000000000000000000000000000000011100
000000000000000000000100000000000000000000000110000000000001110000000000000000000000000000000000000000000000000000000000000110100000000000000000100100
000000000000000000000000000000000000000000000010011000000000110000000000000000000000000000000000000000000000000000000000001000001000001100000001000100
000000000000000000000000000000000000000000000001110000000000001000000000000000001110000000000000000000000000011000000000110000000100000000000001000000
000000000000000000000000000000000000000000000000100000000001000100000000000000000000000000000000000000000000011000000000100001100100011000000001000100
000000000000000000110000000000000000000000000000000000000001100010000000000000000000000000000000000000000000000000000000100010011100011000000000100100
000000000000000000110000000000000000000000000000000000000000000001000000000000000000000000000000000000000000000000000000010010000000010010100000011100
000000000000000000000000000000000000000000000000000000000000001001000000000000000000000000000000000000000000000000000000000000000000000000100000000000
000000000000000000000000000000000000000000000000000000000000000001000000000000000000000000000000110000000000000000000000000000000000000000000000000000
000000000000000000000000000000000000001100000000011000000001100010000000000000000000000000000000110000000000000000000000000000000000000001000000000000
000000000000000000000000000000000000001100000000011000000001000100000000000000000000000000000000000000000000000000000000000000000000010001000000000000
000000000000000000000000000000000000000000000000000000000000111000011010001000000000000000000110000000000000000000000000000000000000010010000000000000
000000000000000000000000000000000000000000000000000000000000000000011011001000000000000000001001000000000000000000000000000000000000110000000000000000
000000000000000000000000000000000000000000000000000000000000000000011011000001110000010000000101000000000000000000000000000000000000100100000000000000
000000000000000000000000000000000000000000000000000000000000000000010010000001010000010000000010000000000000000000000000000000000000011000000000000000
000000000000000000000000000000000000000000000000000000000000000000001110000000010000010000000000000000000000000000000000000000000000001000000000000010
000000000000000000000000000000000000000000000000000000000000000000000000100000100010000000000000000000000000000000000000000000000000000000000000001110
000000000000000000000000000000000000000000000000000000000000000000000000010000000010000000000000000000000000000000000000000000000000000000000000110100
000000000000000000000000000000000000000000000000000000000000000000000000011000000010000000000000000000000000000000000000000000000000000000000000000000
000000000000000000000000000000000000000000000000000000000000000000000000011000000000000000000000000000000000000000000000000000000000000000000000110000
000000000000000000000000000000000000000000000000000000000000000000000011000000000000000000000000000000000000000000000000000000000000000000000000000000
000000000000000000000000000000000000000000000000100000000000000000000001000000000000000000000000000000000000000000000000000000000000000000000000000110
000000001100000000000000000000000000000000000001010000000000000000000000000000000000000000000000000000000000000000000000000000001110000000000000000000
000000001100000000000000000000000000000000000001010000000000000000000000000000000000000000000000000000000000000000000000000000000111000000000000000000
000000000000000000000000000000000110000000000000100000000000000000000000000000000000000000000000000000000000000000000000000000000000000000000000000000
