000000000000000000000000000000000000000000000000000000000000000000000000000000000000000000000011000000000100000100000000000000000000100000000000000000
000000000000000000000000000000000000000000000110000000000000000000000000000000000000000000000011000000000000000100000000000000000000000000000000000000
000000000000000000000000000000000000000000000110000000000000000000000000000000000000000000000000000000000100000100000000000000000000000000000000000000
000000000000000000000000000000000000000000000000000000000000000000000000000000000000000000000000000000000000000000000000000000000000000000000000000000
000000000000000000000000000000000000000000000000000000000000000000000000000000000000000000000000000000000001110000000000000000000000000000000000000000
000000000000000000000000000000000000000000000000000000000000000000000000000000000000000000000000000000000000000000000000000000000000000000000000000000
000000000110000000000000000000000000000000000000000000000000000001100000000000000000000000000000000000000000000000000000000000000000000000000000000000
000000001001000000000000000000110000000000000000000000000000000001100000000000000000000000000000000000000000000000000000000000000000000000000000000000
000000001001000000000000000000110000000000000000000000000000000000000000000000000000000000000000000000000000000000000000000000000000000000000000000000
000000000110000000000000000000000000110000000000000000000000000000000000000000000000000000000000000000000000000000000000000000000000000000000000000000
000000000000000000000000000000000000110000000000011000000000000000000000000000000000000000000000000000000000000000000000000000000000000000000000000000
000000000010000000000000000000000000000000000000011000000000000000000000000000000000000000000000000000000000000000000000000000000000000000000000000000
000000000011000000000000000000000000000000000000000000000000000000000000000000000000000000000000000000000010000000000000000001110000000000000000000000
000000000111101100000000000000000000000000000000000000000000000000000000000000000000000001100000000000000101000000000000000000000000000000000000000000
000000000000011100000000000000000000000100000000000000000000000000000000000000000000000010010000000000000101000000000000000000000000000000000000000000
000000000000010011000000000000000000001010000000000000000000000000000000000000110000000001100000000000000010000000000000000000000000000000000000000000
000000000000010001000000000000000000001010000000000000000000000000000000000000110000000000000000000000000000000000000000000000000000000000000000000000
000000000000010001000000000000000000000100000000000000000000000000000000000000000001100000000000000000000000000000000000000000000000000000000000000000
000100000001000110000000000000000000000000000000000000000000000000000000000000000001100000000000000000000000000000000000000000000000000000000000000000
001010000001111000000000000000000011000000011000000000000000000000001000000000000000000000000000000000000000000000000000000000000000000000000000000000
001001000000010000000000000000000100100000100100000000000000000000010100000110000000000000000000000000000000000000000001000000000000000000000000000000
000110000000000000000000000000000011000000011000000000000000000000001000000110000000011000000000000000000000000000000001000000000000000000000000000000
000000000000000000000000000000000000000000000000000000000000000000000000000000000000100100000000000000000000000000000001000000000000000000000000000000
000000000000000000000000000000000000000100000000000000000000000000000000000000011000011000000000000000000000000000000000000000000000000000000000000000
000000000000000000000000000000000000001010000000000000000000000000000000000000011000000000000000000000000000000000000000000000000000000000000000100000
000000000000000000000000000000000000001010000000000000000000000000000000000000000000000000000000000000000000000000000000000000000000000000000001010000
110000000000000000000000000000000000000100000000000000000000000000000000000000000000000000000000000000000000000000000000000000000000000000000000100000
110000000000000000000000000000000000000000000000000000000000000000000000000000000110000000000000000000000000000000000000000000000000000000000000000000
000000000000000000000000000000000000000000000000000000000000000011000000000000000110000000000000000000000000000000000000000000000000000000000000000000
000000000000000000000000000000000000000000000000000000000000000011000000000000000000000000000000000000000001000000000000000000000000000000000000000000
000000000000000000000000011000000000000000000000000000000000000000000000000000000000000000000001100000000010100000000111000000000000000000000000000000
000000000001100000000000011000000010000000000000000000000000000000000000000000000000000000000001100000000010100000000000000000000000000000000000000000
000000000001100000000000000000000010000000000000001110000000000000000000000000000000000000000000000000000001000000010000010000000000000000000000000000
000000000000000000000000000000000010000000000000000000000000000000000000000000000000000000000000000000000000000000010000010000000000000000000000000000
000000000000000000000000000000000000000000000000000000011000000000000000000000000000000000000000000000000000000000010000010000000000000000000000000000
000000000000000000000000000000000000000000000000000000100100000000000000000000000000000000000000000000000000000000000000000000000000000000000000000000
000000000000000000000000000000000000011000000000000000011000000000000000000000000000000000000000000000000000000000000111000000000000000000000000000000
000000000000000000000000000000000000011000000000000000000000000000000000000000000000000000000000000000000000000000000000000000000000000000000000000000
000000000000000000000000000000000000000000000000000000000000000000000000000000000000000000000000000000000000110000000000000000000000000110000000000000
000000000000000000000000000000000000000000000000000000000000000000000000000000000000000000000000000000000000110000000000000000000000000110000011100000
000000000000000000000000000000000000000000000000000000000000000000000000000000000000000000000011000000000000000000000000000000000000000000000100100000
000000000000000000000000000000000000000000000000000000000000000011100000000000000000000000001100100000000000000000000000000000000000111000000100010000
000000000000000000000000000000000000000000000000000110000000000011100000000000000000000000001001100000000000000000000000000000000011111000000100100000
000000000000000000000000000000000000000000000000001001000000000001000000000000000000000000001000101100011100000000000000000000000101001100000010100000
000000000000000000000000000000000000000000000000001010000000000001000000000000000000000000001000001100010010000000000000000000010110000000000000000000
000000000000000000000000000000000000000000000000000100000000000001100000000000000000000000001000000000000001000100000000000000000001100100000000000000
000000000000000000000000000000000000000000000000000000000000000100100000000000000000000000000001000000010010000100000000000000100000011000000000000000
000000000000000000000000000000000000000001100000000000000000000011000000000000000000000000000001000000011100000100000000000000110000000000000000000000
100000000000000000000000000000000000000001100000000000000000000000000000001010011000000000000001000000000000000000000000000000001111011001100011100000
100000000000000000000000000000000000100000000000000000000000000011000000010001111000000000001110000000000000000000000000000000000000011001110001001000
100000000000000000000000000000000000100000000000000000000000001011000001011001000100000000000000000000000000000000000000000000000000000001011000001000
000000000000000000000000000000000000100000000000000000000000000100000001010001011100000000000000000000000001100000000000000000000000000000001100000100
000000000000000000000000000000000000000000000000000000000000000000000001000000000000000000000000000000000001100000000000000000000000000000000101001000
000000000000000000000000000000000000000000000000000001011100000000000010100000001001100000000000000000000000000000000000001000000000000000000000011000
000000000000000000000000000000000000000000000000000010100000000000000110110000000000000000000000000000000000000000000000001000000000000000000000000000
000000000000000000000000000000000000000000000000000111010100000000000100011100101100000000000000000000000000000000000000001000000000000000000001000000
000000000000000000000000000011000000000000000000000000010110000000000111000011100000000000000000000000000000000000000000000000000000000000010000000000
000000000000000000000000000100100000000000000000000000000011000000000001000000001100000000000000000000000000000000000000000000000000000000001000100000
000000000000000000000000000011000000000000000000001000000011000000000000000000001000000000000000000000000000000000110000000000000000000000000101000000
000000000000000000000000110000000000000000000000010100000000000000000000000000010000000000000000000000000000000000110000000000000000000011100000000000
000011000000000000000001010000000000000000000000010110000000000000000000000001110000000000000000000000000000000000000000000000000000000100101110001100
000000000000000000000000100000000000000000000000101000000000000000000000000001000000000000000000000000000000000000000000000000000000000100101110001100
000000000000000000000000000000000000000000000000000000000000110000000000000000001000000000000000000000000000000000000000000000000011000011000100000000
000010100000000000000000000000000000000000000010000000000000000000000000000001111000000111000000000000000000000000000000000000000011000000000000000000
000110000000000000000000000000000000000000000000001010000000000000000000000001110000000000000000000000000000000000000000000000000000000000000000000000
000000000000000000000000000000000000000000000000001001100001000000000000000001101000000000000000000000000000000000000000000000000000000000000000000000
000000000000000000000000000000000000000000000000110000001110001000000000000000011000000000000000000000110000000000000000000000000000000000000000000000
000000000000000000000000000000000000000000000000000000000101110000000000000000000000000000000000000000110000000000000000000000000000000000000000000000
000000000000000000000000000000000000000011000100000001001000000001000000000000000000000000000000000000000000000000000000000000000000000000000000000000
000000000000000000000000000000000001100000001000000001000000000001010000000000000000000000000000000000000000000000000000000000000000000000000000000000
000000000000000000000000000000000010100011101000000000100001000000011000000000000000000000000000000000000000000000000000000000000000000000000111000000
000001010000000000000000000000000010001000000000000000000001000000011100000000000000000000000000000000000000000000000000000000000000000000000000000000
000001010000000000000000000000000011000010000000000000000000000000011000000000000000000000000000000000000000000000000000000000000000000000000000000000
000000001000000000000000000000000000000010000000000000000000001100011000010000000000000000000000000000000000000000000000000000000000000000000000000000
000000011000000000000000000000000000001000000000000010000000000100001000010001111000000000000000000000110110000000000000000000000000000000000000000000
000110000000000000000000000000000000000000000000000010000000000000001110010001101100000000000111000000110110000100000000000000001101000000001000000000
001001011000000000000000000000000000000000000000000000000000000000000000000000100010000000000000000000000000001010000000000000000110000000010100000000
000101100000000000000000000000000000000000000000000010000000000000000000000000011011000000000000000000000000010010000000000000000100000000100100000000
000010000000000000000000000000000000000000000000000010000000000011100000000000011001000000110000000000000000001100000000000000000000000000011000000110
000000000000000000000000000000000000000100000000000000000000000000000000000000001110000000110000000000000000000000000000000000011000000000000000000110
000000000000000000000000000000000001100100001010000000000000000001000000000000000110000000000000000000000000000000000000000000001010000000000000000000
000000000000000000000000000000000010000010000001000000000000011011000000000000000000000000000001100000000000000000000000000000000100000000000000000000
110000000000000000001100000000000110010100010001100000000001000010110000110000000000000000000011000000000000000000000000000000000000000000000001100000
001100000000000000001100000000000011000100010000100000000001000001000001001000000000000000000011010000000000000000000000000000000000000000000110010001
100100000000000000000000000000000001110000000000100000100000000010010000110000000000000000001010011000000000000000000000000000000000000000000100111011
000100000000000000000000000000000000000000001001000001000000100110000000000000000000000000010000000000000000000000000000000000000000000000000100001010
111000000000000000000000000000000000000000000000000000100000110000000000000000000111000000110000000000000000000000000000000000000000000000000011111011
100000000000000000000000000000000000000000000000000000000000000000000000000000011101000000011000000000000000000000000010100000000000000000000000110001
000000000000000000000000000000000000000000000000000000000000000000000000000000100000000000001100000001000000000000000110100000000000011100001000000000
000000000000000000000000011000000000000000000000000000000110000100000000000000101111010000000100110001000000000000001000110000000000000000010011000000
000110000000000000001100011000000110000000000000000000000000010001000000000000010001110000000000110000000000000000000010000000000000000000011110110000
000110000000000000001100000000000110000000000000000000001000000000100000000000000000000000000000000000001100000001000101111000000000000000110000100000
000101000000000000000000000000000000000000011000000000001000000000100000000000000000000000000000000000110100000001100101100001100011000000011010010000
000000000000000000000000000000000000000000011000000000000000011011000000000000000000000000000000000000111000000001000011100010010011000000001111010100
000000000111000000000000000000000000000000000000000000000111000000000000000000000000000000000000000000011000000000000000000010100000000000000100010100
000000000000000000000000000000000000000000000000000000000000000000000000000000000000000000000000000001110000000000000000000001000000000000000000000010
001100000000000000000000000000000000000000000000000000000000000000000000000000000000000000000000000011000000000000000000000000000000000010000000001010
000000000000000000000000000000000100000000000000000000000000000000000000000000000000000000000000000000001110000000000000000000000000000001000000000110
010010000000000000000000000000000100000000000000000000000000001000000000000111100000000000000000000000000110000000000000000000000000000000110000000000
001111000000000000000000000000000100000000000000000000000000000000000000010000010000000000000000000000000000000000000000000000000000000001110000000000
000001100111000000000000000000000000000000000000000000000000000000001100001000001000000100000000000000000000000000000000000000000000011000000000000000
000001110110100000000000000000000001110000000000000000000000000100010100000110001000001010000000000000000000000000000000000000000000010000000000000000
000000010010100000000110000000000000000000000000000000000000001100001000000010010000001010000000000000000000000000000000000000000010111000000000000000
110000000001100000000110000110000000000000000000000000000000001000000110000001000000000100000000000000000000000000000000000000001101111101100000000001
000101101010000000000000000110000000000000000000000000000000000000001101000000000000000000000000001100000000000000000000000000000001110001100000000001
110101101000000000000000000000000000000000000000000000000000000000010001000000110000000000000000001100000000000000000000000000000010000001000000000000
000000001000000000000000000000000000000000000000000000000000000000010110000000000000000000000000000000000000000000000000000000000001000010000000000000
000110000000000000000000000000000000000000000000000000000000000000001000000000000000000000000000000000000000000000000000000000000000000110000000000000
000000000000000000000000000000000000000000000000000000000000000000000000000001000000000000000000000000000000000000000000000000000001111100000000000000
000000000100000000000000000000000000000000000000000000000000000000000000000011100010000000000000000000000000000000000000000000000000000000000000000000
000000001010000000000000000000000000000000000000000000000000000011000000000011110110000000000000000011000000000000000000000000000000000000000000000000
000000001010000000000000000000000000000000000000000000000000000100100011000000111000000000000000000011000000000000000000000000000000000000000000000000
000000000100000000000000001100000000000000000000000000000000000100100101100000000000000000000000000000000000000000000000000000000000000000000000000000
000000000000000000000000001100000000000000000000000000000000000100100111000000000011100011100000000000000000000000000000000000000000000000000000000000
000000000000000000000000000000000000000000000000000000000000000010000010000000000000000000000000000000000000000000000000000000000000000000000000000000
000000000000000000000000000000000001000000000000000000000000000000110010000000000000000000000000011000000000000000000000000000000000000000000000000000
000000000000000000000000000000000001000000000000000000000000000000000010000000000000000000000000011000000000000000000000000000000000000000000000001100
000000000011100000000000000000000001000000000000000000000000000000010001000000000000000000000000000000000000000000000000000000000000000000000000001100
000000000000000000000000000000000000000000000000000000000000000000000111100001100000000000000000000000000000000000000000000000000000000000000000000000
000000000000000000000000000000011000011100000000000000000000000000000010010001010000000000000000000000000000000000000000000000000000000000000000000000
000000000000000110000000000000011000000000000000000000000000000000000000111010010000000000000000000000000000000000000000000000000000000000000000000000
000000000000001001000000000000000001000000000000000000000000000000000000101101010000000000000000000000001110000000000000000000000000000110000000000000
000000000000000110000000000000000001000000110000000000000000000000000010011100011000000000010000000000000000000000000000000000000000000110000000000000
000000000000000000000001100110000001000000110000000000000000000000000101000001010000000000101000000000000000000000000000000000000000000000000000000000
000000000000000000000001100110011000000000000000000000000000000000000000000001100000000001010000000000000000000000000000000000000000000000000000000000
000000000011000000000000000000011000001100000000000000000000000000000111000001000000000001100000000000000000010000000000000000000000000000000000000000
000000000101000000000000000000000000010010000000000000000000000000000000000000000000000000000000000000000000101000000000000000000000000000000000000000
000110000010000000000000000000000000001100000000000000000000000000000000000000000000000000000000000000000001001000000000000000000000000000001100000000
000110000000000000000000000000000000000000000000000000000000000000000000000000000000000000000000011000000000110000000000011000000000000000010010000000
000000000000000000000000000000000000000000000000000000000000000000000000000000000000000000000000100100000000000000000000011000000000000000010100000000
000000000000000000000000000000000000000000000000000000000000000000000000000000000000000000000000011000000000000000000000000000000000000000001000000000
000000000000000000000000000000000000000000000000000000000000000001100000000000000000000000000000000000000000000000000000000000000000000000000000000000
000000000000000000000000001100000000000000000000000001000000000010010000000000000000000000000000000000000000000000000000000000000000000000000000000000
000000000000000000000010001100000000000000000000000010100000000001100000000000000000000000000000000000000000000000000011000000000000000000000000000000
000000000000000000000010000000000000000000000000000010100000000000000000000000000000000000000000000000000000000000000011000000000000000000000000000000
000000000000000000000010000000000000000000000000000001000000000000000000000000000000000000000000000000000000000000000000000000000000000000000000000000
000000000000000000000000000000000000000000000000000000000000000000000000000000000000000000000000000000000000000000000000000000011000000011000000000000
000000000000000000111000111000000000000000000000110000000110000000000000000000000000000000000000000000000000000000000000000000100100000100100000000000
000000000000000000000000000000000000000000000001001000001001000000000000000000000000000000000000000000000000000000000110000000011000000011000000000000
000000000000000000000000000000000000000000000000110000000110000000000000000000000000000000000000000000000000000000001001000000000000000000000000000000
000000000000000000000000000000000000000000000000000000000000000000000000000000000000000000000000000000000000000000001010000000000000100000000000000000
000000000000001000000000000000000000000000000000000001000000000000000000000000000000000000000000000000000100000000000100000010000001010000000000000000
000000000000001000000000000000000000000000000000000010100000000000000000000000000000000000000000000000000110000010000000000010000001010000000000000000
000000000000001000000000000000000000000000000000000010100000000000000000000000000000000000000000000000100000000010000000000010000000100000000000000000
000000000001000001000000000000000000000001000000000001000000000000000000000000000000000000000000000000011000000010000000000000000000000000000000000000
000000000010100010100000000000000000000010100000000000000000000000000000000000000000000000000000000011011111000000000000111000111000000000000000000000
000000000010100010100000000000000000000010100000000000000000000000000000000000001100000000000000000110001001000000000000000000000000000000000000000000
000000000001000001000000000000000000000001000000000000000000000000000000000000001100000000000000001001000100100000000000000010000000100000000000000000
000000000000000000000000000000000000000000000000000000000000000000000000000000000000000000000000000100000000010000000000000010000001010000000000000000
000000000000000000000000111000000000000000000000000000000000000000000000000000000000000000000000000111000000000000000000000010000001010000000000000000
