000000000000000000000000000000000000000000000000000000000000000000000000000000000000000000000000000000000000000000000000000000000000000000010000000000
000000000000000000000000000000000000000000000110000000000000000000000000000000000000000000000000000000000000000000000000000000000000011100000000000000
000000000000000000000000000000000000000000000110000000000000000000000000000000000000000000000000011100000000000000000000000000000000000000000000000000
000000000000000000000000000000000000000000000000000000000000000000000000000000000000000000000000000000000000000000000011000000000000000000000000000000
000000000000000000000000000000000000000000000000000000000000000000000000000000000000000000000000000000000000000000000100100000111000000000000000000000
000000000000000000000000000000000000000000000000000000000000000000000000000000000000000000000000000000000000000000000010100000000000000000000000000000
000000000110000000000000000000000000000000000000000000000000000001100000000000000000000000000000000000000000000000000001000000000000000000000000000000
000000001001000000000000000000110000000000000000000000000000000001100000000000000000000000000000000000000000000000000000000000000000000000000000000000
000000001001000000000000000000110000000000000000000000000000000000000000000000000000000000000000000000000000000000000000000000000000000000000000000000
000000000110000000000000000000000000110000000000000000000000000000000000000000000000000000000000000000000000000000000000000000000000000000000000000000
000000000000000000000000000000000000110000000000011000000000000000000000000000000000000000000000000000000000000000000000000000000000000000000000000000
000000000000000000000000000000000000000000000000011000000000000000000000000000000000000000000000000000000000000000000000000000000000000000000000000000
000000000000000000000000000000000000000000000000000000000000000000000000000000000000000000000000000000000000000000000000000001110000000000000000000000
000000000000000000000000000000000000000000000000000000000000000000000000000000000000000000000001000000000000000000000000000000000000000000000000000000
000000000000000000000000000000000000000100000000000000000000000000000000000000000000000000000010100000000000000001100000000000000000000000000000000000
000000000000000000000000000000000000001010000000000000000000000000000000000000000000000000000010100000000000000001100000000000000000000000000000000000
000000000000000000000000000000000000001010000000000000000000000000000000000000000000000000000001000000000000000000000000000000000000000000000000000000
000000000000000000000000000000000000000100000000000000000000000000000000000000000000000000000000000000000000000000000000000000000000000000000000000000
000000000000000000000000000000000000000000000000000000000000000000000000000000000000000000110000000000000000000000000000000000000000000000000000000000
000000000000000000000000000000000011000000011000000000000000000000001000000000000000000001001000000000000110000000000000000000000000000000000000000000
000000000000000000000000000000000100100000100100000000000000000000010100000000000000000000110000000000000101000000000000000000000000000000000000000000
000000000000000011000000000000000011000000011000000000000000000000001000000000000000000000000000000000000011000000000000000000000000000000000000000000
000000000000000011000000000000000000000000000000000000000000000000000000000000000000000000000001000000000000110000000000000000000011000000000000000000
000000000000000000000000000000000000000100000000000000000000000000000000000001000000000000000010100001100000101000000000000000000011000000000000000000
000000000000000000000000000000000000001010000000000000000000000000000000000010100000000000000010100001010000010000000000000000000000000000000000000000
000000000000000000000000000000000000001010000000000000000000000000000000000010010000000000000001000000110000000000000000000000000000000000000000000000
000000000000000000000000000000000000000100000000000000000000000000000000000001100000000000000000000000001100000000000000000000000000000011100000000000
000000000000000000000000000000000000000000000000000000000000000000000000000000000000000000000000000000001010000000000001100000000000000000000000000000
000000000000000000000000000000000000000000000000000000000000000011000000000000000000000000000000000000000110000000000010010001100000001000001000000000
000000000000000000000000000000000000000000000000000000000000000011000000000000000000000000000000000000000000000000000010001001100000001000001000000000
000111000000000000000000000000000000000000000000000000000000000000000000000000000000000000000000000000000000000000000110010000000000001000001000000000
000111000000000000000000000000000010000000000000000000000000000000000000000000000000000000000000000000000000000000001001100000000000000000000000000000
000000100000000000000000000000000010000000000000001110000000000000000000000000000000000000000000000000000000000000000001000000000000000011100000000000
000000000000001000000000000000000010000000000000000000000000000000000000000000000000000011000000000000000000000000000001000000000000000000000000000000
011000000000011100000000000000000000000000000000000000011000000000000000000000000000000011000000000000000000000000001000000000000000000000000000000000
000000000000010010000000000000000000000000000000000000100100000000000000000000000000000000000000000000101000000000000111000000000000000000000000000000
000001000000010001000000000000000000011000000000000000011000000000000000000000000000000000000000000010001100000000000000100000000000000000000000000111
000001000000011010000000000000000000011000000000000000000000000000000000000000000000000000000000000010000100000000000001100000000000000000000000000100
000000000000001000000000000000000000000000000000000000000000000000000000000000000000000000000000000101110100000000000000001000000000000000000000000110
100000000011111000000000000000000000000000000000000000000000000000000000000000011100000000000000000110010001000000000010000100000000000000000000000001
010000000111100000000000000000000000000000000000000000000000000000000000000000001110000000000000000000001111000100000100001000000000000000000000000001
001000000100100000000000000000000000000000000000000000000000000000000000000000000000000000000000000000000000001010001111000000000000000000000000000000
001000000010000000000000000000000000000000000000000110000000000000000000000000000000000000000000000000000000001010000110110000000000000111000000000000
001000000000000000000000000000000000000000000000001001000000000000000000000000000000000010000000000000110000000100000010000000000000000000000000000011
000000000000000000000000000000000000000000000000001010000000000000000000000000000000000101000000000000110000000000000000100000000000011000000000001100
001000000000000000000000000000000000000000000000000100000000000000000000000000000000000011000000000000000000000000110000000000000000011111100000010011
001000000000000000000000000000000000000000000000000000000000000000000000000000000000000000000000000000000000000000101000000000000000000000011100100000
100000000000000000000000000000000000000001100000000000000000000000000000000000000000000000000000000000000000000000010100000000000000000000000100010011
000000000000000000000000000000000000000001100000000000000000000000000000000011100000000000000000000000000000000000001000000000000000000000100100001111
000000000000000000000000000000000000100000000000000000000000000000000000000000000000000000000000000000000000000000000000000000000000000000101000000111
000000000000000000000000000000000000100000000000000000000000000000000000000000000000000000000000000000000000000001100001100000000000001100110000000000
000000000000110000000000000000000000100000000000000000000000000000000000000000000000000000000110000000000001100001100001100000000000001100000000000000
000000000000110000000000000000000000000000000000000000000000000001100000000000000000000000000110000000000001100000000000000000000000000000000000000000
000000000100000000000000000000000000000000000000000000000000000001100110000000000000000000000000000000000000000000000000000000000000000000000000000000
000000000100000000000000000000000000000000000000000000000000011000000110000000000000000000000000000000000000000000000000000000000000000000000000000000
000000000100000000000000000000000000000000000000000000000000011000000000000000000000000000000000000000000000000000000000000000000000000000000000000000
000000000000000000000000000011000000000000000000000000000000000000000000000000000000000000000000000000000000000000000000000000000000000000000000000000
000000000000000000000000000100100000000000000000000000000000000000000000000001100000000000000000000000001000000000000011000000000000000000000000000000
000000000000000110000000000011000000000000000000000000000000000000000000000010010000000001110000000000100100000000000100100000000000000000000000000000
000000000000000110000000000000000000000000000000000000000000000000000000000001010000000010001000000000100011000000000011000000000000000000000000000000
000000000000000000000000000000000000000000000000000000000000000000000000000000100000000011011000000000101011000000000101000000000011000000000000000000
000000000000000000000000000000000000000000000000000000000000000000000000000000000000000011011000000000001001000000001110000000000011011100011000000000
000000000000000000000000000000000000000000000000000000000000000000000000000000000000000000000000000000000110000000011111000000000110011100100100010000
000000000000000000000000000000000000000000000000000000000000000000000000000000000000000100000110000000000000000000100010100000000010001000100100101000
000000000000000000000000000000000000000000000000000000000000000000000000000000000000001100000010000000000000000001100111000000000011001100010100010000
000000000000000000000000000000000000000010100000000000000000000000000000000000000000001100010001000100001000001000111000000100000011100110000000000000
000000000000000000000000000000000000000010010000000000000000000000000000110000010000000001111110000100011100010100001011001010000000001000000000000000
000001100000000000011000111000000000000000000000000000000000000000000000110001111110000000001110001000010000100100000011010001000000000000000000000000
011010010000000000011000111000000000000001010000000000000000100000000000000010100000000100000000000000000000001000000000001011000000000000000000000000
001000000000000000010011000100000000000000100000000000000001010000000000000100100110001001000000000000000100000000000000000000100000000000000000000001
000110000000000000000100110000000000000000000000000000000001100000000000000010101100011100000000000000000001000000000000000001010000000010000000000110
000101100000000000000010110000000000000000100000000000000000000000000000000001110110011000000000000100000000000000000000001101100000000010100000000010
110000100000000111000001000000000000000000010000000000000000000000011000000000010100000000000000000111000000000000000000000001100000000011100000000001
101111100000000101000000000000000000110000010000000000000000000000011000000000001100000000000000000011100000000000000000000110000000000000000000000000
000000000000001001000000000001100000110000000000000000000000000000000000000000001000000000000000000011100000000000000000000000000000000000000000000001
100000000000011000000000000001100000000000000000000000000000000000000000000000001100000000000000000111101000000000000000000000000000000000000000000010
100000000000011000000000000000000000000000000000000000000000000000000000000000000000000000000000001000011110000000000000000000000000001000000000000100
000000000000000100000000000000000000000000000000000000000000000000000000000000000000000000000000000100001011000000011000000000000000010100000000000011
000000000000000011000000000000000000000000000000000000000000000000000000000000000000000000000000001100110000011000011000000000000000001000000000000000
000000000001100101000100000000000000000000000000000000000000000000000000000000000000000000000000000010011111011000000000000000000000000000000000000000
000000000000000101000110000000000000000000000000000000000000000000000000000000000000000000000000010101010101010000000000000000000000000000000000000000
000000000000000011000001000000000000000000000000000000000000001000000000000000000000000000000000010110000001100000000000000000000000000000000000000000
000000000000000000000110000000000000000000000000000000000000001000000000000000001110000000000000011000000000000000000000000000000000000000000000000000
000000000000000000000100000000000000000000000011100000110000001000000000000000000000000000000000000000000000000000000000000000000000000000000000000000
000000000000000000000000000000000000000000000000000000110000000000000000000000000000000000000000000000000000000000100000000110000000000000000000000000
000000000000000000000000000000000000000000000000000000110000000011100000000000000000000000000000000000000000100000110000000101000000000000000000000000
000000000000000000000000000000000000000000000000000000000000000000000000000000000000000000000000000000000001100001101100000010000000000011000000000000
001100000000000000000000000000000111000000000000000000000000001000000000000000000000000000000000000000000011100000000000000000000000000011000000000000
001010000000000000000000000000000111000000000000000000000000001000000000000000000000000000000000000000000111001000000010000000000000000000000000000000
000101000000000011000000000000000000000000000000000000000000001000000000000000000000000000000000000000000110100011011100000000000000000000000000000000
000010000000000100100000000000000000000000000000000000000000000000000000000000000000000000000000000000000111011011000000000000000000000000000001100000
000000000000000011000000000000000000001100000000000000000000000000000000000000000000000000000000000000000101000000000000000000000000000000000010010000
000000000000000000000000000000000001011000000000000000000000000000000000000000000000000000000110000000000000000000000000000000000000000000000010100000
000000000000000000000000000000000110011010000000000000000000000000000000000000000000000000000110000000000000000000000000000000000000000000000001000000
000000000111000000000000000000001000000010000000000000000000000000000000000000000000000000000000000000000000011000000000000000000000000000000000000000
000000000000000000000000000000001010000111000000000000000000000000000000000000000000000000000000000000000000011101100000000000000000000000000000000010
000000000000000000000000000000000110000000000000000000000000100000000000000000000000000000000000000000000111000100000000000000000000000000000000000101
000000000000000000000000000000000000000000000000000000000001010000000000000000000000000000000000000000001001000100100000000000000000000000000000000101
000000000000000000000000000000000000000000000000000000000001010000000000000000000000000000000000000000001000000111000000000000000000000000000000000010
000000000000000000000000000000000000000000000000000000000000100000000000000000000000000000000000000000000000001110000000000000000000000000000000000000
001100000010000000000000000000000000000000000000000000000000000000000000000000000000000000000000000000000000000000000000000000000000000000000001100000
010010000101000000000000000000000000000000000000000000000000000000000000000000000000000000000000000000000000000000000000000000000000000001000010010000
001100000100100000000110000000000000000000000000000000000000000000000000000000000000000000000000000000000000000000000000000000000000000010100001100000
000000000011000000000110000110000000000000000000000000000000000000000011000000000000000000000000000000000000000000000000000000000000000001100000000000
000000000000000000000000000110000000000000000000000000000000000000000011100000000000000000000000000000000000000000000000000000000000000000000000000010
000000000000000000000000000000000000000000000000000000000000000000001000100000000000000000000000000000000000000000000000000000000000001100000000000101
000000000000000000000000000000000000000000000000000000000000000000001001100000000000000000000000000000000000000000000000000000000000010100000000000101
000000000000000000000000000000000000000000000000000000000000000000001100000000000000000000000000000000000000000000000000000000000000001000000000000010
000000000000000000000000000000000000000000000000000000000000000000000000000000000000000000000000000000000011000000000000000000000000000000000000000000
000000000100000000000000000000000000000000000000000000000000000000000000000010000000000000000000001000000011000000000000000000000000000000000000000000
000000001010000000000000000000000000000000000000000000000000000000000000000011000000000000000000110110000000000000000000000000000000000000000000000000
000000001010000000000000000000000000001100000000000000000000000000000000110000100000000000000000000110000000000000000000000000000000000010000000000000
000000000100000000000000001100000000001100000000000000000000000000000000110000000000000000000000110101000000000000000000000000000000000010000000000000
000000000000000000000000001100000000000000000000000000000000000000000000010000000000000000000000001010000000000000000000000000000000000010000000000000
000000000000000000000000000000000000000000001100000000000000000000010000000000000000000000000000000000000000000000000000000000000000000000000000000000
000000000000000000000000000000000001000000011000000000110000000000101000000000000000000000000000000000000000000000000000000000000000000000000000000000
000000000000000000000000000000000001000000000100000000110000000001000100000000000000000000000000000000000000000000000000000000000000000000000000001100
000000000011100000000000000000000001000000000000000000000000000001000000000000000000000000000000000000000000000000000000000000000000000000000000001100
000000000000000000000000000000000000000000000000000000000000000010010000000000000000000000000000000000000000000000000000000000000000000000000000000000
000000000000000000000000000000011000011100000000000000000000000001000000000000000000000110000000000000000000000000000000000000000000000000000000000000
000000000000000110000000000000011000000000000000000000000000000001010000000000000000001001000000000000000000000000000000000000000000000000000000000000
000000000000001001000000000000000001000000000000000000000000000000100000000000000000000110000000000000000000000000000000000000000000000110000000000000
000000000000000110000000000000000001000000110000000000000000000000010000000000000000000000010000000000000000000000000000000000000000000110000000000000
000000000000000000000001100110000001000000110000000000000000000000000000000000000000000000101000000000000000000000000000000000000000000000000000000000
000000000000000000000001100110011000000000000000000000000000000001100000000000000000000001010000000000000000000000000000000000000000000000000000000000
000000000011000000000000000000011000001100000000000000000000000000000000000000000000000001100000000000000000010000000000000000000000000000000000000000
000000000101000000000000000000000000010010000000000000000000000000000000000000000000000000000000000000000000101000000000000000000000000000000000000000
000110000010000000000000000000000000001100000000000000000000000000000001100000000000000000000000000000000001001000000000000000000000000000001100000000
000110000000000000000000000000000000000000000000000000000000000000000010010000000000000000000000011000000000110000000000011000000000000000010010000000
000000000000000000000000000000000000000000000000000000000000000000000001100000000000000000000000100100000000000000000000011000000000000000010100000000
000000000000000000000000000000000000000000000000000110001100000000000000000000000000000000000000011000000000000000000000000000000000000000001000000000
000000000000000000000000000000000000000000000000001001010100000000000000000000000000000000000000000000000000000000000000000000000000000000000000000000
000000000000000000000000001100000000000000000000001101000000000000000000000000000000000000000000000000000000000000000000000000000000000000000000000000
000000000000000000000010001100000000000000000000000011101000000000000000000000000000000000000000000000000000000000000000000000000000000000000000000000
000000000000000000000010000000000000000000000000000000000000000000000000000000000000000000000000000000000000000000000000000000000000000000000000000000
000000000000000000000010000000000000000000000000000000000000000000000000000000000000000000000000000000000000000000000000000000000000000000000000000000
000000000000000000000000000000000000000000000000000000111000000000000000000000000000000000000000000000000000000000000000000000011000000011000000000000
000000000000000000111000111000000000000000000000000000111000000000000000000000000000000000000000000000000000000000000000000000100100000100100000000000
000000000000000000000000000000000000000000000000000000010000000000000000000000000000000000000000000000000000000000000000000000011000000011000000000000
000000000000000000000000000000000000000000000000000000000000000000000000000000000000000000000000000000000000000000000000000000000000000000000000000000
000000000000000000000000000000000000000000000000000000000000000000000000000000000000000000000000000000000000000000000000000000000000100000000000000000
000000000000001000000000000000000000000000000000000000100011000000000000000000000000000000000000110000000000000000000000000000000001010000000000000000
000000000000001000000000000000000000000000000000000000100010100000000000000000000000000000000000110000000000000000000000000000000001010000000000000000
000000000000001000000000000000000000000000000000000000010110000001000000000000000000000000000000000000000000000000000000000000000000100000000000000000
000000000001000001000000000000000000000001000000000000001000001001000000000000000000000000000000000000000000000000000000000000000000000000000000000000
000000000010100010100000000000000000000010100000000000000000000000000000000000000000000000000000000000000000000000000000000000000000000000000000000000
000000000010100010100000000000000000000010100000000000000100000000000000000000001100000000000000000000000000000000000000000000000000000000000000000000
000000000001000001000000000000000000000001000000000000001000000000000000000000001100000000000000000000000000000000000000000000000000000000010000000000
000000000000000000000000000000000000000000000000000000000100010000000000000000000000000000000000000000000000000000000000000000000000000000101000000000
000000000000000000000000111000000000000000000000000000000011100000000000000000000000000000000000000000000000000000000000000000000000000000101000000000
