000000110010000000000000000000000000011111000000000000000000000000000000011000011000000000000000000010000000000000000000000000000000000000010000000000
000000000010000000000000000000000000000010000000000000000000000000000000100100100100000000000000000000000000000000000000000000000001000000010000000000
000000000000000000000000000000000000000000000000000000000000000000000000000000011000000000000000000000000000000010000000000000000001000000110000000000
000000000000000000000000000000000000000000000000000000000000000000000000101000000000000000000000000000000000000011000000000000011110000000111000100000
000000000000000000000000000000010000000000000001000000000000000000000000000011000000000000000000000000000000000110000000000000110100000000011101010000
000000000000000000000000000000011000000000000001000000100000000000000000000100100000000000000000000000000011000000000000000000110000000000000001011000
000000000000000000000000000000100100000000000001000000100000000001100010000000000000000000000000000000000100100000000000000000110100000000001101011000
000000000000000000000000000000011001100000000000000000100000000001100101000000011100000000000000000000000100100000000000000000011000000000000111110000
010000000000000000000000000000010001100000000000000000000000000000000100010010000010000000000000000000000011000000000000000000001000000000000000000000
110000000000000000000000000000000000000000000000000000000000000000000010001011101010000000000000000000000000000000000000000000000000000000000000000011
110000000000000000000000001100000000000000000000000000000000000000000001000000000111000000000000000000000000000000000000000000000000000000001000000111
100000000000000000000000010010000000000000000000000000000000000000000000110000000101000000011001101100000000000000000000000000000000000000011100001001
000000000000000000000000001100000000000000000000000000000000000000000000000000000011000000011001111000000000000000000001100000000000000000011010001110
000000000010000000000000000000000000000000000000000000000000000000000000000000000010000000010000000001110000000000000000000110000000000000000010001100
000000000010000000000000000000000000000000000000000000000000000000000000000000000000000000001100000001001000000000000000000000000000000000000011000111
000000000010000000000000000000000000000000000000000000000000000000000000000000000000000000000000000000111000000000000000000000000000000000000000110011
011100000000000000000000000000000000000000000000000000000000000000000000000001100000000000001100000000011000000000000000000000000000000000000000110000
000000000000000000000000000000000000000000000000000000000000000000000000000001100000000000010000000000000111000000000000000000000000000000000000110000
000000000000000000000000000000000000000000000000000000000011000000000000000000000000000000000000000000000000000000000000000000000000000000000000000000
000000000000000000000000000000000000000000000000000000000011000000000000000000000000000000000000000000000011000000000000000000000000000000000000111000
000000000000000000000000000000000000000000000000000000000000000000000000000000000000000000000000000000000000000000000000000000000000000000000000000000
000110000000000000000000000000000000000000000000000000000000000000000100000000000000000000000000000000000011000000000000000000000000011101110000000000
001001000000000000000000000000000000000000001100000000000000000000001110000000000000000000000000000000000000001000000000000000000000011101101000000000
000101000000000000000000000000000000000000001100000000000000000000011111000000000000000000000000000000000000000000000000000000000000011000000100000000
000010000000000000000000000000000000000000000000000000000000000000100000100000000011000000000011000000000000000000000000000000000000000001110100000000
000000000000000000000000000000000000000000000000000000000000000001100000110000000100100011000011000000000000000000000000000000000000000111100100000000
000000000000000000000000000000000000000000000000000000000000000011101100110110100000010011000000000000000000000000000000000000000101001100001000000000
000000000000000000000000000000000000000000000001000000000000000000000110110000001110000000000000000000000000000000110000000000011111000010111000000000
000000000000000000000000000000000000000000000000110000000000000000001100100000101100110000000000000000000000000000110000000000111011000000100000000000
000000000000000000000000000000000000000000011000000000000000000000000010001010000000000000000000000000000000010000000000000001000100000000000000000000
000000000000000010000000000000011000000000011000000000000000000000000000000000010100000000000000000000000000010000000000000001011100000000000000000000
000000000000000001100000000000101000000000000000000000000000000000000000000000001100000000000000000000000000000000000000000100010010101000000000000000
000000000000001001000000000000000000000000000000000000000000000000000000000000000000000000000000000000000000000000000000000110110000101000000000000000
000000000000001010000000000000010000000000000000000000000000000000000000000000000000000000000000000000000000000000000000000000010000110000000000000000
000000000000000000000000000001001000000000000000000000000000000000000000000000000000000000000000000000000000000011000000000000010001000000000000000000
010000000000000000000000000000111100000000000000000000000000000000000000000000000000000000000000000000000000000111110000000000101101000000000000000001
000000000000000000000000000000001100000000000011000000000000000000000000000000000000000000000001100000000000001000001000000001001110000000000000000000
010000000000000000000000000000000000000000000100100000000000000010000000000000000000000000000010100000000000000101101000000001011000000000000000000010
010000000000000010000000000000000000000000000011000000000000000010000000000000000000000000000011000000000011000000000000000000111000000000000000000010
010000000000001001000000000000111000000000000000000000000000000010000000000000000000000000000111000000000000000000000000000000010000000000000000100001
100000000100001000100000000000011000000000000000001100000000000000000000000000000000000000000101000000000000000000000000000000000000000000000000100001
000000000100100000101100000000000000000000000000001100000000111000111000000000000000000000001101100000000000000001101000000000000000000000000000100000
000000000100011101101100000000000000000000000000001100000000000000000000000000000000000000010000100000000001000001001000000000000001110000000000000000
000000000011011001101100000000000000000000000000000000000000000010000000000000000000000000111000100000000010100000110000000000011000000000000000000000
000000000010101000110000000000000000000000000000000000000000000010000000000000001110000001000011000000000100010011100000000000011000000000000000000000
000000001110000000000000110000000000000000000110001100000000000010000000000000001010000001010000000000000010110111000000000000000000000000000000000000
000011010001010000000000110000000000000000110001000000000000000000000000000000001011000000110000000000000001000111000000000000000000010000000100000000
000101000000111100000000000000000000000000110000001100000000000000000000000000000111110000000000000000000000000000100000000000000000010000000100000000
010001100000000010000000000000000000000000101001011000000000000000000000000000000100010000000000000000000000000011000000000000000000110000000100000000
010000100001110010000000000000000011000010000111011000000000000000000000000000000011100000000000000000000000000011011000000000000001100001100000000000
011010111110110110000000000011100011000100000100000000000000000000000011100000000001100000000000000000000000000011110001000000010000000010010000000000
001011111100000000000000000011100000001001011100000000000000000000000010010000000000000000000000000000001000000000000001000000110010000001100000000000
001011000000000000000000000100011000001000000010000000000000000000000001001000000011110000000000000000001000010000000001000001000010000000000000000000
000100000000000000000000000100011000010011100100001100000000000000000011101100000101000000000000000000010100101000000000000011000001100000000000000000
000000000000000000000000001010001000001000001000001100000000000000000011011000000000010000000000000000001000110000011100000010000000000000000000000000
000001110000000000000000001100011000000111000000000000000000000000000000010000000111100000000000000000001000000000000000000010101000000011000000000000
000000000100000000000000000010101000000001000000000000000000000000001000010000000000100000000000000000000000000100000000000000001010000000100001110000
000100000100000000000000000000001000000000000000000000000000000000001000000000000000000000000000000000000000001010000000000010000011000110110010110000
000000010100000000000000000000001110000000000000000000000000000000010011000000000000000000000000000000000000001010000000000011001001001000110010000000
000011000000000000000000000000000000000000000000000000000000000000100111000000000000000000000000000000000000000100000000000000000110000100100001000000
000000000000000000000000000000000000000000000000000000000000000000000011000000000000000000000000000010000000000000000000000000000000000110000101100000
000000000000000000000000000000000000000000000000000000000000000000001011000000000000000000000000000111000000000000000000000001000000000000000001010000
000000000000000000000000000000000000000000000000000000000000000000001010010000000000000000000000001101100000000000000000000011000000000000000010000100
000000000000000000000000000000000000000000000000000000000000000000100011111000000001110000011000001101100000000000000000000010000000000000000010000010
000000000000000000000011000000000000000000000000000000000000000001000100001000000110101000011000000111000000000000000110111100000000000000000001000000
000000000000000000000101100000000000000000000000000000000000000010010000010000000000001000000000000010000000000110000111000011000000000000000000011100
000000000000000000000100000000000000000000000000000000000000000000000000010001100001001000000000000000000000000110001000010111000000000000000000011000
110000000000000000001000000000000000000000000000000000000000000001011000000010000001010000000000000000000000000000000111010000100000000000000000111001
000000000000000000001110000000000000000000000000000000000000000001011000000000000000000000000000000000000000000000000110000111000000000000000001101000
000000000000000000000000000000000000000000000100000100000000000000111000000000000000000000000000000000000000000000000000111011000000000000000010000000
000000000000000000000000000000000000000000001010001110000000000000000000000000000000001100000000000000000000000000000000000000000000000000000110110000
000000000000000000000000000000000000000000011011000001100000000000000110000000000000110100001000000000000000000000000000000000000000000000000110110000
000000000000000000000000000000000000000000000000010100100000000000000100100000000000010000010100000000000000000000000000000000000000000000000001000000
000000000000000000000000000000000000000000000001000111100000000000000011100000000001010100010001100000000000000000000000000000000000000011100000000000
000000000000000000000000000000000000110000000000110000000000000000000001000000000011110010001000011000000000000000000000000000000000000000000000000000
000000000011100000000000000000000000010000000000010000000000000000000000000000000010100001000000001100000000000000000000000000000000000000000000000000
000000110100010000000000000000001010100000001010000000000000000000000000000000000010111000100010011000000000111000000000000000000000000000000000000000
100000110000001000000000000000101000000000000100000000000000000000000000000000000011010001000001110000000001111000000000001100000000000000000000000011
111000001100010000000000000000011000000000000000000000000000000000000000000000000001000000000000000000000010001111111001110110000000001100000000000110
001000000011100000000000000000010001000000000000000000000000000000000000000000000010000000000000000000000011000001000001100000000000001100000000000110
000000000000000000000000000000000010100000000000000000000000000000000000000000111010000000000000000000000000000000010001000100000000000000100000000001
010000000000000000000000000000000011000000000000000000000000000000000000000000110000000000000000000000000011110000001100001100000000000001010101001100
000000000000000000000000000000000000000000000000000000000000000000000000000011011010000000000000000000000010000000001100000000000000000000000000101110
000000000000000000000000000000000000000000000000000000000000000000000000000000010110000000000000000000000010110000001010000000000000000000000000000001
000000000000000000000000000000000000000000000000000000000000000000000000000100010000000000000000000000000001000000000100000000000001100000100111100000
000000000000000000010100000000000000000000000000000000000000000000000000000010010100000000000000000000000000011100001010000000000001100000011100000000
000000000000000000010110000111000000000000000000000000000000000000110000000010100100000000000000000000000000011011000000000000000000000000000000000000
000000000000000000010100000000000000000000000000000000000000000000110000000000100000001100000000011000000001100110000000000000000000000000000000000000
110000000000000000000000000000000000000000000000000000000000000000000000000010100000110010000000100100000001010000000000000000000000000000000000000001
000000000000000000000000000000000000000000000000000000000000000000000000000001001000010110000000011000000000100000011100000000000000000000000000000000
000000100000000000000000010000000000000000000000000000000000011100000000111000110011011000000000000000000000000000011100000000000000000000000000000000
000011110000000000000010010001000000000011000000000000000000000000000000111000000011100000000000000000000000000000000000010100000000000000000001100000
000010010000000000000011110110100000000011000000000000000000000000000001000100000010000000000000000000000000000000000000000000000000000000000001100000
000010000000000000000011000010100000000000000000000000000000000000000001000100000011001000000000000000000000000000000000000000000000000000000000000000
100111000000000011100000000001000000000000000000000000000000000000000001000100000001110000000000000000000000000000000000000000000000100000000000000001
100001000000000010100000000000000000000000000000000000000000001100000000010000000000100000000000000000000000000000000000000000000001010000000000010101
001000000000000010010000000000000000000000000000000000000000001100000000000000000000000000000000000000000000000000000000000000000010010000000000010000
010000000000000001010000000000000000000000000000000000000000000000000000000000000000000000000000000000000000000000000000001100000110110000000000010000
100000000000000001110000000000000000000000000000000000000000000000000000000000000100010000000000000000000010000000000000001100000010100000000100000110
000000000000000000000000000011100000000000000000000000000000000000000000000000001110001000000000000000000101000000000000000110000001000000001010000000
000000000000000000000000000000000000000000000000000000000000000000000000000000011011011000000000000000000011000000000000000010000000000000000100000000
000000000000000000000000000000000000000000000011000000000000000000000000000000011000100100000000000000000000000000000000000110001000000000000000000000
000000000000000000000000000000000000000000000011000000000000000000000000000000000001001000000000000000000000000000000000001100000100000000000000000000
000111000000000000000000000000000000000000000000000000010000000000000000001110000001000100000001000000000000000000000000000000110110000000000000000000
000000000000000000000000000000000000110000000000000001100000000000000000000000000000100010000010100000000000000000000000000000110100000000000000000000
010000000000000000000000000000000000110000000000000000000000000000000000000000000000010001000100010000000000000000000000000000110111010000000000000000
010000000000000000000000000011000000000000000000000000000000000000000000000000001000001001001000010000000110000000000000000001111111010000000000000000
010000000000000000000000000100100000000000000000000000000000000000000000000000110100000100011001100000000110000000000000000001100110100000000000000000
000010000000000000000000000101000000000000000000000000000000000000000000000000100100000000011001100000000000000000000000000000000000000000000000000000
000110000000000000000000000010000000000000000000000000000000000000000000000000000000000000000000000000000000000000000001100000000000000000001110000000
001110000000000000000000000000000000000000000110000000000000000000000000000000010011110000000000000000000000000000000101101000000000000000001111100000
001111100000000000000000000000000000111000001001000000000000000000000000000000000110100000000000000000011000000000001001000100000000000000001100010000
000001100000000000000000000000000000100101001011000000000000000000000000000000000111000000000000000000100100000000001001000000000000000000011000011000
000011100000000000000000000000000000000100000001000000000000000000000000000000000000000000000000111000011000000000000100000000000000000000000000010100
000000000000000000000000000000000000010101000100000000000000000000000000000000000000000000000000000000000000000000000010010000000000000000111111000111
000000000000000000000000000000000011000100101000000000000000000000000000000000000010100000000000000000000000000000000001110000000000000011100110000110
000000000011100000000000000000000011000010101100000000000000001000000000000000000000010110000000000000000000110000000000000000000000000011100110000100
001100000000000000000000000000000000100111111001000000000000011100000000000000000100000110000000000000000001001000000000000000000000000001100000000110
001010000000000000000000000000000000011111111101000000011000111010000000000000000010000110000000000000000001010000000000000000000000000000100000000000
001110000000000000000000000000000000000000000010000000100111100000000000000000000000000110100000000000000000100000000000001100000000000100001000000000
000000000000000000000000000000000000000000000000000000011010000000000000000000011000000011000000000000000000000000000000001100101000000011101100000000
000000000000000000000000000000000000000010000010000000000000101010000000000000100100000011100000100000000000000000000000001100101000100001110100000000
000000000000000000000000000000000000000101000101000000000000001101100000000000011000000000000001010000000000000000000000000000110001010000001110000000
000000000000000000000000000010100111000101000101000000000000000100100000000000000000000000000001010011000000000000000000001000110001010000110110000000
000000000000000000000000000010101001000010000010000000000000000011000000000000000000000011100000100011000000000000000011011111000000100000110110000000
000000000000000000000000000010010001000000010000000000000000000000000000000000000000000001100000000000000000000000000011010011100000000000010110000000
001100000000000000000000000001000110000000010000000000000000000000000000000000000000000001000000000000000000000000000100000001000000000011010010000000
001100000000000000000000000010110000000000010000000000000000000000000000000000000100000000000000000101000000000000000011010010000000000110011100000000
000000110000000000000000000001100000000000000000000000000000000000000000000000000100000000000000000101000000010000000011110100000000001011111000100000
100001001000000000000000000000000000000000000000000000000000000000000000000000000100000000000000001000000000101000000000111000000000001100000001010011
000001010000000000000000000000000000000000000011100000000000000000000000000000000000000000000000000100011100101000001000000000000000000000000011010100
000000100000000000110000000000000000000000000000000000000000000000000000000000000000000000000001010010011100010000100100000000011000000000000011001000
001000000000000001010000000000000000110000000000001000001100000000000000000000000000000000000001000001101100000000100010000000000000000000000010000000
101000000000000001100000000000000000101000000000001000010010000000000000000000000000000000000000000001110000000000100010000000000000000000000100000010
000000010000000000000000000000011101110000000000001000001100000000000000000000000000000000000001110000100000000000100010000000000000000000000110000000
000000101000000000000000000000011011100000000000000000000000000000000000000000000000000000000001001100000000000111010100000000000000000000001010101100
000000100100000000000000000000000000100000000000000010000000000000000000000000000000000000110001100000010000000101001000000000000000000000001000101000
011000011000000000000000110000000010100000000000000101000000000000000000000000000000000000111011000000010000000110000000000000000001000000000001100000
100100000000000000000000110000000000100000001100000101000000000000000000000000000000000000001100110000011000010000000000001000000010100000000001000000
011000000000000000000000000000000000000000001100000010000000000000000000000000110000111000000110001011011000011100000000010010000010100000000000110000
000000000000000000000000000110000000000000000000000000000000000000000000000000110000000000000000000000011000011011000000010100000001000000000000000000
000000011000000000000000000110000000000000000000000000000000000000000000000000000000000000000000000010001000000000000000001100000000000011000000000000
000000011000000000000000000000000000000000000000001100000000000000000000000000000111000000000000000010000000111000000000000000000000000011000000000000
000000000000000000000000000000000000000000000000001100000000000000000000000110000000000000000000000000000000111000000000000000000000000000000000000000
000000000000001101000000000000000000000000000000000000000000000000000001000110000000000000000000001001010000000000000000000000000000000000000000000000
000000000000001011100000000000000000011100000000000000000000000000000010100000000000000000000000001000110000000110000000000000000000000000000000000000
000000111111101000010000000000000000011100000000100000000000000000000001000000000000000000000000000000000000000111000000000000000000000000000000000000
000001100000001001010000000000000001100010000001010000000000000000000000000000000000000000000000000000000000000011000000000000000000000000000000000000
000011001100010001100000000000000001100110000001010000000000000000000000000000000000000000000000000101100000000000000000000000000000000000000000000000
000001000001100000000000000000000001101001000000100000000000000000000000000000000000000000000000000111000000000000000000000000000000000000010000000000
