000000000000000000000000000000000000000000000011011000000000000000000000000000000000000000000000000000000000000000000000000000000000000000010000000000
000000000000000000000000000000000000000000000000100000000000000000000000000000000000000000000000000000000000000000000000000000000000011100000000000000
000000000000000000000000000000000000000000000000000000000000000000000000000000000000000000000000011100000000000000000000000000000000000000000000000000
000000000000000000000000000000000000000000000000001000000000000000000000000000000000000000000000000000000000000000000011000000000000000000000000000000
000000000000000000000000000000000000000000000000001000000000000000000000000000000000000000000000000000000000000000000100100000111000000000000000000000
000000000000000000000000000000000000000000000000001000000000000000000000000000000000000000000000000000000000000000000010100000000000000000000000000000
000000000110000000000000000000000000000000000000000000000000000001100000000000000000000000000000000000000000000000000001000000000000000000000000000000
000000001001000000000000000000110000000000000011100011100000000001100000000000000000000000000000000000000000000000000000000000000000000000000000000000
000000001001000000000000000000110000000000000000000000000000000000000000000000000000000000000000000000000000000000000000000000000000000000000000000000
000000000110000000000000000000000000110000000000001000000000000000000000000000000000000000000000000000000000000000000000000000000000000000000000000000
000000000000000000000000000000000000110000000000001000000000000000000000000000000000000000000000000000000000000000000000000000000000000000000000000000
000000000000000000000000000000000000000000000000001000000000000000000000000000000000000000000000000000000000000000000000000000000000000000000000000000
000000000000000000000000000000000000000000000000000000000000000000000000000000000000000000000000000000000000000000000000000001110000000000000000000000
000000000000000001000000000000000000000000000000000000000000000000000000000000000000000000000001000000000000000000000000000000000000000000000000000000
000000000000000110000000000000000000001110000000000000000000000000000000000000000000000000000010100000000000000001100000000000000000000000000000000000
000000000110000011000000000000000000000000000000000000000000000000000000000000000000000000000010100000000000000001100000000000000000000000000000000000
000000000110000000000000000000000000010101000000000000000000000000000000000000000000000000000001000000000000000000000000000000000000000000000000000000
000000000000000000000000000000000000011011000000000000000000000000000000000000000000000000000000000000000000000000000000000000000000000000000000000000
000000000000000000000000000000000001100000110000000000000000000000000000000000000000000000110000000000000000000000000000000010000000000000000000000000
000000000000000000000000000000000100100100100100000000000000000000001000000000000000000001001000000000000000000000000000000010000000000000000000000000
000000000010000000000000000000000101001010010100000000000000000000010100000000000000000000110000000000000000000110000000000010000000000000000000000000
000000000101000011000000000000000100100100100100000000000000000000001000000000000000000000000000000000000000000110000000000000000000000000000000000000
000000000101000011000000000000000001100000110000000000000000000000000000000000000000000000000001000000000000000000000000000000000000000000000000000000
000000000010000000000000000000000000011011000000000000000000000000000000000001000000000000000010100000000000000000000000000000000001100000000000000000
000000000000000000000000000000000000010101000000000000000000000000000000000010100000000000000010100000000000000001000000000000000010010000000000000000
000000000000000000000000000000000000000000000000000000000000000000000000000010010000000000000001000000000000000001000000000011000100000000000000000000
000000000000000000000000000000000000001110000000000000000000000000000000000001100000000000000000000000000000000001000000000101011000000110000000000000
000000000000000000000000000000000000000000000000000000000000000000000000000000000000000000000000000000000000000000000000000111100000000100000000000000
000000000000000000000000000000000000000000000000000000000000000011000000000000000000000000000000000000000000000000000000000000010000000100000000000000
000000000000000000000000000000000000000000000000000000000000000011000000000000000000000000000000000000000000000000000011000000010101000000000000000000
000000000000000000000000000000000000000000000000000000000000000000000000000000000000000000000000000000000000000000000000100001001000000000000000000000
000000110000000000000000000000000010000000000000000000000000000000000000000000000000000000000000000000000000000000110000010011011000001000000000000000
000000110000000000000000000000000010000000000000001110000000000000000000000000000000000000000000000000000000000000110000100001001000000000000000000000
000000000000000000000000000000000010000000000000000000000000000000000000000000000000000011000000000000000011000001000111000000100000000000000000000000
000000000000000000000000000000000000000000000000000000011000000000000000000000000000000011000000000000000101000000100010000010111000000000000000000011
000000000000000000000000000000000000000000000000000000100100000000000000000000000000000000000000000000000010000000100100000100010000000000000000000011
000000000000000000000000000000000000011000000000000000011000000000000000000000000000000000000000000000000000000000000000000101100010000000000000000000
000000000000100000000000000000000000011000000000000000000000000000000000000000000000000000000000000000000000000000000000000011000101000000000000000000
000000000001010000000000000000000000000000000000000000000000000000000000000000000000000000000000000000000000000000000000000000000110000000000000000000
000000000001010000000000000000000000000000000000000000000000000000000000000000011100000000000000000000000000000000000000000000000000000000000000000000
000000000000100000000000000000000000000000000000000000000000000000000000000000001110000000000000000000000000000000000100000000000000000000000000000000
000000000000000000000000000000000000000000000000000000000000000000000000000000000000000000000000000000000000000000001010000000000000000000000000000000
000000000000000000000000000000000000000000000000000110000000000000000000000000000000000000000000000000000000000000001010000000000000000000000000000000
000000000000000100000000000000000000000000000000001001000000000000000000000000000000000010000000000000000000000000000100000000000000000000000000000000
000000000000000100000000000000000000000000000000001010000000000000000000000000000000000101000000000000000000000000000000000000000000000000000000000000
000000000000001010000000100000000000000000000000000100000000000000000000000000000000000011000000000000000000000011000000011000000000000000000000000110
000000000010000000000001010000000000000000000000000000000000000000000000000000000000000000000000000001000000000100100000100100000000000000000000000010
100000000010000000000000110000000000000001100000000000000000000000000000000000000000000000000110000010100000000011000000011000001100000000000000010101
000000001111011011000000000000000000000001100000000000000000000000000000000011100000000000000110000010100000000000000000000000001100000000000000010111
000000011000010101110001000000000000000000000000000000000000000000000000000000000000000000000000000001000000000000000100000000000000000000000000011100
000000100000100100000000000000000000000000000000000000000000000000000000000000000000000000000000000000000000000000001010000000000000000000000000000000
000000011001110001001010000000000000000000000000000000000000000000000000000000000000000000000000110000000000000000001010000000000000000000000000000000
000000000010010001100010000000000000000000000000000000000000000001100000000000000000000000000001001000000000000000000100000000000000000000000000000000
000000000010100000110010000000110000000000000000000000000000000001100110000000000000000000000000110000000000000000000000000000000000000000000000000000
000000000010100000011110000001100000000000000000000000000000011000000110000000000000000000000000000000000000000000000000000000000000000000000000000000
000000000000000000001111100000100100000000000000000000000000011000000000000000000000000000000000000000000000000000000000000000000000000000000000000000
000000000000000000000110010110000100000000000000000000000000000000000000000000000000000000000000000000000000000000000000000000000000000000000000000000
000000000000000000000010001000100100000000000000000000000000000000000000000001100000000000000000000000000000000000000000000000000000000000000000000000
000000000000000000000001110001100000000000000000000000000000000000000000000010010000000000000000000000000000000000000000000000000000000000000000000000
000000000000000100000000000000110000000000000000000000000000000000000000000001010000000000000000000011001101100000000000000000000000000000000000000000
000000000000001010000000000000000000000000000000000000000000000000000000000000100000000000000000000100001100010000000000000000000000000000000000000000
000000000000010010000000000000000000000000000000000000000000011000000000000000000000000000000000000011001101110000000000000000000000000000000000000000
000000000000001100000000000000000000000000000000000000000000011000000000000000000000000000000000000000000000010010000100000000000000000000000000010000
000000000000000000000000000000000000000100000000000000000000000000000000000000000000000000000000000000000001101111001010000000000000000000000000101000
000000000000000000000000000000000000011100101000000000000000000000000000000000000000000000000000000000000000000111000100000000000000000000000000010000
000000000000000000000000000000000000100001110000000000111000000000000000000000000000000000000000000000000000111001100000000000000000000000000000000000
000000000000000000000000000000000000000011010000000000101000000000000000110000000000000100000000000000000000000101000000000000000000000000000000000000
000000000000000000000000001100000000001000100000000001001000000000000000110000000000001010000000000000000000011010000000000000000000000000000000001100
000000000000000000000000001010000000011000000000000011000000000000000000000000000000000100000000000000000000000000110000000000000000000000000000010100
000000000000000000000000001110000000011000000000000011000010000000000000000000000000000000000000000000000000001000001000000000000000000000000000000000
000000000000000000000000001100000000000000000000000110000101000000000000000000000000000000000000000000000000000010101000000000001110000000000000000011
000000000000000000001110001100000000000001101000000011100001000000000000000000000000000000000000011000000000000001110110000000000000000000000000000011
000000000000000000000000001100000111000000000010000011000110000000000000000000000000000000000000101000000000000001101110000000000000000000000000011000
000000000000000000000000001110000000000000100010000001000000000000000000000000000000000000000001100000000000000001000110000000000000000000001100011000
100000000000000000000000001010000000000001000100000000111000000000000000000000000000000000000000101000000010000001000100000000000000000000010100000010
100000000000000000000000001100000010000000001000000000000000000000000000000010000000000000000000011000000101000000101000000000000000000000010000000100
100000000000000000000000000000000111000001110001110000000000000000000000000101000000000000000000000000001001000000101000000000000000000000011100000010
000000000000000000000000000000001111100000000001010000000000000000000000001001000000000000000000000000000110000000010000000000000000000000000000000000
000000000000000000000000000000011000110000000000011000110000000000000000001010011000000000000000000000000000000001011000000000000000000000000000000000
000000000000000000000000000000001111100000000101010000000000000000000000000100000000000000000000000000000000000111011101100000000000000000000000000000
000000000000000000000000000000000111000000010000100000100000000000000000000000000000000000000000000000000000000101001000100111000000000000100000000000
000000000000000000000000000000000010000000100011000000100100000000000000000000000000000000000000000000000000000100001000000100100000000001010000000000
000000000000000000000000000000000000000001000000001100010010000000000000000000001110000000000000000000000000000111000000010000110000000110010000000000
000000000000001000000000000000000000000001001111010010000010000000000010010000000000000000000000000000000000000000001000110000100000000100100000000000
000000000000010100000000000000000000000001100011001100000001000110000010010000000000000000000000000000000000000000001010010000100000000100100000000000
000000000000100100000000000000000000000110000000101001000001111001000100001000000000000000000000000000000000000000000100000101000000000010100000000000
000000000000011000000000000000000000001010000011000011001000111101100100010000000000000000000000000000000000000000000000000010000000000001100000000000
000000000000000000000000000000000000001100000101000000000111000101000100010000000000000000000000000000000000000000001110000000000000000000000000000000
000000000000000000000000000000000000000000000110000000000000000010000010110000000000000000000000000000000000000000001010000000000000000000000000000000
000000000000000011000000000000000000000000011000000000000000000000000000010100000000000000000000000000000000000000010100000000000000000000100000000000
000000000000000100100000000000000000000000101000000000000000000000000000100100000000000000000000000000000000000000001000000000000000000001100000000000
100000000000000011000000000000000000000000110000000000000000000001100000100010000000000000000000000000000000000000000000000000000000000000000000000000
100000000000000000000110001000001000000000000000000000000000000001100000100100000000000000000000000000000000000000000000000000000000000000010000000000
100000000000000000000110001000001000000000000000000000000000000000000000011100000000001000000000000001100000000000000000000000000000000000010000000000
000000000111000000000000001000001000000000000000000010000000000000000000000000000000010100000000000001100000000000000000000000000000000000000000000000
000000000000000000000000000000000000000000000000000101000000000000000000000000000000010100000000000000000000000000000000000000000000010000100000000000
100000000000000000000000000011100000000000000000000101000000000000000000000000000000001000000000000000000000000000000000000000000000010000010000000001
010000000000000000000000000000000000000000000000000010000000000000000000000000000000000000000000000000000000000000000000000000000000010000100000000010
100000000000000000000000000000000000000000000000000000000000000000000000110000000000000000000000000000000000000000000000000000000000001000000000000010
000000000000000000000000000000000000001100000000000000000000000001110010000000000000000000000000000000000000000000000000000000000000001000000000000001
000000000010000000000000000000000000001100000000000000000000000000000110000000000000000000000000000000000000000000000000000000000000000000000000000000
000000000101000000000000000000000000000000000000000000000000000000000100010000010100000000000000000000000000000000000000000000000000000001000000000000
000000000100100000000110000000000000000000000000000000000000000000000010100000011100000000000000000000000000000000001000000000000000000010100000000000
000000000011000000000110000110000000000000000000000000000000000110000010100000011100000000000000000000000000000000010100000000000000000001100000000000
000000000000000000000000000110000000000000000000000000000000001001000110000000000000000000000000000000000000000000100100000000000000000000000000000000
000000000000000000000000000000000000000000000000000000000000000110000110000000000000000000000000000000000000000000011000000000000000001100000000000000
000000000000000000000000000000000000000000000000000000001110000000000101000000000000000000000000000000000000000000000000000000000000010100000000000000
000000000000000000000000000000000000000000000000000000010010000000001110000001010100000000000000000000000000000000000000000000000000001000000000000000
000000000000000000000000000000000000000000000000000000010001000000011110100000010100000000000000000000000000000000000000000000000000000000000000000000
000000000100000000000000000000000000000000000000000000110000000000011000100001001000000000000000000000000000000000000000000000000000000000000000000000
000000001010000000000000000000000000000000000000000000111000000000011000000000110000000000000000000000000000000000000000000000000000000000000000000000
000000001010000000000000000000000000001100000000000000000000000000001111100000000000000000011000000000000000000000000000000000000000000010000000000000
000000000100000000000000001100000000001100000000000000000000000000001110111000000000000000100100000000000000000000000000000000000000000010000000000000
000000000000000000000000001100000000000000000000000000000000000000000010110000000000000000011000000000000000000000000000000000000000000010000000000000
000000000000000000000000000000000000000000000000000000010100000000000010100000000100000000000000000000000000000000000000000000000000000000000000000000
000000000000000000000000000000000001000000000000000000100100000000000011100000101011000000000000000000000000000000000000000000000000000000000000000000
000000000000000000000000000000000001000000000000000000010000000000000010010000111101100000000000000000000000000000000000000000000000000000000000001100
000000000011100000000000000000000001000000000000000000001000011000011100110000011000110000000000000000000000000000000000000000000000000000000000001100
000000000000000000000000000000000000000000000000000000000000100100011100000000000001100000000000000000000000000000000000000000000000000000000000000000
000000000000000000000000000000011000011100000000000000000001110110010100000000011000000000000000000000000000000000000000000000000000000000000000000000
000000000000000110000000000000011000000000000000000000000001000000000000000000000000000000000000000000000000000000000000000000000000000000000000000000
000000000000001001000000000000000001000000000000000000000101011000000000000000000000000000000000000000000000000000000000000000000000000110000000000000
000000000000000110000000000000000001000000110000000000001000001000000000000000000000000000000000000000000000000000000000000000000000000110000000000000
000000000000000000000001100110000001000000110000000000000000101000000000000000000000000000000000000000000000000000000000000000000000000000000000000000
000000000000000000000001100110011000000000000000000000000110010000000000000000000000000000000000000000000000000000000000000000000000000000000000000000
000000000011000000000000000000011000001100000000000000000001100000000000000000000000000000000000000000000000010000000000000000000000000000000000000000
000000000101000000000000000000000000010010000000000000000000000001000000000001100000000000000000000000000000101000000000000000000000000000000000000000
000110000010000000000000000000000000001100000000000000000000000001000011000001100000000000000000000000000001001000000000000000000000000000001100000000
000110000000000000000000000000000000000000000000000000000000000001000100100000000000000000000000000000000000110000000000011000000000000000010010000000
000000000000000000000000000000000000000000000000000000000000000000000011000000000000000000000000000000000000000000000000011000000000000000010100000000
000000000000000000000000000000000000000000000000000000000000000000000000000000000000000000000000000000000000000000000000000000000000000000001000000000
000000000000000000000000000000000000000000000000000000000000000000000000000000000000000000000000000000000000000000000000000000000000000000000000000000
000000000000000000000000001100000000000000000000000000000000000000000000000000000000000000000000000000000000000000000000000000000000000000000000000000
000000000000000000000010001100000000000000000000000000000000001000000000000000000000000000000000000000000000000000000000000000000000000000000000000000
000000000000000000000010000000000000000000000000000000000000010100000000000000000000000000000000000000000000000000000000000000000000000000000000000000
000000000000000000000010000000000000000000000000000000000000010100000000000000000000000000000000000000000000000000000000000000000000000000000000000000
000000000000000000000000000000000000000000000000000000000000001000000000000000000000000000000000000000000000000000000000000000011000000011000000000000
000000000000000000111000111000000000000000000000000000000000000000000000000000000000000000000000000000000000000000000000000000100100000100100000000000
000000000000000000000000000000000000000000000000000000000000000000000000000000000000000000000000000000000000000000000000000000011000000011000000000000
000000000000000000000000000000000000000000000000000000000000000000000000000000000000000000000000000000000000000000000000000000000000000000000000000000
000000000000000000000000000000000000000000000000000000000000000000000000000000000000000000000000000000000000000000000000000000000000100000000000000000
000000000000001000000000000000000000000000000000000000000000000000000000000000000000000000000000110000000000000000000000000000000001010000000000000000
000000000000001000000000000000000000000000000000000000000000000000000000000000000000000000000000110000000000000000000000000000000001010000000000000000
000000000000001000000000000000000000000001000000000000000000000000000000000000000000000000000000000000000000000000000000000000000000100000000000000000
000000000001000001000000000000000000000001000000000000000000000000000000000000000000000000000000000000000000000000000000000000000000000000000000000000
000000000010100010100000000000000000000000000000000000000000000000000000000000000000000000000000000000000000000000000000000000000000000000000000000000
000000000010100010100000000000000000000010110000010000000000000000000000000000001100000000000000000000000000000000000000000000000000000000000000000000
000000000001000001000000000000000000000010000001110000000000000000000000000000001100000000000000000000000000000000000000000000000000000000010000000000
000000000000000000000000000000000000000000001000001000000000000000000000000000000000000000000000000000000000000000000000000000000000000000101000000000
000000000000000000000000111000000000000000110011011000000000000000000000000000000000000000000000000000000000000000000000000000000000000000101000000000
